dataset,signature_id,time_window,time_label,pathway,tier,pathway_method,paired_n,spearman_rho,p_value,fisher_z,fisher_z_se,overlap_status,primary_independent_rule,fdr_within_dataset_signature_window_tier
GSE110487,SIG001,T2,T48,HALLMARK_ADIPOGENESIS,HALLMARK_SECONDARY,SSGSEA_RANK_WALK,31,-0.31693548387096776,0.08235011032018762,-0.32823669915920534,0.1889822365046136,NO_KNOWN_OVERLAP,INCLUDE_PRIMARY_INDEPENDENT,0.41192909186662985
GSE110487,SIG001,T2,T48,HALLMARK_ALLOGRAFT_REJECTION,PRESET_PRIMARY,SSGSEA_RANK_WALK,31,-0.31854838709677424,0.08071696866759322,-0.33003072798709004,0.1889822365046136,NO_KNOWN_OVERLAP,INCLUDE_PRIMARY_INDEPENDENT,0.726452718008339
GSE110487,SIG001,T2,T48,HALLMARK_ANDROGEN_RESPONSE,HALLMARK_SECONDARY,SSGSEA_RANK_WALK,31,-0.24475806451612908,0.18449431543516437,-0.24982916102903546,0.1889822365046136,NO_KNOWN_OVERLAP,INCLUDE_PRIMARY_INDEPENDENT,0.48433454115236885
GSE110487,SIG001,T2,T48,HALLMARK_ANGIOGENESIS,HALLMARK_SECONDARY,SSGSEA_RANK_WALK,31,-0.03508064516129032,0.8513849469419635,-0.03509504648138354,0.1889822365046136,NO_KNOWN_OVERLAP,INCLUDE_PRIMARY_INDEPENDENT,0.9164044631981741
GSE110487,SIG001,T2,T48,HALLMARK_APICAL_JUNCTION,HALLMARK_SECONDARY,SSGSEA_RANK_WALK,31,-0.1532258064516129,0.41054049416218064,-0.15444214005119195,0.1889822365046136,NO_KNOWN_OVERLAP,INCLUDE_PRIMARY_INDEPENDENT,0.6463569552450417
GSE110487,SIG001,T2,T48,HALLMARK_APICAL_SURFACE,HALLMARK_SECONDARY,SSGSEA_RANK_WALK,31,-0.30241935483870974,0.09821205271996687,-0.31218036436243884,0.1889822365046136,NO_KNOWN_OVERLAP,INCLUDE_PRIMARY_INDEPENDENT,0.41192909186662985
GSE110487,SIG001,T2,T48,HALLMARK_APOPTOSIS,PRESET_PRIMARY,SSGSEA_RANK_WALK,31,0.07056451612903226,0.7060160474637789,0.07068198912264517,0.1889822365046136,NO_KNOWN_OVERLAP,INCLUDE_PRIMARY_INDEPENDENT,0.8938021843730026
GSE110487,SIG001,T2,T48,HALLMARK_BILE_ACID_METABOLISM,HALLMARK_SECONDARY,SSGSEA_RANK_WALK,31,-0.20766129032258068,0.2623008771928932,-0.2107259931230941,0.1889822365046136,NO_KNOWN_OVERLAP,INCLUDE_PRIMARY_INDEPENDENT,0.51211123642422
GSE110487,SIG001,T2,T48,HALLMARK_CHOLESTEROL_HOMEOSTASIS,HALLMARK_SECONDARY,SSGSEA_RANK_WALK,31,0.0810483870967742,0.6647035087822124,0.08122655449513752,0.1889822365046136,NO_KNOWN_OVERLAP,INCLUDE_PRIMARY_INDEPENDENT,0.8034500712673062
GSE110487,SIG001,T2,T48,HALLMARK_COAGULATION,PRESET_PRIMARY,SSGSEA_RANK_WALK,31,-0.10403225806451614,0.577569052159681,-0.10441001782440945,0.1889822365046136,NO_KNOWN_OVERLAP,INCLUDE_PRIMARY_INDEPENDENT,0.8938021843730026
GSE110487,SIG001,T2,T48,HALLMARK_COMPLEMENT,PRESET_PRIMARY,SSGSEA_RANK_WALK,31,-0.1342741935483871,0.47142898795379495,-0.1350900053055379,0.1889822365046136,NO_KNOWN_OVERLAP,INCLUDE_PRIMARY_INDEPENDENT,0.8938021843730026
GSE110487,SIG001,T2,T48,HALLMARK_DNA_REPAIR,HALLMARK_SECONDARY,SSGSEA_RANK_WALK,31,-0.35080645161290325,0.05299782910025258,-0.3663630834203017,0.1889822365046136,NO_KNOWN_OVERLAP,INCLUDE_PRIMARY_INDEPENDENT,0.41192909186662985
GSE110487,SIG001,T2,T48,HALLMARK_E2F_TARGETS,HALLMARK_SECONDARY,SSGSEA_RANK_WALK,31,-0.12016129032258066,0.5196558831397389,-0.12074467846063648,0.1889822365046136,NO_KNOWN_OVERLAP,INCLUDE_PRIMARY_INDEPENDENT,0.734685903749286
GSE110487,SIG001,T2,T48,HALLMARK_EPITHELIAL_MESENCHYMAL_TRANSITION,HALLMARK_SECONDARY,SSGSEA_RANK_WALK,31,-0.21814516129032258,0.23842491443801217,-0.22170776307201007,0.1889822365046136,NO_KNOWN_OVERLAP,INCLUDE_PRIMARY_INDEPENDENT,0.4887710745979249
GSE110487,SIG001,T2,T48,HALLMARK_ESTROGEN_RESPONSE_EARLY,HALLMARK_SECONDARY,SSGSEA_RANK_WALK,31,-0.24233870967741936,0.18900860142531467,-0.2472572495916013,0.1889822365046136,NO_KNOWN_OVERLAP,INCLUDE_PRIMARY_INDEPENDENT,0.48433454115236885
GSE110487,SIG001,T2,T48,HALLMARK_ESTROGEN_RESPONSE_LATE,HALLMARK_SECONDARY,SSGSEA_RANK_WALK,31,-0.22217741935483873,0.22964189356543738,-0.22594543207603707,0.1889822365046136,NO_KNOWN_OVERLAP,INCLUDE_PRIMARY_INDEPENDENT,0.4887710745979249
GSE110487,SIG001,T2,T48,HALLMARK_FATTY_ACID_METABOLISM,HALLMARK_SECONDARY,SSGSEA_RANK_WALK,31,-0.41370967741935494,0.020693843955550663,-0.4400787036938577,0.1889822365046136,NO_KNOWN_OVERLAP,INCLUDE_PRIMARY_INDEPENDENT,0.41192909186662985
GSE110487,SIG001,T2,T48,HALLMARK_G2M_CHECKPOINT,HALLMARK_SECONDARY,SSGSEA_RANK_WALK,31,-0.005645161290322581,0.9759558205230285,-0.005645221257846077,0.1889822365046136,NO_KNOWN_OVERLAP,INCLUDE_PRIMARY_INDEPENDENT,0.9759558205230285
GSE110487,SIG001,T2,T48,HALLMARK_GLYCOLYSIS,HALLMARK_SECONDARY,SSGSEA_RANK_WALK,31,-0.26612903225806456,0.14786929798930423,-0.27269314941572903,0.1889822365046136,NO_KNOWN_OVERLAP,INCLUDE_PRIMARY_INDEPENDENT,0.48433454115236885
GSE110487,SIG001,T2,T48,HALLMARK_HEDGEHOG_SIGNALING,HALLMARK_SECONDARY,SSGSEA_RANK_WALK,31,-0.09112903225806453,0.6258679425734357,-0.09138255706550588,0.1889822365046136,NO_KNOWN_OVERLAP,INCLUDE_PRIMARY_INDEPENDENT,0.8034500712673062
GSE110487,SIG001,T2,T48,HALLMARK_HEME_METABOLISM,HALLMARK_SECONDARY,SSGSEA_RANK_WALK,31,0.06370967741935485,0.7334877907712755,0.06379608550971157,0.1889822365046136,NO_KNOWN_OVERLAP,INCLUDE_PRIMARY_INDEPENDENT,0.8539417379125025
GSE110487,SIG001,T2,T48,HALLMARK_HYPOXIA,HALLMARK_SECONDARY,SSGSEA_RANK_WALK,31,-0.35564516129032264,0.049587322916847976,-0.37189159382117054,0.1889822365046136,NO_KNOWN_OVERLAP,INCLUDE_PRIMARY_INDEPENDENT,0.41192909186662985
GSE110487,SIG001,T2,T48,HALLMARK_IL2_STAT5_SIGNALING,HALLMARK_SECONDARY,SSGSEA_RANK_WALK,31,-0.08064516129032259,0.6662756688558149,-0.08082067577820798,0.1889822365046136,NO_KNOWN_OVERLAP,INCLUDE_PRIMARY_INDEPENDENT,0.8034500712673062
GSE110487,SIG001,T2,T48,HALLMARK_IL6_JAK_STAT3_SIGNALING,HALLMARK_SECONDARY,SSGSEA_RANK_WALK,31,-0.16048387096774194,0.3884526452954692,-0.16188331913619947,0.1889822365046136,NO_KNOWN_OVERLAP,INCLUDE_PRIMARY_INDEPENDENT,0.6370623382845695
GSE110487,SIG001,T2,T48,HALLMARK_INFLAMMATORY_RESPONSE,PRESET_PRIMARY,SSGSEA_RANK_WALK,31,-0.11129032258064517,0.5511544599773006,-0.11175323093037205,0.1889822365046136,NO_KNOWN_OVERLAP,INCLUDE_PRIMARY_INDEPENDENT,0.8938021843730026
GSE110487,SIG001,T2,T48,HALLMARK_INTERFERON_ALPHA_RESPONSE,PRESET_PRIMARY,SSGSEA_RANK_WALK,31,0.025,0.8938021843730026,0.02500521028733069,0.1889822365046136,NO_KNOWN_OVERLAP,INCLUDE_PRIMARY_INDEPENDENT,0.8938021843730026
GSE110487,SIG001,T2,T48,HALLMARK_INTERFERON_GAMMA_RESPONSE,PRESET_PRIMARY,SSGSEA_RANK_WALK,31,0.025403225806451615,0.8920991663631924,0.025408692359318315,0.1889822365046136,NO_KNOWN_OVERLAP,INCLUDE_PRIMARY_INDEPENDENT,0.8938021843730026
GSE110487,SIG001,T2,T48,HALLMARK_KRAS_SIGNALING_DN,HALLMARK_SECONDARY,SSGSEA_RANK_WALK,31,-0.23145161290322586,0.21027620819409884,-0.2357227007822152,0.1889822365046136,NO_KNOWN_OVERLAP,INCLUDE_PRIMARY_INDEPENDENT,0.4887710745979249
GSE110487,SIG001,T2,T48,HALLMARK_KRAS_SIGNALING_UP,HALLMARK_SECONDARY,SSGSEA_RANK_WALK,31,-0.2923387096774194,0.11051756123251046,-0.3011216167274021,0.1889822365046136,NO_KNOWN_OVERLAP,INCLUDE_PRIMARY_INDEPENDENT,0.41192909186662985
GSE110487,SIG001,T2,T48,HALLMARK_MITOTIC_SPINDLE,HALLMARK_SECONDARY,SSGSEA_RANK_WALK,31,-0.05,0.7893805899538378,-0.05004172927849127,0.1889822365046136,NO_KNOWN_OVERLAP,INCLUDE_PRIMARY_INDEPENDENT,0.8747190321110094
GSE110487,SIG001,T2,T48,HALLMARK_MTORC1_SIGNALING,HALLMARK_SECONDARY,SSGSEA_RANK_WALK,31,-0.00846774193548387,0.9639401943189245,-0.008467944330713243,0.1889822365046136,NO_KNOWN_OVERLAP,INCLUDE_PRIMARY_INDEPENDENT,0.9759558205230285
GSE110487,SIG001,T2,T48,HALLMARK_MYC_TARGETS_V1,HALLMARK_SECONDARY,SSGSEA_RANK_WALK,31,-0.16854838709677422,0.36473385370920675,-0.17017222915186125,0.1889822365046136,NO_KNOWN_OVERLAP,INCLUDE_PRIMARY_INDEPENDENT,0.6230870000865615
GSE110487,SIG001,T2,T48,HALLMARK_MYC_TARGETS_V2,HALLMARK_SECONDARY,SSGSEA_RANK_WALK,31,-0.18306451612903227,0.32426197785567756,-0.18515163694714917,0.1889822365046136,NO_KNOWN_OVERLAP,INCLUDE_PRIMARY_INDEPENDENT,0.5780322213949035
GSE110487,SIG001,T2,T48,HALLMARK_MYOGENESIS,HALLMARK_SECONDARY,SSGSEA_RANK_WALK,31,-0.32016129032258067,0.07910884713105035,-0.33182680968463973,0.1889822365046136,NO_KNOWN_OVERLAP,INCLUDE_PRIMARY_INDEPENDENT,0.41192909186662985
GSE110487,SIG001,T2,T48,HALLMARK_NOTCH_SIGNALING,HALLMARK_SECONDARY,SSGSEA_RANK_WALK,31,-0.14838709677419354,0.4256497022345397,-0.14949081385285715,0.1889822365046136,NO_KNOWN_OVERLAP,INCLUDE_PRIMARY_INDEPENDENT,0.6463569552450417
GSE110487,SIG001,T2,T48,HALLMARK_OXIDATIVE_PHOSPHORYLATION,PRESET_PRIMARY,SSGSEA_RANK_WALK,31,-0.0407258064516129,0.8278003705498522,-0.040748344707828094,0.1889822365046136,NO_KNOWN_OVERLAP,INCLUDE_PRIMARY_INDEPENDENT,0.8938021843730026
GSE110487,SIG001,T2,T48,HALLMARK_P53_PATHWAY,HALLMARK_SECONDARY,SSGSEA_RANK_WALK,31,-0.3116935483870968,0.08783339750600863,-0.32242010183945546,0.1889822365046136,NO_KNOWN_OVERLAP,INCLUDE_PRIMARY_INDEPENDENT,0.41192909186662985
GSE110487,SIG001,T2,T48,HALLMARK_PANCREAS_BETA_CELLS,HALLMARK_SECONDARY,SSGSEA_RANK_WALK,31,-0.13024193548387097,0.4849645356869804,-0.13098595238781593,0.1889822365046136,NO_KNOWN_OVERLAP,INCLUDE_PRIMARY_INDEPENDENT,0.7101266415416498
GSE110487,SIG001,T2,T48,HALLMARK_PEROXISOME,HALLMARK_SECONDARY,SSGSEA_RANK_WALK,31,-0.29395161290322586,0.10847487098459546,-0.30288615441200256,0.1889822365046136,NO_KNOWN_OVERLAP,INCLUDE_PRIMARY_INDEPENDENT,0.41192909186662985
GSE110487,SIG001,T2,T48,HALLMARK_PI3K_AKT_MTOR_SIGNALING,HALLMARK_SECONDARY,SSGSEA_RANK_WALK,31,-0.29475806451612907,0.10746419746308655,-0.303769109535456,0.1889822365046136,NO_KNOWN_OVERLAP,INCLUDE_PRIMARY_INDEPENDENT,0.41192909186662985
GSE110487,SIG001,T2,T48,HALLMARK_PROTEIN_SECRETION,HALLMARK_SECONDARY,SSGSEA_RANK_WALK,31,-0.03024193548387097,0.8717018064567997,-0.030251160048971628,0.1889822365046136,NO_KNOWN_OVERLAP,INCLUDE_PRIMARY_INDEPENDENT,0.9164044631981741
GSE110487,SIG001,T2,T48,HALLMARK_REACTIVE_OXYGEN_SPECIES_PATHWAY,HALLMARK_SECONDARY,SSGSEA_RANK_WALK,31,0.059677419354838716,0.7498025015817095,0.05974841606705907,0.1889822365046136,NO_KNOWN_OVERLAP,INCLUDE_PRIMARY_INDEPENDENT,0.8539417379125025
GSE110487,SIG001,T2,T48,HALLMARK_SPERMATOGENESIS,HALLMARK_SECONDARY,SSGSEA_RANK_WALK,31,-0.2967741935483871,0.10496842530252785,-0.305978512914966,0.1889822365046136,NO_KNOWN_OVERLAP,INCLUDE_PRIMARY_INDEPENDENT,0.41192909186662985
GSE110487,SIG001,T2,T48,HALLMARK_TGF_BETA_SIGNALING,HALLMARK_SECONDARY,SSGSEA_RANK_WALK,31,-0.08064516129032259,0.6662756688558149,-0.08082067577820798,0.1889822365046136,NO_KNOWN_OVERLAP,INCLUDE_PRIMARY_INDEPENDENT,0.8034500712673062
GSE110487,SIG001,T2,T48,HALLMARK_TNFA_SIGNALING_VIA_NFKB,PRESET_PRIMARY,SSGSEA_RANK_WALK,31,-0.06572580645161291,0.7253724932373423,-0.06582069508595649,0.1889822365046136,NO_KNOWN_OVERLAP,INCLUDE_PRIMARY_INDEPENDENT,0.8938021843730026
GSE110487,SIG001,T2,T48,HALLMARK_UNFOLDED_PROTEIN_RESPONSE,HALLMARK_SECONDARY,SSGSEA_RANK_WALK,31,-0.08870967741935484,0.6351041874688885,-0.08894347986304445,0.1889822365046136,NO_KNOWN_OVERLAP,INCLUDE_PRIMARY_INDEPENDENT,0.8034500712673062
GSE110487,SIG001,T2,T48,HALLMARK_UV_RESPONSE_DN,HALLMARK_SECONDARY,SSGSEA_RANK_WALK,31,-0.2512096774193549,0.1728271397502235,-0.25670355154783725,0.1889822365046136,NO_KNOWN_OVERLAP,INCLUDE_PRIMARY_INDEPENDENT,0.48433454115236885
GSE110487,SIG001,T2,T48,HALLMARK_UV_RESPONSE_UP,HALLMARK_SECONDARY,SSGSEA_RANK_WALK,31,-0.22137096774193551,0.23138080743046993,-0.22509726429936147,0.1889822365046136,NO_KNOWN_OVERLAP,INCLUDE_PRIMARY_INDEPENDENT,0.4887710745979249
GSE110487,SIG001,T2,T48,HALLMARK_WNT_BETA_CATENIN_SIGNALING,HALLMARK_SECONDARY,SSGSEA_RANK_WALK,31,0.19596774193548389,0.29071626762763747,0.19853578608804692,0.1889822365046136,NO_KNOWN_OVERLAP,INCLUDE_PRIMARY_INDEPENDENT,0.5417894078515062
GSE110487,SIG001,T2,T48,HALLMARK_XENOBIOTIC_METABOLISM,HALLMARK_SECONDARY,SSGSEA_RANK_WALK,31,-0.26048387096774195,0.15698577418947143,-0.26662742908250586,0.1889822365046136,NO_KNOWN_OVERLAP,INCLUDE_PRIMARY_INDEPENDENT,0.48433454115236885
GSE110487,SIG001,T2,T48,Neutrophil degranulation,REACTOME_SUPPLEMENT,SSGSEA_RANK_WALK,31,-0.12983870967741937,0.48632896336453246,-0.1305757905394362,0.1889822365046136,NO_KNOWN_OVERLAP,INCLUDE_PRIMARY_INDEPENDENT,0.9347967683001777
GSE110487,SIG001,T2,T48,TCR signaling,REACTOME_SUPPLEMENT,SSGSEA_RANK_WALK,31,-0.015322580645161293,0.9347967683001777,-0.015323779966821247,0.1889822365046136,NO_KNOWN_OVERLAP,INCLUDE_PRIMARY_INDEPENDENT,0.9347967683001777
GSE110487,SIG002,T2,T48,HALLMARK_ADIPOGENESIS,HALLMARK_SECONDARY,SSGSEA_RANK_WALK,31,-0.14838709677419354,0.4256497022345397,-0.14949081385285715,0.1889822365046136,NO_KNOWN_OVERLAP,INCLUDE_PRIMARY_INDEPENDENT,0.5320028651667614
GSE110487,SIG002,T2,T48,HALLMARK_ALLOGRAFT_REJECTION,PRESET_PRIMARY,SSGSEA_RANK_WALK,31,-0.3685483870967742,0.04133927979879279,-0.3867422846217116,0.1889822365046136,NO_KNOWN_OVERLAP,INCLUDE_PRIMARY_INDEPENDENT,0.18602675909456756
GSE110487,SIG002,T2,T48,HALLMARK_ANDROGEN_RESPONSE,HALLMARK_SECONDARY,SSGSEA_RANK_WALK,31,-0.32217741935483873,0.07713352725830029,-0.3340748217180164,0.1889822365046136,NO_KNOWN_OVERLAP,INCLUDE_PRIMARY_INDEPENDENT,0.4452707297646124
GSE110487,SIG002,T2,T48,HALLMARK_ANGIOGENESIS,HALLMARK_SECONDARY,SSGSEA_RANK_WALK,31,-0.07137096774193549,0.7028070387195458,-0.07149252296956417,0.1889822365046136,NO_KNOWN_OVERLAP,INCLUDE_PRIMARY_INDEPENDENT,0.8004191274305937
GSE110487,SIG002,T2,T48,HALLMARK_APICAL_JUNCTION,HALLMARK_SECONDARY,SSGSEA_RANK_WALK,31,-0.18467741935483872,0.3199432364653571,-0.18682097857670296,0.1889822365046136,NO_KNOWN_OVERLAP,INCLUDE_PRIMARY_INDEPENDENT,0.49899263431382135
GSE110487,SIG002,T2,T48,HALLMARK_APICAL_SURFACE,HALLMARK_SECONDARY,SSGSEA_RANK_WALK,31,-0.20524193548387096,0.2680251540777635,-0.20819892756560882,0.1889822365046136,NO_KNOWN_OVERLAP,INCLUDE_PRIMARY_INDEPENDENT,0.48639728472368615
GSE110487,SIG002,T2,T48,HALLMARK_APOPTOSIS,PRESET_PRIMARY,SSGSEA_RANK_WALK,31,-0.09072580645161292,0.6274035095319996,-0.0909759696719016,0.1889822365046136,NO_KNOWN_OVERLAP,INCLUDE_PRIMARY_INDEPENDENT,0.7058289482234996
GSE110487,SIG002,T2,T48,HALLMARK_BILE_ACID_METABOLISM,HALLMARK_SECONDARY,SSGSEA_RANK_WALK,31,-0.12701612903225806,0.4959347293416866,-0.12770587257630464,0.1889822365046136,NO_KNOWN_OVERLAP,INCLUDE_PRIMARY_INDEPENDENT,0.5939482180339416
GSE110487,SIG002,T2,T48,HALLMARK_CHOLESTEROL_HOMEOSTASIS,HALLMARK_SECONDARY,SSGSEA_RANK_WALK,31,0.002016129032258065,0.9914117186564295,0.002016131763969213,0.1889822365046136,NO_KNOWN_OVERLAP,INCLUDE_PRIMARY_INDEPENDENT,0.9914117186564295
GSE110487,SIG002,T2,T48,HALLMARK_COAGULATION,PRESET_PRIMARY,SSGSEA_RANK_WALK,31,-0.22056451612903227,0.23312855744665079,-0.2242494149066939,0.1889822365046136,NO_KNOWN_OVERLAP,INCLUDE_PRIMARY_INDEPENDENT,0.3752617806832303
GSE110487,SIG002,T2,T48,HALLMARK_COMPLEMENT,PRESET_PRIMARY,SSGSEA_RANK_WALK,31,-0.307258064516129,0.09268723812758559,-0.31751479987571035,0.1889822365046136,NO_KNOWN_OVERLAP,INCLUDE_PRIMARY_INDEPENDENT,0.2780617143827568
GSE110487,SIG002,T2,T48,HALLMARK_DNA_REPAIR,HALLMARK_SECONDARY,SSGSEA_RANK_WALK,31,-0.26008064516129037,0.15765204586475265,-0.2661949008409157,0.1889822365046136,NO_KNOWN_OVERLAP,INCLUDE_PRIMARY_INDEPENDENT,0.48485899179327036
GSE110487,SIG002,T2,T48,HALLMARK_E2F_TARGETS,HALLMARK_SECONDARY,SSGSEA_RANK_WALK,31,-0.17903225806451614,0.3352152290902075,-0.1809827215996279,0.1889822365046136,NO_KNOWN_OVERLAP,INCLUDE_PRIMARY_INDEPENDENT,0.49899263431382135
GSE110487,SIG002,T2,T48,HALLMARK_EPITHELIAL_MESENCHYMAL_TRANSITION,HALLMARK_SECONDARY,SSGSEA_RANK_WALK,31,-0.17701612903225808,0.3407754575801707,-0.178900604022135,0.1889822365046136,NO_KNOWN_OVERLAP,INCLUDE_PRIMARY_INDEPENDENT,0.49899263431382135
GSE110487,SIG002,T2,T48,HALLMARK_ESTROGEN_RESPONSE_EARLY,HALLMARK_SECONDARY,SSGSEA_RANK_WALK,31,-0.2830645161290323,0.12282511613567898,-0.29101039641194115,0.1889822365046136,NO_KNOWN_OVERLAP,INCLUDE_PRIMARY_INDEPENDENT,0.4640540431341934
GSE110487,SIG002,T2,T48,HALLMARK_ESTROGEN_RESPONSE_LATE,HALLMARK_SECONDARY,SSGSEA_RANK_WALK,31,-0.18911290322580646,0.3082514424532381,-0.1914170095213121,0.1889822365046136,NO_KNOWN_OVERLAP,INCLUDE_PRIMARY_INDEPENDENT,0.49899263431382135
GSE110487,SIG002,T2,T48,HALLMARK_FATTY_ACID_METABOLISM,HALLMARK_SECONDARY,SSGSEA_RANK_WALK,31,-0.34314516129032263,0.05877452025163122,-0.3576531147958173,0.1889822365046136,NO_KNOWN_OVERLAP,INCLUDE_PRIMARY_INDEPENDENT,0.4452707297646124
GSE110487,SIG002,T2,T48,HALLMARK_G2M_CHECKPOINT,HALLMARK_SECONDARY,SSGSEA_RANK_WALK,31,-0.03508064516129032,0.8513849469419635,-0.03509504648138354,0.1889822365046136,NO_KNOWN_OVERLAP,INCLUDE_PRIMARY_INDEPENDENT,0.8987139437920394
GSE110487,SIG002,T2,T48,HALLMARK_GLYCOLYSIS,HALLMARK_SECONDARY,SSGSEA_RANK_WALK,31,-0.12379032258064517,0.5070289666143404,-0.12442852361275929,0.1889822365046136,NO_KNOWN_OVERLAP,INCLUDE_PRIMARY_INDEPENDENT,0.5939482180339416
GSE110487,SIG002,T2,T48,HALLMARK_HEDGEHOG_SIGNALING,HALLMARK_SECONDARY,SSGSEA_RANK_WALK,31,-0.24153225806451614,0.19053035608695806,-0.24640065931173502,0.1889822365046136,NO_KNOWN_OVERLAP,INCLUDE_PRIMARY_INDEPENDENT,0.48485899179327036
GSE110487,SIG002,T2,T48,HALLMARK_HEME_METABOLISM,HALLMARK_SECONDARY,SSGSEA_RANK_WALK,31,0.14758064516129032,0.4281974280610519,0.14866630610980736,0.1889822365046136,NO_KNOWN_OVERLAP,INCLUDE_PRIMARY_INDEPENDENT,0.5320028651667614
GSE110487,SIG002,T2,T48,HALLMARK_HYPOXIA,HALLMARK_SECONDARY,SSGSEA_RANK_WALK,31,-0.2818548387096775,0.1245023042555153,-0.2896958388105706,0.1889822365046136,NO_KNOWN_OVERLAP,INCLUDE_PRIMARY_INDEPENDENT,0.4640540431341934
GSE110487,SIG002,T2,T48,HALLMARK_IL2_STAT5_SIGNALING,HALLMARK_SECONDARY,SSGSEA_RANK_WALK,31,-0.15766129032258067,0.3969596036225368,-0.1589874592822491,0.1889822365046136,NO_KNOWN_OVERLAP,INCLUDE_PRIMARY_INDEPENDENT,0.5320028651667614
GSE110487,SIG002,T2,T48,HALLMARK_IL6_JAK_STAT3_SIGNALING,HALLMARK_SECONDARY,SSGSEA_RANK_WALK,31,-0.21411290322580648,0.2474296977251898,-0.21747791448708653,0.1889822365046136,NO_KNOWN_OVERLAP,INCLUDE_PRIMARY_INDEPENDENT,0.48485899179327036
GSE110487,SIG002,T2,T48,HALLMARK_INFLAMMATORY_RESPONSE,PRESET_PRIMARY,SSGSEA_RANK_WALK,31,-0.25000000000000006,0.17497390386838457,-0.2554128118829954,0.1889822365046136,NO_KNOWN_OVERLAP,INCLUDE_PRIMARY_INDEPENDENT,0.3752617806832303
GSE110487,SIG002,T2,T48,HALLMARK_INTERFERON_ALPHA_RESPONSE,PRESET_PRIMARY,SSGSEA_RANK_WALK,31,-0.18588709677419357,0.3167276787932322,-0.1880736601205788,0.1889822365046136,NO_KNOWN_OVERLAP,INCLUDE_PRIMARY_INDEPENDENT,0.40722130130558426
GSE110487,SIG002,T2,T48,HALLMARK_INTERFERON_GAMMA_RESPONSE,PRESET_PRIMARY,SSGSEA_RANK_WALK,31,-0.21290322580645166,0.2501745204554868,-0.21621045904834638,0.1889822365046136,NO_KNOWN_OVERLAP,INCLUDE_PRIMARY_INDEPENDENT,0.3752617806832303
GSE110487,SIG002,T2,T48,HALLMARK_KRAS_SIGNALING_DN,HALLMARK_SECONDARY,SSGSEA_RANK_WALK,31,-0.20322580645161292,0.27285701338158,-0.20609504150791919,0.1889822365046136,NO_KNOWN_OVERLAP,INCLUDE_PRIMARY_INDEPENDENT,0.48639728472368615
GSE110487,SIG002,T2,T48,HALLMARK_KRAS_SIGNALING_UP,HALLMARK_SECONDARY,SSGSEA_RANK_WALK,31,-0.38104838709677424,0.03443564596847131,-0.40128554533751415,0.1889822365046136,NO_KNOWN_OVERLAP,INCLUDE_PRIMARY_INDEPENDENT,0.4452707297646124
GSE110487,SIG002,T2,T48,HALLMARK_MITOTIC_SPINDLE,HALLMARK_SECONDARY,SSGSEA_RANK_WALK,31,-0.30282258064516127,0.09774235531418322,-0.31262424007060385,0.1889822365046136,NO_KNOWN_OVERLAP,INCLUDE_PRIMARY_INDEPENDENT,0.4452707297646124
GSE110487,SIG002,T2,T48,HALLMARK_MTORC1_SIGNALING,HALLMARK_SECONDARY,SSGSEA_RANK_WALK,31,-0.15120967741935487,0.4167989657486697,-0.15237818798681443,0.1889822365046136,NO_KNOWN_OVERLAP,INCLUDE_PRIMARY_INDEPENDENT,0.5320028651667614
GSE110487,SIG002,T2,T48,HALLMARK_MYC_TARGETS_V1,HALLMARK_SECONDARY,SSGSEA_RANK_WALK,31,-0.21895161290322585,0.23665060222315748,-0.22255466568623114,0.1889822365046136,NO_KNOWN_OVERLAP,INCLUDE_PRIMARY_INDEPENDENT,0.48485899179327036
GSE110487,SIG002,T2,T48,HALLMARK_MYC_TARGETS_V2,HALLMARK_SECONDARY,SSGSEA_RANK_WALK,31,-0.2137096774193549,0.24834241043069946,-0.21705535309256452,0.1889822365046136,NO_KNOWN_OVERLAP,INCLUDE_PRIMARY_INDEPENDENT,0.48485899179327036
GSE110487,SIG002,T2,T48,HALLMARK_MYOGENESIS,HALLMARK_SECONDARY,SSGSEA_RANK_WALK,31,-0.23790322580645165,0.1974839427053908,-0.2425503662637774,0.1889822365046136,NO_KNOWN_OVERLAP,INCLUDE_PRIMARY_INDEPENDENT,0.48485899179327036
GSE110487,SIG002,T2,T48,HALLMARK_NOTCH_SIGNALING,HALLMARK_SECONDARY,SSGSEA_RANK_WALK,31,0.03225806451612904,0.8632259438532187,0.03226926056878559,0.1889822365046136,NO_KNOWN_OVERLAP,INCLUDE_PRIMARY_INDEPENDENT,0.8987139437920394
GSE110487,SIG002,T2,T48,HALLMARK_OXIDATIVE_PHOSPHORYLATION,PRESET_PRIMARY,SSGSEA_RANK_WALK,31,0.05725806451612903,0.7596429762524395,0.05732076114581572,0.1889822365046136,NO_KNOWN_OVERLAP,INCLUDE_PRIMARY_INDEPENDENT,0.7596429762524395
GSE110487,SIG002,T2,T48,HALLMARK_P53_PATHWAY,HALLMARK_SECONDARY,SSGSEA_RANK_WALK,31,-0.3310483870967742,0.06889074329695449,-0.3440052208313743,0.1889822365046136,NO_KNOWN_OVERLAP,INCLUDE_PRIMARY_INDEPENDENT,0.4452707297646124
GSE110487,SIG002,T2,T48,HALLMARK_PANCREAS_BETA_CELLS,HALLMARK_SECONDARY,SSGSEA_RANK_WALK,31,-0.046774193548387105,0.8026939061851267,-0.046808349648995905,0.1889822365046136,NO_KNOWN_OVERLAP,INCLUDE_PRIMARY_INDEPENDENT,0.889471625772708
GSE110487,SIG002,T2,T48,HALLMARK_PEROXISOME,HALLMARK_SECONDARY,SSGSEA_RANK_WALK,31,-0.2733870967741936,0.1367192169569039,-0.28052087832365213,0.1889822365046136,NO_KNOWN_OVERLAP,INCLUDE_PRIMARY_INDEPENDENT,0.4671239912694216
GSE110487,SIG002,T2,T48,HALLMARK_PI3K_AKT_MTOR_SIGNALING,HALLMARK_SECONDARY,SSGSEA_RANK_WALK,31,-0.30846774193548393,0.09134369863150149,-0.3188511347690751,0.1889822365046136,NO_KNOWN_OVERLAP,INCLUDE_PRIMARY_INDEPENDENT,0.4452707297646124
GSE110487,SIG002,T2,T48,HALLMARK_PROTEIN_SECRETION,HALLMARK_SECONDARY,SSGSEA_RANK_WALK,31,0.029032258064516134,0.8767940915044288,0.029040419017984428,0.1889822365046136,NO_KNOWN_OVERLAP,INCLUDE_PRIMARY_INDEPENDENT,0.8987139437920394
GSE110487,SIG002,T2,T48,HALLMARK_REACTIVE_OXYGEN_SPECIES_PATHWAY,HALLMARK_SECONDARY,SSGSEA_RANK_WALK,31,0.22338709677419355,0.22705006987972196,0.22721828377520334,0.1889822365046136,NO_KNOWN_OVERLAP,INCLUDE_PRIMARY_INDEPENDENT,0.48485899179327036
GSE110487,SIG002,T2,T48,HALLMARK_SPERMATOGENESIS,HALLMARK_SECONDARY,SSGSEA_RANK_WALK,31,-0.1862903225806452,0.31566030508958254,-0.18849135012391433,0.1889822365046136,NO_KNOWN_OVERLAP,INCLUDE_PRIMARY_INDEPENDENT,0.49899263431382135
GSE110487,SIG002,T2,T48,HALLMARK_TGF_BETA_SIGNALING,HALLMARK_SECONDARY,SSGSEA_RANK_WALK,31,-0.16854838709677422,0.36473385370920675,-0.17017222915186125,0.1889822365046136,NO_KNOWN_OVERLAP,INCLUDE_PRIMARY_INDEPENDENT,0.5156582069681889
GSE110487,SIG002,T2,T48,HALLMARK_TNFA_SIGNALING_VIA_NFKB,PRESET_PRIMARY,SSGSEA_RANK_WALK,31,-0.43306451612903224,0.014952964208320858,-0.46366246817199325,0.1889822365046136,NO_KNOWN_OVERLAP,INCLUDE_PRIMARY_INDEPENDENT,0.13457667787488772
GSE110487,SIG002,T2,T48,HALLMARK_UNFOLDED_PROTEIN_RESPONSE,HALLMARK_SECONDARY,SSGSEA_RANK_WALK,31,-0.3278225806451613,0.07180482424792395,-0.3403866998127852,0.1889822365046136,NO_KNOWN_OVERLAP,INCLUDE_PRIMARY_INDEPENDENT,0.4452707297646124
GSE110487,SIG002,T2,T48,HALLMARK_UV_RESPONSE_DN,HALLMARK_SECONDARY,SSGSEA_RANK_WALK,31,-0.33790322580645166,0.06300427064368244,-0.35172359036900813,0.1889822365046136,NO_KNOWN_OVERLAP,INCLUDE_PRIMARY_INDEPENDENT,0.4452707297646124
GSE110487,SIG002,T2,T48,HALLMARK_UV_RESPONSE_UP,HALLMARK_SECONDARY,SSGSEA_RANK_WALK,31,-0.3951612903225806,0.02779445823156319,-0.41790174048073425,0.1889822365046136,NO_KNOWN_OVERLAP,INCLUDE_PRIMARY_INDEPENDENT,0.4452707297646124
GSE110487,SIG002,T2,T48,HALLMARK_WNT_BETA_CATENIN_SIGNALING,HALLMARK_SECONDARY,SSGSEA_RANK_WALK,31,0.25362903225806455,0.16858970368252707,0.25928754874262816,0.1889822365046136,NO_KNOWN_OVERLAP,INCLUDE_PRIMARY_INDEPENDENT,0.48485899179327036
GSE110487,SIG002,T2,T48,HALLMARK_XENOBIOTIC_METABOLISM,HALLMARK_SECONDARY,SSGSEA_RANK_WALK,31,-0.22620967741935488,0.22107952744785542,-0.2301910958348324,0.1889822365046136,NO_KNOWN_OVERLAP,INCLUDE_PRIMARY_INDEPENDENT,0.48485899179327036
GSE110487,SIG002,T2,T48,Neutrophil degranulation,REACTOME_SUPPLEMENT,SSGSEA_RANK_WALK,31,-0.08024193548387097,0.6678492189226026,-0.08041482363011036,0.1889822365046136,NO_KNOWN_OVERLAP,INCLUDE_PRIMARY_INDEPENDENT,0.8127148311998212
GSE110487,SIG002,T2,T48,TCR signaling,REACTOME_SUPPLEMENT,SSGSEA_RANK_WALK,31,0.04435483870967742,0.8127148311998212,0.04438396028220328,0.1889822365046136,NO_KNOWN_OVERLAP,INCLUDE_PRIMARY_INDEPENDENT,0.8127148311998212
GSE110487,SIG003,T2,T48,HALLMARK_ADIPOGENESIS,HALLMARK_SECONDARY,SSGSEA_RANK_WALK,31,-0.16814516129032261,0.3658990087628755,-0.16975724234904932,0.1889822365046136,NO_KNOWN_OVERLAP,INCLUDE_PRIMARY_INDEPENDENT,0.7373579645319065
GSE110487,SIG003,T2,T48,HALLMARK_ALLOGRAFT_REJECTION,PRESET_PRIMARY,SSGSEA_RANK_WALK,31,-0.3705645161290323,0.04015630925522297,-0.389077314590342,0.1889822365046136,NO_KNOWN_OVERLAP,INCLUDE_PRIMARY_INDEPENDENT,0.193689970822762
GSE110487,SIG003,T2,T48,HALLMARK_ANDROGEN_RESPONSE,HALLMARK_SECONDARY,SSGSEA_RANK_WALK,31,-0.3056451612903226,0.09450192924994572,-0.31573472462495217,0.1889822365046136,NO_KNOWN_OVERLAP,INCLUDE_PRIMARY_INDEPENDENT,0.43050878880530824
GSE110487,SIG003,T2,T48,HALLMARK_ANGIOGENESIS,HALLMARK_SECONDARY,SSGSEA_RANK_WALK,31,0.05887096774193549,0.7530784607607368,0.058939121008120106,0.1889822365046136,NO_KNOWN_OVERLAP,INCLUDE_PRIMARY_INDEPENDENT,0.9091753146710829
GSE110487,SIG003,T2,T48,HALLMARK_APICAL_JUNCTION,HALLMARK_SECONDARY,SSGSEA_RANK_WALK,31,-0.2814516129032258,0.12506510866701134,-0.28925786953295335,0.1889822365046136,NO_KNOWN_OVERLAP,INCLUDE_PRIMARY_INDEPENDENT,0.5078129200256692
GSE110487,SIG003,T2,T48,HALLMARK_APICAL_SURFACE,HALLMARK_SECONDARY,SSGSEA_RANK_WALK,31,-0.1,0.5924832830158485,-0.10033534773107558,0.1889822365046136,NO_KNOWN_OVERLAP,INCLUDE_PRIMARY_INDEPENDENT,0.8376487794361996
GSE110487,SIG003,T2,T48,HALLMARK_APOPTOSIS,PRESET_PRIMARY,SSGSEA_RANK_WALK,31,-0.15685483870967742,0.39940956458872723,-0.1581605582763656,0.1889822365046136,NO_KNOWN_OVERLAP,INCLUDE_PRIMARY_INDEPENDENT,0.718937216259709
GSE110487,SIG003,T2,T48,HALLMARK_BILE_ACID_METABOLISM,HALLMARK_SECONDARY,SSGSEA_RANK_WALK,31,-0.14798387096774193,0.42692251600323894,-0.1490785348309904,0.1889822365046136,NO_KNOWN_OVERLAP,INCLUDE_PRIMARY_INDEPENDENT,0.761035789397078
GSE110487,SIG003,T2,T48,HALLMARK_CHOLESTEROL_HOMEOSTASIS,HALLMARK_SECONDARY,SSGSEA_RANK_WALK,31,-0.03024193548387097,0.8717018064567997,-0.030251160048971628,0.1889822365046136,NO_KNOWN_OVERLAP,INCLUDE_PRIMARY_INDEPENDENT,0.9441826516834443
GSE110487,SIG003,T2,T48,HALLMARK_COAGULATION,PRESET_PRIMARY,SSGSEA_RANK_WALK,31,0.00806451612903226,0.9656562979054862,0.008064690964941815,0.1889822365046136,NO_KNOWN_OVERLAP,INCLUDE_PRIMARY_INDEPENDENT,0.9656562979054863
GSE110487,SIG003,T2,T48,HALLMARK_COMPLEMENT,PRESET_PRIMARY,SSGSEA_RANK_WALK,31,-0.16975806451612904,0.3612515851458483,-0.1714175385468073,0.1889822365046136,NO_KNOWN_OVERLAP,INCLUDE_PRIMARY_INDEPENDENT,0.718937216259709
GSE110487,SIG003,T2,T48,HALLMARK_DNA_REPAIR,HALLMARK_SECONDARY,SSGSEA_RANK_WALK,31,-0.13870967741935486,0.4567710138270421,-0.1396096992665236,0.1889822365046136,NO_KNOWN_OVERLAP,INCLUDE_PRIMARY_INDEPENDENT,0.7803171486211969
GSE110487,SIG003,T2,T48,HALLMARK_E2F_TARGETS,HALLMARK_SECONDARY,SSGSEA_RANK_WALK,31,-0.1641129032258065,0.37767115256512285,-0.1656105336135778,0.1889822365046136,NO_KNOWN_OVERLAP,INCLUDE_PRIMARY_INDEPENDENT,0.7373579645319065
GSE110487,SIG003,T2,T48,HALLMARK_EPITHELIAL_MESENCHYMAL_TRANSITION,HALLMARK_SECONDARY,SSGSEA_RANK_WALK,31,-0.05524193548387097,0.7678716935426563,-0.055298232011175105,0.1889822365046136,NO_KNOWN_OVERLAP,INCLUDE_PRIMARY_INDEPENDENT,0.9091753146710829
GSE110487,SIG003,T2,T48,HALLMARK_ESTROGEN_RESPONSE_EARLY,HALLMARK_SECONDARY,SSGSEA_RANK_WALK,31,-0.3520161290322581,0.05212829617112575,-0.367743190364358,0.1889822365046136,NO_KNOWN_OVERLAP,INCLUDE_PRIMARY_INDEPENDENT,0.3225609519255867
GSE110487,SIG003,T2,T48,HALLMARK_ESTROGEN_RESPONSE_LATE,HALLMARK_SECONDARY,SSGSEA_RANK_WALK,31,-0.053225806451612914,0.7761252686216561,-0.053276154724167316,0.1889822365046136,NO_KNOWN_OVERLAP,INCLUDE_PRIMARY_INDEPENDENT,0.9091753146710829
GSE110487,SIG003,T2,T48,HALLMARK_FATTY_ACID_METABOLISM,HALLMARK_SECONDARY,SSGSEA_RANK_WALK,31,-0.12500000000000003,0.5028542101272221,-0.12565721414045306,0.1889822365046136,NO_KNOWN_OVERLAP,INCLUDE_PRIMARY_INDEPENDENT,0.8219909699812248
GSE110487,SIG003,T2,T48,HALLMARK_G2M_CHECKPOINT,HALLMARK_SECONDARY,SSGSEA_RANK_WALK,31,-0.11653225806451614,0.5324345462815203,-0.11706409178774768,0.1889822365046136,NO_KNOWN_OVERLAP,INCLUDE_PRIMARY_INDEPENDENT,0.8219909699812248
GSE110487,SIG003,T2,T48,HALLMARK_GLYCOLYSIS,HALLMARK_SECONDARY,SSGSEA_RANK_WALK,31,0.014112903225806453,0.9399347744299826,0.014113840312433592,0.1889822365046136,NO_KNOWN_OVERLAP,INCLUDE_PRIMARY_INDEPENDENT,0.9862591419390376
GSE110487,SIG003,T2,T48,HALLMARK_HEDGEHOG_SIGNALING,HALLMARK_SECONDARY,SSGSEA_RANK_WALK,31,-0.2580645161290323,0.16101385269106586,-0.2640337151002484,0.1889822365046136,NO_KNOWN_OVERLAP,INCLUDE_PRIMARY_INDEPENDENT,0.5078129200256692
GSE110487,SIG003,T2,T48,HALLMARK_HEME_METABOLISM,HALLMARK_SECONDARY,SSGSEA_RANK_WALK,31,-0.029435483870967744,0.8750961161944117,-0.02944398972920594,0.1889822365046136,NO_KNOWN_OVERLAP,INCLUDE_PRIMARY_INDEPENDENT,0.9441826516834443
GSE110487,SIG003,T2,T48,HALLMARK_HYPOXIA,HALLMARK_SECONDARY,SSGSEA_RANK_WALK,31,-0.192741935483871,0.29888728197452197,-0.19518334169778964,0.1889822365046136,NO_KNOWN_OVERLAP,INCLUDE_PRIMARY_INDEPENDENT,0.7373579645319065
GSE110487,SIG003,T2,T48,HALLMARK_IL2_STAT5_SIGNALING,HALLMARK_SECONDARY,SSGSEA_RANK_WALK,31,-0.2,0.2807046476465547,-0.2027325540540822,0.1889822365046136,NO_KNOWN_OVERLAP,INCLUDE_PRIMARY_INDEPENDENT,0.7373579645319065
GSE110487,SIG003,T2,T48,HALLMARK_IL6_JAK_STAT3_SIGNALING,HALLMARK_SECONDARY,SSGSEA_RANK_WALK,31,-0.07177419354838711,0.7012044094745088,-0.07189782499568136,0.1889822365046136,NO_KNOWN_OVERLAP,INCLUDE_PRIMARY_INDEPENDENT,0.9091753146710829
GSE110487,SIG003,T2,T48,HALLMARK_INFLAMMATORY_RESPONSE,PRESET_PRIMARY,SSGSEA_RANK_WALK,31,-0.07096774193548387,0.7044109201080131,-0.0710872443902713,0.1889822365046136,NO_KNOWN_OVERLAP,INCLUDE_PRIMARY_INDEPENDENT,0.7924622851215147
GSE110487,SIG003,T2,T48,HALLMARK_INTERFERON_ALPHA_RESPONSE,PRESET_PRIMARY,SSGSEA_RANK_WALK,31,0.07580645161290324,0.6852483330342398,0.07595216460044209,0.1889822365046136,NO_KNOWN_OVERLAP,INCLUDE_PRIMARY_INDEPENDENT,0.7924622851215147
GSE110487,SIG003,T2,T48,HALLMARK_INTERFERON_GAMMA_RESPONSE,PRESET_PRIMARY,SSGSEA_RANK_WALK,31,-0.11048387096774194,0.5540614012210079,-0.1109367397375762,0.1889822365046136,NO_KNOWN_OVERLAP,INCLUDE_PRIMARY_INDEPENDENT,0.7924622851215147
GSE110487,SIG003,T2,T48,HALLMARK_KRAS_SIGNALING_DN,HALLMARK_SECONDARY,SSGSEA_RANK_WALK,31,-0.15201612903225808,0.4142892077160375,-0.15320361326403667,0.1889822365046136,NO_KNOWN_OVERLAP,INCLUDE_PRIMARY_INDEPENDENT,0.761035789397078
GSE110487,SIG003,T2,T48,HALLMARK_KRAS_SIGNALING_UP,HALLMARK_SECONDARY,SSGSEA_RANK_WALK,31,-0.26411290322580644,0.15108009530230543,-0.27052459352521463,0.1889822365046136,NO_KNOWN_OVERLAP,INCLUDE_PRIMARY_INDEPENDENT,0.5078129200256692
GSE110487,SIG003,T2,T48,HALLMARK_MITOTIC_SPINDLE,HALLMARK_SECONDARY,SSGSEA_RANK_WALK,31,-0.3806451612903226,0.03464274759240261,-0.40081391177700765,0.1889822365046136,NO_KNOWN_OVERLAP,INCLUDE_PRIMARY_INDEPENDENT,0.3225609519255867
GSE110487,SIG003,T2,T48,HALLMARK_MTORC1_SIGNALING,HALLMARK_SECONDARY,SSGSEA_RANK_WALK,31,-0.11330645161290324,0.5439183508187508,-0.11379511068769664,0.1889822365046136,NO_KNOWN_OVERLAP,INCLUDE_PRIMARY_INDEPENDENT,0.8219909699812248
GSE110487,SIG003,T2,T48,HALLMARK_MYC_TARGETS_V1,HALLMARK_SECONDARY,SSGSEA_RANK_WALK,31,-0.10846774193548388,0.5613596868164462,-0.10889615365389972,0.1889822365046136,NO_KNOWN_OVERLAP,INCLUDE_PRIMARY_INDEPENDENT,0.8219909699812248
GSE110487,SIG003,T2,T48,HALLMARK_MYC_TARGETS_V2,HALLMARK_SECONDARY,SSGSEA_RANK_WALK,31,-0.4044354838709678,0.024029539557076093,-0.42894049391731076,0.1889822365046136,NO_KNOWN_OVERLAP,INCLUDE_PRIMARY_INDEPENDENT,0.3225609519255867
GSE110487,SIG003,T2,T48,HALLMARK_MYOGENESIS,HALLMARK_SECONDARY,SSGSEA_RANK_WALK,31,-0.26612903225806456,0.14786929798930423,-0.27269314941572903,0.1889822365046136,NO_KNOWN_OVERLAP,INCLUDE_PRIMARY_INDEPENDENT,0.5078129200256692
GSE110487,SIG003,T2,T48,HALLMARK_NOTCH_SIGNALING,HALLMARK_SECONDARY,SSGSEA_RANK_WALK,31,-0.17701612903225808,0.3407754575801707,-0.178900604022135,0.1889822365046136,NO_KNOWN_OVERLAP,INCLUDE_PRIMARY_INDEPENDENT,0.7373579645319065
GSE110487,SIG003,T2,T48,HALLMARK_OXIDATIVE_PHOSPHORYLATION,PRESET_PRIMARY,SSGSEA_RANK_WALK,31,0.36572580645161296,0.04304221573839155,0.38347997487974694,0.1889822365046136,NO_KNOWN_OVERLAP,INCLUDE_PRIMARY_INDEPENDENT,0.193689970822762
GSE110487,SIG003,T2,T48,HALLMARK_P53_PATHWAY,HALLMARK_SECONDARY,SSGSEA_RANK_WALK,31,-0.36491935483870974,0.043538942507719815,-0.38254931704332107,0.1889822365046136,NO_KNOWN_OVERLAP,INCLUDE_PRIMARY_INDEPENDENT,0.3225609519255867
GSE110487,SIG003,T2,T48,HALLMARK_PANCREAS_BETA_CELLS,HALLMARK_SECONDARY,SSGSEA_RANK_WALK,31,-0.0032258064516129037,0.9862591419390376,-0.0032258176407443362,0.1889822365046136,NO_KNOWN_OVERLAP,INCLUDE_PRIMARY_INDEPENDENT,0.9862591419390376
GSE110487,SIG003,T2,T48,HALLMARK_PEROXISOME,HALLMARK_SECONDARY,SSGSEA_RANK_WALK,31,-0.18830645161290324,0.31035705005966163,-0.19058077854895164,0.1889822365046136,NO_KNOWN_OVERLAP,INCLUDE_PRIMARY_INDEPENDENT,0.7373579645319065
GSE110487,SIG003,T2,T48,HALLMARK_PI3K_AKT_MTOR_SIGNALING,HALLMARK_SECONDARY,SSGSEA_RANK_WALK,31,-0.33709677419354844,0.06367562309909644,-0.35081347031953025,0.1889822365046136,NO_KNOWN_OVERLAP,INCLUDE_PRIMARY_INDEPENDENT,0.32633756838286926
GSE110487,SIG003,T2,T48,HALLMARK_PROTEIN_SECRETION,HALLMARK_SECONDARY,SSGSEA_RANK_WALK,31,0.22016129032258067,0.23400574887892492,0.22382560916753083,0.1889822365046136,NO_KNOWN_OVERLAP,INCLUDE_PRIMARY_INDEPENDENT,0.6853025502882801
GSE110487,SIG003,T2,T48,HALLMARK_REACTIVE_OXYGEN_SPECIES_PATHWAY,HALLMARK_SECONDARY,SSGSEA_RANK_WALK,31,0.06290322580645162,0.7367418811700881,0.062986388825298,0.1889822365046136,NO_KNOWN_OVERLAP,INCLUDE_PRIMARY_INDEPENDENT,0.9091753146710829
GSE110487,SIG003,T2,T48,HALLMARK_SPERMATOGENESIS,HALLMARK_SECONDARY,SSGSEA_RANK_WALK,31,-0.037096774193548385,0.8429463276027261,-0.037113805422508646,0.1889822365046136,NO_KNOWN_OVERLAP,INCLUDE_PRIMARY_INDEPENDENT,0.9441826516834443
GSE110487,SIG003,T2,T48,HALLMARK_TGF_BETA_SIGNALING,HALLMARK_SECONDARY,SSGSEA_RANK_WALK,31,-0.42298387096774204,0.01774996577345879,-0.4513205220594097,0.1889822365046136,NO_KNOWN_OVERLAP,INCLUDE_PRIMARY_INDEPENDENT,0.3225609519255867
GSE110487,SIG003,T2,T48,HALLMARK_TNFA_SIGNALING_VIA_NFKB,PRESET_PRIMARY,SSGSEA_RANK_WALK,31,-0.26532258064516134,0.1491476373274151,-0.2718254277365372,0.1889822365046136,NO_KNOWN_OVERLAP,INCLUDE_PRIMARY_INDEPENDENT,0.44744291198224523
GSE110487,SIG003,T2,T48,HALLMARK_UNFOLDED_PROTEIN_RESPONSE,HALLMARK_SECONDARY,SSGSEA_RANK_WALK,31,-0.3479838709677419,0.05507138203607578,-0.36314801342149583,0.1889822365046136,NO_KNOWN_OVERLAP,INCLUDE_PRIMARY_INDEPENDENT,0.3225609519255867
GSE110487,SIG003,T2,T48,HALLMARK_UV_RESPONSE_DN,HALLMARK_SECONDARY,SSGSEA_RANK_WALK,31,-0.1653225806451613,0.3741165296942002,-0.16685394742353155,0.1889822365046136,NO_KNOWN_OVERLAP,INCLUDE_PRIMARY_INDEPENDENT,0.7373579645319065
GSE110487,SIG003,T2,T48,HALLMARK_UV_RESPONSE_UP,HALLMARK_SECONDARY,SSGSEA_RANK_WALK,31,-0.4391129032258065,0.013458671315386824,-0.4711312657833588,0.1889822365046136,NO_KNOWN_OVERLAP,INCLUDE_PRIMARY_INDEPENDENT,0.3225609519255867
GSE110487,SIG003,T2,T48,HALLMARK_WNT_BETA_CATENIN_SIGNALING,HALLMARK_SECONDARY,SSGSEA_RANK_WALK,31,0.008870967741935484,0.9622242489424588,0.00887120045043816,0.1889822365046136,NO_KNOWN_OVERLAP,INCLUDE_PRIMARY_INDEPENDENT,0.9862591419390376
GSE110487,SIG003,T2,T48,HALLMARK_XENOBIOTIC_METABOLISM,HALLMARK_SECONDARY,SSGSEA_RANK_WALK,31,-0.07540322580645163,0.6868381044342642,-0.07554662066205493,0.1889822365046136,NO_KNOWN_OVERLAP,INCLUDE_PRIMARY_INDEPENDENT,0.9091753146710829
GSE110487,SIG003,T2,T48,Neutrophil degranulation,REACTOME_SUPPLEMENT,SSGSEA_RANK_WALK,31,-0.18387096774193548,0.322098133241914,-0.18598617966352501,0.1889822365046136,NO_KNOWN_OVERLAP,INCLUDE_PRIMARY_INDEPENDENT,0.322098133241914
GSE110487,SIG003,T2,T48,TCR signaling,REACTOME_SUPPLEMENT,SSGSEA_RANK_WALK,31,-0.28790322580645167,0.11628323502043882,-0.2962784738055263,0.1889822365046136,NO_KNOWN_OVERLAP,INCLUDE_PRIMARY_INDEPENDENT,0.23256647004087763
GSE110487,SIG004,T2,T48,HALLMARK_ADIPOGENESIS,HALLMARK_SECONDARY,SSGSEA_RANK_WALK,31,0.19838709677419356,0.2846823443722704,0.20105300931056522,0.1889822365046136,NO_KNOWN_OVERLAP,INCLUDE_PRIMARY_INDEPENDENT,0.4322954118245588
GSE110487,SIG004,T2,T48,HALLMARK_ALLOGRAFT_REJECTION,PRESET_PRIMARY,SSGSEA_RANK_WALK,31,0.38709677419354843,0.03144752186915124,0.40838056826356106,0.1889822365046136,NO_KNOWN_OVERLAP,INCLUDE_PRIMARY_INDEPENDENT,0.1415138484111806
GSE110487,SIG004,T2,T48,HALLMARK_ANDROGEN_RESPONSE,HALLMARK_SECONDARY,SSGSEA_RANK_WALK,31,0.41895161290322586,0.01898409527910195,0.44641977066103156,0.1889822365046136,NO_KNOWN_OVERLAP,INCLUDE_PRIMARY_INDEPENDENT,0.1332311239135857
GSE110487,SIG004,T2,T48,HALLMARK_ANGIOGENESIS,HALLMARK_SECONDARY,SSGSEA_RANK_WALK,31,0.12096774193548387,0.5168366857852991,0.12156302545077403,0.1889822365046136,NO_KNOWN_OVERLAP,INCLUDE_PRIMARY_INDEPENDENT,0.5902238659353907
GSE110487,SIG004,T2,T48,HALLMARK_APICAL_JUNCTION,HALLMARK_SECONDARY,SSGSEA_RANK_WALK,31,0.33548387096774196,0.0650351051212259,0.34899490251786663,0.1889822365046136,NO_KNOWN_OVERLAP,INCLUDE_PRIMARY_INDEPENDENT,0.22220327583085517
GSE110487,SIG004,T2,T48,HALLMARK_APICAL_SURFACE,HALLMARK_SECONDARY,SSGSEA_RANK_WALK,31,0.2584677419354839,0.16033742308928525,0.2644657588332292,0.1889822365046136,NO_KNOWN_OVERLAP,INCLUDE_PRIMARY_INDEPENDENT,0.3858215699473639
GSE110487,SIG004,T2,T48,HALLMARK_APOPTOSIS,PRESET_PRIMARY,SSGSEA_RANK_WALK,31,0.2459677419354839,0.18226574721175368,0.25111633002157946,0.1889822365046136,NO_KNOWN_OVERLAP,INCLUDE_PRIMARY_INDEPENDENT,0.23434167498654043
GSE110487,SIG004,T2,T48,HALLMARK_BILE_ACID_METABOLISM,HALLMARK_SECONDARY,SSGSEA_RANK_WALK,31,0.16048387096774194,0.3884526452954692,0.16188331913619947,0.1889822365046136,NO_KNOWN_OVERLAP,INCLUDE_PRIMARY_INDEPENDENT,0.4977049517848199
GSE110487,SIG004,T2,T48,HALLMARK_CHOLESTEROL_HOMEOSTASIS,HALLMARK_SECONDARY,SSGSEA_RANK_WALK,31,0.08750000000000001,0.6397426728359816,0.0877243387530963,0.1889822365046136,NO_KNOWN_OVERLAP,INCLUDE_PRIMARY_INDEPENDENT,0.708904042872304
GSE110487,SIG004,T2,T48,HALLMARK_COAGULATION,PRESET_PRIMARY,SSGSEA_RANK_WALK,31,0.12016129032258066,0.5196558831397389,0.12074467846063648,0.1889822365046136,NO_KNOWN_OVERLAP,INCLUDE_PRIMARY_INDEPENDENT,0.5846128685322063
GSE110487,SIG004,T2,T48,HALLMARK_COMPLEMENT,PRESET_PRIMARY,SSGSEA_RANK_WALK,31,0.3584677419354839,0.04767984598325517,0.3751266075343831,0.1889822365046136,NO_KNOWN_OVERLAP,INCLUDE_PRIMARY_INDEPENDENT,0.1430395379497655
GSE110487,SIG004,T2,T48,HALLMARK_DNA_REPAIR,HALLMARK_SECONDARY,SSGSEA_RANK_WALK,31,0.13750000000000004,0.46074439929770183,0.1383765009597954,0.1889822365046136,NO_KNOWN_OVERLAP,INCLUDE_PRIMARY_INDEPENDENT,0.5556035403295816
GSE110487,SIG004,T2,T48,HALLMARK_E2F_TARGETS,HALLMARK_SECONDARY,SSGSEA_RANK_WALK,31,0.2919354838709678,0.1110326996236229,0.30068076699659396,0.1889822365046136,NO_KNOWN_OVERLAP,INCLUDE_PRIMARY_INDEPENDENT,0.3501800526591184
GSE110487,SIG004,T2,T48,HALLMARK_EPITHELIAL_MESENCHYMAL_TRANSITION,HALLMARK_SECONDARY,SSGSEA_RANK_WALK,31,0.20040322580645165,0.27971583716398724,0.20315261624799025,0.1889822365046136,NO_KNOWN_OVERLAP,INCLUDE_PRIMARY_INDEPENDENT,0.4322954118245588
GSE110487,SIG004,T2,T48,HALLMARK_ESTROGEN_RESPONSE_EARLY,HALLMARK_SECONDARY,SSGSEA_RANK_WALK,31,0.40524193548387105,0.023722989712769697,0.42990502721035206,0.1889822365046136,NO_KNOWN_OVERLAP,INCLUDE_PRIMARY_INDEPENDENT,0.13632945748450503
GSE110487,SIG004,T2,T48,HALLMARK_ESTROGEN_RESPONSE_LATE,HALLMARK_SECONDARY,SSGSEA_RANK_WALK,31,0.1536290322580645,0.40929517833582896,0.15485508661473862,0.1889822365046136,NO_KNOWN_OVERLAP,INCLUDE_PRIMARY_INDEPENDENT,0.5085182518717875
GSE110487,SIG004,T2,T48,HALLMARK_FATTY_ACID_METABOLISM,HALLMARK_SECONDARY,SSGSEA_RANK_WALK,31,0.18185483870967745,0.3275245107693264,0.18390030044253886,0.1889822365046136,NO_KNOWN_OVERLAP,INCLUDE_PRIMARY_INDEPENDENT,0.4611579446619779
GSE110487,SIG004,T2,T48,HALLMARK_G2M_CHECKPOINT,HALLMARK_SECONDARY,SSGSEA_RANK_WALK,31,0.20322580645161292,0.27285701338158,0.20609504150791919,0.1889822365046136,NO_KNOWN_OVERLAP,INCLUDE_PRIMARY_INDEPENDENT,0.4322954118245588
GSE110487,SIG004,T2,T48,HALLMARK_GLYCOLYSIS,HALLMARK_SECONDARY,SSGSEA_RANK_WALK,31,0.04637096774193549,0.8043619731869771,0.046404247336977844,0.1889822365046136,NO_KNOWN_OVERLAP,INCLUDE_PRIMARY_INDEPENDENT,0.8043619731869772
GSE110487,SIG004,T2,T48,HALLMARK_HEDGEHOG_SIGNALING,HALLMARK_SECONDARY,SSGSEA_RANK_WALK,31,0.24233870967741936,0.18900860142531467,0.2472572495916013,0.1889822365046136,NO_KNOWN_OVERLAP,INCLUDE_PRIMARY_INDEPENDENT,0.3858215699473639
GSE110487,SIG004,T2,T48,HALLMARK_HEME_METABOLISM,HALLMARK_SECONDARY,SSGSEA_RANK_WALK,31,-0.23548387096774195,0.20221622670700387,-0.2399874240227574,0.1889822365046136,NO_KNOWN_OVERLAP,INCLUDE_PRIMARY_INDEPENDENT,0.3858215699473639
GSE110487,SIG004,T2,T48,HALLMARK_HYPOXIA,HALLMARK_SECONDARY,SSGSEA_RANK_WALK,31,0.25766129032258067,0.1616923214352559,0.2636017676873627,0.1889822365046136,NO_KNOWN_OVERLAP,INCLUDE_PRIMARY_INDEPENDENT,0.3858215699473639
GSE110487,SIG004,T2,T48,HALLMARK_IL2_STAT5_SIGNALING,HALLMARK_SECONDARY,SSGSEA_RANK_WALK,31,0.23306451612903228,0.20702620826443913,0.23742757169183604,0.1889822365046136,NO_KNOWN_OVERLAP,INCLUDE_PRIMARY_INDEPENDENT,0.3858215699473639
GSE110487,SIG004,T2,T48,HALLMARK_IL6_JAK_STAT3_SIGNALING,HALLMARK_SECONDARY,SSGSEA_RANK_WALK,31,0.12056451612903227,0.5182453456993674,0.12115383177043736,0.1889822365046136,NO_KNOWN_OVERLAP,INCLUDE_PRIMARY_INDEPENDENT,0.5902238659353907
GSE110487,SIG004,T2,T48,HALLMARK_INFLAMMATORY_RESPONSE,PRESET_PRIMARY,SSGSEA_RANK_WALK,31,0.2588709677419355,0.15966303012682573,0.26489789907987255,0.1889822365046136,NO_KNOWN_OVERLAP,INCLUDE_PRIMARY_INDEPENDENT,0.23434167498654043
GSE110487,SIG004,T2,T48,HALLMARK_INTERFERON_ALPHA_RESPONSE,PRESET_PRIMARY,SSGSEA_RANK_WALK,31,0.07540322580645163,0.6868381044342642,0.07554662066205493,0.1889822365046136,NO_KNOWN_OVERLAP,INCLUDE_PRIMARY_INDEPENDENT,0.6868381044342642
GSE110487,SIG004,T2,T48,HALLMARK_INTERFERON_GAMMA_RESPONSE,PRESET_PRIMARY,SSGSEA_RANK_WALK,31,0.24798387096774194,0.1785936053713657,0.2532634265203903,0.1889822365046136,NO_KNOWN_OVERLAP,INCLUDE_PRIMARY_INDEPENDENT,0.23434167498654043
GSE110487,SIG004,T2,T48,HALLMARK_KRAS_SIGNALING_DN,HALLMARK_SECONDARY,SSGSEA_RANK_WALK,31,0.23790322580645165,0.1974839427053908,0.2425503662637774,0.1889822365046136,NO_KNOWN_OVERLAP,INCLUDE_PRIMARY_INDEPENDENT,0.3858215699473639
GSE110487,SIG004,T2,T48,HALLMARK_KRAS_SIGNALING_UP,HALLMARK_SECONDARY,SSGSEA_RANK_WALK,31,0.3544354838709678,0.050423141750356254,0.3705074383077891,0.1889822365046136,NO_KNOWN_OVERLAP,INCLUDE_PRIMARY_INDEPENDENT,0.20673488117646066
GSE110487,SIG004,T2,T48,HALLMARK_MITOTIC_SPINDLE,HALLMARK_SECONDARY,SSGSEA_RANK_WALK,31,0.39798387096774196,0.02660086975307415,0.4212510740729165,0.1889822365046136,NO_KNOWN_OVERLAP,INCLUDE_PRIMARY_INDEPENDENT,0.13632945748450503
GSE110487,SIG004,T2,T48,HALLMARK_MTORC1_SIGNALING,HALLMARK_SECONDARY,SSGSEA_RANK_WALK,31,0.267741935483871,0.14533643981524094,0.2744297971939293,0.1889822365046136,NO_KNOWN_OVERLAP,INCLUDE_PRIMARY_INDEPENDENT,0.3858215699473639
GSE110487,SIG004,T2,T48,HALLMARK_MYC_TARGETS_V1,HALLMARK_SECONDARY,SSGSEA_RANK_WALK,31,0.2056451612903226,0.2670655075690904,0.208619922326349,0.1889822365046136,NO_KNOWN_OVERLAP,INCLUDE_PRIMARY_INDEPENDENT,0.4322954118245588
GSE110487,SIG004,T2,T48,HALLMARK_MYC_TARGETS_V2,HALLMARK_SECONDARY,SSGSEA_RANK_WALK,31,0.38709677419354843,0.03144752186915124,0.40838056826356106,0.1889822365046136,NO_KNOWN_OVERLAP,INCLUDE_PRIMARY_INDEPENDENT,0.1432609329594668
GSE110487,SIG004,T2,T48,HALLMARK_MYOGENESIS,HALLMARK_SECONDARY,SSGSEA_RANK_WALK,31,0.2512096774193549,0.1728271397502235,0.25670355154783725,0.1889822365046136,NO_KNOWN_OVERLAP,INCLUDE_PRIMARY_INDEPENDENT,0.3858215699473639
GSE110487,SIG004,T2,T48,HALLMARK_NOTCH_SIGNALING,HALLMARK_SECONDARY,SSGSEA_RANK_WALK,31,0.2516129032258065,0.17211571434023892,0.2571339839784818,0.1889822365046136,NO_KNOWN_OVERLAP,INCLUDE_PRIMARY_INDEPENDENT,0.3858215699473639
GSE110487,SIG004,T2,T48,HALLMARK_OXIDATIVE_PHOSPHORYLATION,PRESET_PRIMARY,SSGSEA_RANK_WALK,31,-0.3149193548387097,0.08442707316481986,-0.3259970270586936,0.1889822365046136,NO_KNOWN_OVERLAP,INCLUDE_PRIMARY_INDEPENDENT,0.1899609146208447
GSE110487,SIG004,T2,T48,HALLMARK_P53_PATHWAY,HALLMARK_SECONDARY,SSGSEA_RANK_WALK,31,0.5185483870967742,0.0028029406724288286,0.5743522076322751,0.1889822365046136,NO_KNOWN_OVERLAP,INCLUDE_PRIMARY_INDEPENDENT,0.0644786987947956
GSE110487,SIG004,T2,T48,HALLMARK_PANCREAS_BETA_CELLS,HALLMARK_SECONDARY,SSGSEA_RANK_WALK,31,-0.07620967741935485,0.6836598807274448,-0.0763577334755143,0.1889822365046136,NO_KNOWN_OVERLAP,INCLUDE_PRIMARY_INDEPENDENT,0.7376330292059272
GSE110487,SIG004,T2,T48,HALLMARK_PEROXISOME,HALLMARK_SECONDARY,SSGSEA_RANK_WALK,31,0.17822580645161293,0.33743264243559357,0.18014968926398736,0.1889822365046136,NO_KNOWN_OVERLAP,INCLUDE_PRIMARY_INDEPENDENT,0.4611579446619779
GSE110487,SIG004,T2,T48,HALLMARK_PI3K_AKT_MTOR_SIGNALING,HALLMARK_SECONDARY,SSGSEA_RANK_WALK,31,0.4173387096774194,0.019497237645890588,0.4444651018491164,0.1889822365046136,NO_KNOWN_OVERLAP,INCLUDE_PRIMARY_INDEPENDENT,0.1332311239135857
GSE110487,SIG004,T2,T48,HALLMARK_PROTEIN_SECRETION,HALLMARK_SECONDARY,SSGSEA_RANK_WALK,31,-0.2270161290322581,0.21939342327301325,-0.2310412034256633,0.1889822365046136,NO_KNOWN_OVERLAP,INCLUDE_PRIMARY_INDEPENDENT,0.39109262409537143
GSE110487,SIG004,T2,T48,HALLMARK_REACTIVE_OXYGEN_SPECIES_PATHWAY,HALLMARK_SECONDARY,SSGSEA_RANK_WALK,31,-0.18387096774193548,0.322098133241914,-0.18598617966352501,0.1889822365046136,NO_KNOWN_OVERLAP,INCLUDE_PRIMARY_INDEPENDENT,0.4611579446619779
GSE110487,SIG004,T2,T48,HALLMARK_SPERMATOGENESIS,HALLMARK_SECONDARY,SSGSEA_RANK_WALK,31,0.06854838709677422,0.7140601565637583,0.06865605773221437,0.1889822365046136,NO_KNOWN_OVERLAP,INCLUDE_PRIMARY_INDEPENDENT,0.7506786261311306
GSE110487,SIG004,T2,T48,HALLMARK_TGF_BETA_SIGNALING,HALLMARK_SECONDARY,SSGSEA_RANK_WALK,31,0.44032258064516133,0.013175331931674888,0.47263090046482004,0.1889822365046136,NO_KNOWN_OVERLAP,INCLUDE_PRIMARY_INDEPENDENT,0.1332311239135857
GSE110487,SIG004,T2,T48,HALLMARK_TNFA_SIGNALING_VIA_NFKB,PRESET_PRIMARY,SSGSEA_RANK_WALK,31,0.5580645161290323,0.0011054131551958275,0.6300178639122239,0.1889822365046136,NO_KNOWN_OVERLAP,INCLUDE_PRIMARY_INDEPENDENT,0.009948718396762448
GSE110487,SIG004,T2,T48,HALLMARK_UNFOLDED_PROTEIN_RESPONSE,HALLMARK_SECONDARY,SSGSEA_RANK_WALK,31,0.4508064516129033,0.010922337972892734,0.48571196390051047,0.1889822365046136,NO_KNOWN_OVERLAP,INCLUDE_PRIMARY_INDEPENDENT,0.1332311239135857
GSE110487,SIG004,T2,T48,HALLMARK_UV_RESPONSE_DN,HALLMARK_SECONDARY,SSGSEA_RANK_WALK,31,0.3463709677419355,0.05628470717918548,0.3613140591039892,0.1889822365046136,NO_KNOWN_OVERLAP,INCLUDE_PRIMARY_INDEPENDENT,0.20978845403150953
GSE110487,SIG004,T2,T48,HALLMARK_UV_RESPONSE_UP,HALLMARK_SECONDARY,SSGSEA_RANK_WALK,31,0.5133064516129032,0.003145302380233932,0.5672087890187446,0.1889822365046136,NO_KNOWN_OVERLAP,INCLUDE_PRIMARY_INDEPENDENT,0.0644786987947956
GSE110487,SIG004,T2,T48,HALLMARK_WNT_BETA_CATENIN_SIGNALING,HALLMARK_SECONDARY,SSGSEA_RANK_WALK,31,0.06008064516129033,0.7481661196966578,0.06015309284706205,0.1889822365046136,NO_KNOWN_OVERLAP,INCLUDE_PRIMARY_INDEPENDENT,0.7668702726890743
GSE110487,SIG004,T2,T48,HALLMARK_XENOBIOTIC_METABOLISM,HALLMARK_SECONDARY,SSGSEA_RANK_WALK,31,0.1629032258064516,0.38124541004978496,0.1643676270595302,0.1889822365046136,NO_KNOWN_OVERLAP,INCLUDE_PRIMARY_INDEPENDENT,0.4977049517848199
GSE110487,SIG004,T2,T48,Neutrophil degranulation,REACTOME_SUPPLEMENT,SSGSEA_RANK_WALK,31,0.36088709677419356,0.046091764242495475,0.3779054584976246,0.1889822365046136,NO_KNOWN_OVERLAP,INCLUDE_PRIMARY_INDEPENDENT,0.09218352848499095
GSE110487,SIG004,T2,T48,TCR signaling,REACTOME_SUPPLEMENT,SSGSEA_RANK_WALK,31,0.25604838709677424,0.1644266374742317,0.261874937373463,0.1889822365046136,NO_KNOWN_OVERLAP,INCLUDE_PRIMARY_INDEPENDENT,0.1644266374742317
GSE110487,SIG022,T2,T48,HALLMARK_ADIPOGENESIS,HALLMARK_SECONDARY,SSGSEA_RANK_WALK,31,-0.10524193548387097,0.5731276749168948,-0.10563308668509594,0.1889822365046136,NO_KNOWN_OVERLAP,INCLUDE_PRIMARY_INDEPENDENT,0.8896449823168389
GSE110487,SIG022,T2,T48,HALLMARK_ALLOGRAFT_REJECTION,PRESET_PRIMARY,SSGSEA_RANK_WALK,31,0.09072580645161292,0.6274035095319996,0.0909759696719016,0.1889822365046136,NO_KNOWN_OVERLAP,INCLUDE_PRIMARY_INDEPENDENT,0.7058289482234996
GSE110487,SIG022,T2,T48,HALLMARK_ANDROGEN_RESPONSE,HALLMARK_SECONDARY,SSGSEA_RANK_WALK,31,0.25282258064516133,0.1699938939428776,0.25842584155384385,0.1889822365046136,NO_KNOWN_OVERLAP,INCLUDE_PRIMARY_INDEPENDENT,0.8896449823168389
GSE110487,SIG022,T2,T48,HALLMARK_ANGIOGENESIS,HALLMARK_SECONDARY,SSGSEA_RANK_WALK,31,-0.16008064516129034,0.38966144240989276,-0.16146946114528798,0.1889822365046136,NO_KNOWN_OVERLAP,INCLUDE_PRIMARY_INDEPENDENT,0.8896449823168389
GSE110487,SIG022,T2,T48,HALLMARK_APICAL_JUNCTION,HALLMARK_SECONDARY,SSGSEA_RANK_WALK,31,0.16895161290322583,0.3635708971558915,0.17058727401559826,0.1889822365046136,NO_KNOWN_OVERLAP,INCLUDE_PRIMARY_INDEPENDENT,0.8896449823168389
GSE110487,SIG022,T2,T48,HALLMARK_APICAL_SURFACE,HALLMARK_SECONDARY,SSGSEA_RANK_WALK,31,0.07056451612903226,0.7060160474637789,0.07068198912264517,0.1889822365046136,NO_KNOWN_OVERLAP,INCLUDE_PRIMARY_INDEPENDENT,0.9337631595488688
GSE110487,SIG022,T2,T48,HALLMARK_APOPTOSIS,PRESET_PRIMARY,SSGSEA_RANK_WALK,31,0.2754032258064516,0.1337340112377837,0.28270116826104486,0.1889822365046136,NO_KNOWN_OVERLAP,INCLUDE_PRIMARY_INDEPENDENT,0.3009015252850133
GSE110487,SIG022,T2,T48,HALLMARK_BILE_ACID_METABOLISM,HALLMARK_SECONDARY,SSGSEA_RANK_WALK,31,0.052822580645161286,0.7777788926510589,0.05287179202010803,0.1889822365046136,NO_KNOWN_OVERLAP,INCLUDE_PRIMARY_INDEPENDENT,0.9360579846986584
GSE110487,SIG022,T2,T48,HALLMARK_CHOLESTEROL_HOMEOSTASIS,HALLMARK_SECONDARY,SSGSEA_RANK_WALK,31,0.11048387096774194,0.5540614012210079,0.1109367397375762,0.1889822365046136,NO_KNOWN_OVERLAP,INCLUDE_PRIMARY_INDEPENDENT,0.8896449823168389
GSE110487,SIG022,T2,T48,HALLMARK_COAGULATION,PRESET_PRIMARY,SSGSEA_RANK_WALK,31,-0.27822580645161293,0.12963533908689412,-0.28575798401826286,0.1889822365046136,NO_KNOWN_OVERLAP,INCLUDE_PRIMARY_INDEPENDENT,0.3009015252850133
GSE110487,SIG022,T2,T48,HALLMARK_COMPLEMENT,PRESET_PRIMARY,SSGSEA_RANK_WALK,31,-0.16895161290322583,0.3635708971558915,-0.17058727401559826,0.1889822365046136,NO_KNOWN_OVERLAP,INCLUDE_PRIMARY_INDEPENDENT,0.5453563457338373
GSE110487,SIG022,T2,T48,HALLMARK_DNA_REPAIR,HALLMARK_SECONDARY,SSGSEA_RANK_WALK,31,-0.29435483870967744,0.10796864769303649,-0.30332757460325094,0.1889822365046136,NO_KNOWN_OVERLAP,INCLUDE_PRIMARY_INDEPENDENT,0.8896449823168389
GSE110487,SIG022,T2,T48,HALLMARK_E2F_TARGETS,HALLMARK_SECONDARY,SSGSEA_RANK_WALK,31,0.1407258064516129,0.45018943773581577,0.14166596960147504,0.1889822365046136,NO_KNOWN_OVERLAP,INCLUDE_PRIMARY_INDEPENDENT,0.8896449823168389
GSE110487,SIG022,T2,T48,HALLMARK_EPITHELIAL_MESENCHYMAL_TRANSITION,HALLMARK_SECONDARY,SSGSEA_RANK_WALK,31,0.03024193548387097,0.8717018064567997,0.030251160048971628,0.1889822365046136,NO_KNOWN_OVERLAP,INCLUDE_PRIMARY_INDEPENDENT,0.9360579846986584
GSE110487,SIG022,T2,T48,HALLMARK_ESTROGEN_RESPONSE_EARLY,HALLMARK_SECONDARY,SSGSEA_RANK_WALK,31,0.18225806451612905,0.3264347652272521,0.18431734914773418,0.1889822365046136,NO_KNOWN_OVERLAP,INCLUDE_PRIMARY_INDEPENDENT,0.8896449823168389
GSE110487,SIG022,T2,T48,HALLMARK_ESTROGEN_RESPONSE_LATE,HALLMARK_SECONDARY,SSGSEA_RANK_WALK,31,-0.05604838709677419,0.7645771768166629,-0.05610718850840056,0.1889822365046136,NO_KNOWN_OVERLAP,INCLUDE_PRIMARY_INDEPENDENT,0.9360579846986584
GSE110487,SIG022,T2,T48,HALLMARK_FATTY_ACID_METABOLISM,HALLMARK_SECONDARY,SSGSEA_RANK_WALK,31,-0.07620967741935485,0.6836598807274448,-0.0763577334755143,0.1889822365046136,NO_KNOWN_OVERLAP,INCLUDE_PRIMARY_INDEPENDENT,0.9337631595488688
GSE110487,SIG022,T2,T48,HALLMARK_G2M_CHECKPOINT,HALLMARK_SECONDARY,SSGSEA_RANK_WALK,31,0.18750000000000003,0.31247162755420493,0.1897448108524519,0.1889822365046136,NO_KNOWN_OVERLAP,INCLUDE_PRIMARY_INDEPENDENT,0.8896449823168389
GSE110487,SIG022,T2,T48,HALLMARK_GLYCOLYSIS,HALLMARK_SECONDARY,SSGSEA_RANK_WALK,31,-0.16693548387096774,0.3694076505625091,-0.16851262875592266,0.1889822365046136,NO_KNOWN_OVERLAP,INCLUDE_PRIMARY_INDEPENDENT,0.8896449823168389
GSE110487,SIG022,T2,T48,HALLMARK_HEDGEHOG_SIGNALING,HALLMARK_SECONDARY,SSGSEA_RANK_WALK,31,0.12217741935483874,0.5126220106327443,0.1227908501456717,0.1889822365046136,NO_KNOWN_OVERLAP,INCLUDE_PRIMARY_INDEPENDENT,0.8896449823168389
GSE110487,SIG022,T2,T48,HALLMARK_HEME_METABOLISM,HALLMARK_SECONDARY,SSGSEA_RANK_WALK,31,0.305241935483871,0.09495978699131152,0.3152900086991574,0.1889822365046136,NO_KNOWN_OVERLAP,INCLUDE_PRIMARY_INDEPENDENT,0.8896449823168389
GSE110487,SIG022,T2,T48,HALLMARK_HYPOXIA,HALLMARK_SECONDARY,SSGSEA_RANK_WALK,31,-0.03266129032258065,0.8615325286372387,-0.032672911679915345,0.1889822365046136,NO_KNOWN_OVERLAP,INCLUDE_PRIMARY_INDEPENDENT,0.9360579846986584
GSE110487,SIG022,T2,T48,HALLMARK_IL2_STAT5_SIGNALING,HALLMARK_SECONDARY,SSGSEA_RANK_WALK,31,0.13790322580645165,0.459417907855204,0.13878752041388442,0.1889822365046136,NO_KNOWN_OVERLAP,INCLUDE_PRIMARY_INDEPENDENT,0.8896449823168389
GSE110487,SIG022,T2,T48,HALLMARK_IL6_JAK_STAT3_SIGNALING,HALLMARK_SECONDARY,SSGSEA_RANK_WALK,31,-0.22540322580645164,0.22277440722193506,-0.22934131507411823,0.1889822365046136,NO_KNOWN_OVERLAP,INCLUDE_PRIMARY_INDEPENDENT,0.8896449823168389
GSE110487,SIG022,T2,T48,HALLMARK_INFLAMMATORY_RESPONSE,PRESET_PRIMARY,SSGSEA_RANK_WALK,31,-0.06572580645161291,0.7253724932373423,-0.06582069508595649,0.1889822365046136,NO_KNOWN_OVERLAP,INCLUDE_PRIMARY_INDEPENDENT,0.7253724932373423
GSE110487,SIG022,T2,T48,HALLMARK_INTERFERON_ALPHA_RESPONSE,PRESET_PRIMARY,SSGSEA_RANK_WALK,31,0.10201612903225808,0.585005244249445,0.10237225933535021,0.1889822365046136,NO_KNOWN_OVERLAP,INCLUDE_PRIMARY_INDEPENDENT,0.7058289482234996
GSE110487,SIG022,T2,T48,HALLMARK_INTERFERON_GAMMA_RESPONSE,PRESET_PRIMARY,SSGSEA_RANK_WALK,31,0.29637096774193555,0.10546406037100456,0.30553640101759616,0.1889822365046136,NO_KNOWN_OVERLAP,INCLUDE_PRIMARY_INDEPENDENT,0.3009015252850133
GSE110487,SIG022,T2,T48,HALLMARK_KRAS_SIGNALING_DN,HALLMARK_SECONDARY,SSGSEA_RANK_WALK,31,-0.00040322580645161296,0.9982823135694543,-0.00040322582830525094,0.1889822365046136,NO_KNOWN_OVERLAP,INCLUDE_PRIMARY_INDEPENDENT,0.9982823135694543
GSE110487,SIG022,T2,T48,HALLMARK_KRAS_SIGNALING_UP,HALLMARK_SECONDARY,SSGSEA_RANK_WALK,31,0.02580645161290323,0.8903966195914068,0.0258121827026536,0.1889822365046136,NO_KNOWN_OVERLAP,INCLUDE_PRIMARY_INDEPENDENT,0.9360579846986584
GSE110487,SIG022,T2,T48,HALLMARK_MITOTIC_SPINDLE,HALLMARK_SECONDARY,SSGSEA_RANK_WALK,31,0.3366935483870968,0.06401339094437125,0.3503586197102453,0.1889822365046136,NO_KNOWN_OVERLAP,INCLUDE_PRIMARY_INDEPENDENT,0.8896449823168389
GSE110487,SIG022,T2,T48,HALLMARK_MTORC1_SIGNALING,HALLMARK_SECONDARY,SSGSEA_RANK_WALK,31,0.0435483870967742,0.8160616883210121,0.04357594775158756,0.1889822365046136,NO_KNOWN_OVERLAP,INCLUDE_PRIMARY_INDEPENDENT,0.9360579846986584
GSE110487,SIG022,T2,T48,HALLMARK_MYC_TARGETS_V1,HALLMARK_SECONDARY,SSGSEA_RANK_WALK,31,-0.09596774193548388,0.607562426948085,-0.0962639955394919,0.1889822365046136,NO_KNOWN_OVERLAP,INCLUDE_PRIMARY_INDEPENDENT,0.8896449823168389
GSE110487,SIG022,T2,T48,HALLMARK_MYC_TARGETS_V2,HALLMARK_SECONDARY,SSGSEA_RANK_WALK,31,0.03790322580645162,0.8395756029347446,0.03792139274910528,0.1889822365046136,NO_KNOWN_OVERLAP,INCLUDE_PRIMARY_INDEPENDENT,0.9360579846986584
GSE110487,SIG022,T2,T48,HALLMARK_MYOGENESIS,HALLMARK_SECONDARY,SSGSEA_RANK_WALK,31,0.1495967741935484,0.42184387561797,0.1507279542169487,0.1889822365046136,NO_KNOWN_OVERLAP,INCLUDE_PRIMARY_INDEPENDENT,0.8896449823168389
GSE110487,SIG022,T2,T48,HALLMARK_NOTCH_SIGNALING,HALLMARK_SECONDARY,SSGSEA_RANK_WALK,31,-0.05161290322580646,0.7827454610710354,-0.05165880701401303,0.1889822365046136,NO_KNOWN_OVERLAP,INCLUDE_PRIMARY_INDEPENDENT,0.9360579846986584
GSE110487,SIG022,T2,T48,HALLMARK_OXIDATIVE_PHOSPHORYLATION,PRESET_PRIMARY,SSGSEA_RANK_WALK,31,-0.4983870967741937,0.004324068321463571,-0.5471579133173023,0.1889822365046136,NO_KNOWN_OVERLAP,INCLUDE_PRIMARY_INDEPENDENT,0.03891661489317214
GSE110487,SIG022,T2,T48,HALLMARK_P53_PATHWAY,HALLMARK_SECONDARY,SSGSEA_RANK_WALK,31,0.13790322580645165,0.459417907855204,0.13878752041388442,0.1889822365046136,NO_KNOWN_OVERLAP,INCLUDE_PRIMARY_INDEPENDENT,0.8896449823168389
GSE110487,SIG022,T2,T48,HALLMARK_PANCREAS_BETA_CELLS,HALLMARK_SECONDARY,SSGSEA_RANK_WALK,31,-0.17983870967741938,0.33300672811998067,-0.18181600248578222,0.1889822365046136,NO_KNOWN_OVERLAP,INCLUDE_PRIMARY_INDEPENDENT,0.8896449823168389
GSE110487,SIG022,T2,T48,HALLMARK_PEROXISOME,HALLMARK_SECONDARY,SSGSEA_RANK_WALK,31,-0.07661290322580645,0.6820727535087435,-0.07676332742300494,0.1889822365046136,NO_KNOWN_OVERLAP,INCLUDE_PRIMARY_INDEPENDENT,0.9337631595488688
GSE110487,SIG022,T2,T48,HALLMARK_PI3K_AKT_MTOR_SIGNALING,HALLMARK_SECONDARY,SSGSEA_RANK_WALK,31,0.17782258064516132,0.3385446890499191,0.17973326590664293,0.1889822365046136,NO_KNOWN_OVERLAP,INCLUDE_PRIMARY_INDEPENDENT,0.8896449823168389
GSE110487,SIG022,T2,T48,HALLMARK_PROTEIN_SECRETION,HALLMARK_SECONDARY,SSGSEA_RANK_WALK,31,-0.14435483870967744,0.4384719550239963,-0.1453702692730298,0.1889822365046136,NO_KNOWN_OVERLAP,INCLUDE_PRIMARY_INDEPENDENT,0.8896449823168389
GSE110487,SIG022,T2,T48,HALLMARK_REACTIVE_OXYGEN_SPECIES_PATHWAY,HALLMARK_SECONDARY,SSGSEA_RANK_WALK,31,-0.10524193548387097,0.5731276749168948,-0.10563308668509594,0.1889822365046136,NO_KNOWN_OVERLAP,INCLUDE_PRIMARY_INDEPENDENT,0.8896449823168389
GSE110487,SIG022,T2,T48,HALLMARK_SPERMATOGENESIS,HALLMARK_SECONDARY,SSGSEA_RANK_WALK,31,-0.11088709677419356,0.5526070423345822,-0.11134496685303426,0.1889822365046136,NO_KNOWN_OVERLAP,INCLUDE_PRIMARY_INDEPENDENT,0.8896449823168389
GSE110487,SIG022,T2,T48,HALLMARK_TGF_BETA_SIGNALING,HALLMARK_SECONDARY,SSGSEA_RANK_WALK,31,0.292741935483871,0.11000421247813971,0.301562580118685,0.1889822365046136,NO_KNOWN_OVERLAP,INCLUDE_PRIMARY_INDEPENDENT,0.8896449823168389
GSE110487,SIG022,T2,T48,HALLMARK_TNFA_SIGNALING_VIA_NFKB,PRESET_PRIMARY,SSGSEA_RANK_WALK,31,0.21411290322580648,0.2474296977251898,0.21747791448708653,0.1889822365046136,NO_KNOWN_OVERLAP,INCLUDE_PRIMARY_INDEPENDENT,0.44537345590534166
GSE110487,SIG022,T2,T48,HALLMARK_UNFOLDED_PROTEIN_RESPONSE,HALLMARK_SECONDARY,SSGSEA_RANK_WALK,31,0.22943548387096774,0.21438765275572907,0.23359350137399087,0.1889822365046136,NO_KNOWN_OVERLAP,INCLUDE_PRIMARY_INDEPENDENT,0.8896449823168389
GSE110487,SIG022,T2,T48,HALLMARK_UV_RESPONSE_DN,HALLMARK_SECONDARY,SSGSEA_RANK_WALK,31,0.00403225806451613,0.982824379813206,0.00403227991836521,0.1889822365046136,NO_KNOWN_OVERLAP,INCLUDE_PRIMARY_INDEPENDENT,0.9982823135694543
GSE110487,SIG022,T2,T48,HALLMARK_UV_RESPONSE_UP,HALLMARK_SECONDARY,SSGSEA_RANK_WALK,31,0.2516129032258065,0.17211571434023892,0.2571339839784818,0.1889822365046136,NO_KNOWN_OVERLAP,INCLUDE_PRIMARY_INDEPENDENT,0.8896449823168389
GSE110487,SIG022,T2,T48,HALLMARK_WNT_BETA_CATENIN_SIGNALING,HALLMARK_SECONDARY,SSGSEA_RANK_WALK,31,-0.0995967741935484,0.5939838584151786,-0.09992806550271534,0.1889822365046136,NO_KNOWN_OVERLAP,INCLUDE_PRIMARY_INDEPENDENT,0.8896449823168389
GSE110487,SIG022,T2,T48,HALLMARK_XENOBIOTIC_METABOLISM,HALLMARK_SECONDARY,SSGSEA_RANK_WALK,31,-0.15806451612903227,0.39573785082035695,-0.15940099058279275,0.1889822365046136,NO_KNOWN_OVERLAP,INCLUDE_PRIMARY_INDEPENDENT,0.8896449823168389
GSE110487,SIG022,T2,T48,Neutrophil degranulation,REACTOME_SUPPLEMENT,SSGSEA_RANK_WALK,31,-0.0068548387096774195,0.970805482704083,-0.006854946079617653,0.1889822365046136,NO_KNOWN_OVERLAP,INCLUDE_PRIMARY_INDEPENDENT,0.970805482704083
GSE110487,SIG022,T2,T48,TCR signaling,REACTOME_SUPPLEMENT,SSGSEA_RANK_WALK,31,0.22217741935483873,0.22964189356543738,0.22594543207603707,0.1889822365046136,NO_KNOWN_OVERLAP,INCLUDE_PRIMARY_INDEPENDENT,0.45928378713087475
GSE110487,SIG023,T2,T48,HALLMARK_ADIPOGENESIS,HALLMARK_SECONDARY,SSGSEA_RANK_WALK,31,0.04314516129032259,0.8177363133138841,0.043171962875132794,0.1889822365046136,NO_KNOWN_OVERLAP,INCLUDE_PRIMARY_INDEPENDENT,0.9144016455222722
GSE110487,SIG023,T2,T48,HALLMARK_ALLOGRAFT_REJECTION,PRESET_PRIMARY,SSGSEA_RANK_WALK,31,-0.27903225806451615,0.1284814393844876,-0.28663231351063956,0.1889822365046136,NO_KNOWN_OVERLAP,INCLUDE_PRIMARY_INDEPENDENT,0.1927221590767314
GSE110487,SIG023,T2,T48,HALLMARK_ANDROGEN_RESPONSE,HALLMARK_SECONDARY,SSGSEA_RANK_WALK,31,-0.11491935483870967,0.5381618885371391,-0.11542929422358171,0.1889822365046136,NO_KNOWN_OVERLAP,INCLUDE_PRIMARY_INDEPENDENT,0.9144016455222722
GSE110487,SIG023,T2,T48,HALLMARK_ANGIOGENESIS,HALLMARK_SECONDARY,SSGSEA_RANK_WALK,31,-0.040322580645161296,0.8294803654882583,-0.04034445562507137,0.1889822365046136,NO_KNOWN_OVERLAP,INCLUDE_PRIMARY_INDEPENDENT,0.9144016455222722
GSE110487,SIG023,T2,T48,HALLMARK_APICAL_JUNCTION,HALLMARK_SECONDARY,SSGSEA_RANK_WALK,31,-0.14879032258064517,0.42437898926127526,-0.14990314332479385,0.1889822365046136,NO_KNOWN_OVERLAP,INCLUDE_PRIMARY_INDEPENDENT,0.9144016455222722
GSE110487,SIG023,T2,T48,HALLMARK_APICAL_SURFACE,HALLMARK_SECONDARY,SSGSEA_RANK_WALK,31,-0.15725806451612906,0.39818350888121823,-0.15857398189740507,0.1889822365046136,NO_KNOWN_OVERLAP,INCLUDE_PRIMARY_INDEPENDENT,0.9144016455222722
GSE110487,SIG023,T2,T48,HALLMARK_APOPTOSIS,PRESET_PRIMARY,SSGSEA_RANK_WALK,31,-0.3008064516129033,0.10010792901689018,-0.3104060506723336,0.1889822365046136,NO_KNOWN_OVERLAP,INCLUDE_PRIMARY_INDEPENDENT,0.18019427223040232
GSE110487,SIG023,T2,T48,HALLMARK_BILE_ACID_METABOLISM,HALLMARK_SECONDARY,SSGSEA_RANK_WALK,31,-0.10040322580645164,0.5909843569018906,-0.10074266313790302,0.1889822365046136,NO_KNOWN_OVERLAP,INCLUDE_PRIMARY_INDEPENDENT,0.9144016455222722
GSE110487,SIG023,T2,T48,HALLMARK_CHOLESTEROL_HOMEOSTASIS,HALLMARK_SECONDARY,SSGSEA_RANK_WALK,31,-0.11693548387096775,0.5310072924025729,-0.11747288818541886,0.1889822365046136,NO_KNOWN_OVERLAP,INCLUDE_PRIMARY_INDEPENDENT,0.9144016455222722
GSE110487,SIG023,T2,T48,HALLMARK_COAGULATION,PRESET_PRIMARY,SSGSEA_RANK_WALK,31,0.07580645161290324,0.6852483330342398,0.07595216460044209,0.1889822365046136,NO_KNOWN_OVERLAP,INCLUDE_PRIMARY_INDEPENDENT,0.6852483330342398
GSE110487,SIG023,T2,T48,HALLMARK_COMPLEMENT,PRESET_PRIMARY,SSGSEA_RANK_WALK,31,-0.13185483870967743,0.479526526029906,-0.13262703949875973,0.1889822365046136,NO_KNOWN_OVERLAP,INCLUDE_PRIMARY_INDEPENDENT,0.5394673417836442
GSE110487,SIG023,T2,T48,HALLMARK_DNA_REPAIR,HALLMARK_SECONDARY,SSGSEA_RANK_WALK,31,-0.06733870967741935,0.7189011751841445,-0.06744076999783105,0.1889822365046136,NO_KNOWN_OVERLAP,INCLUDE_PRIMARY_INDEPENDENT,0.9144016455222722
GSE110487,SIG023,T2,T48,HALLMARK_E2F_TARGETS,HALLMARK_SECONDARY,SSGSEA_RANK_WALK,31,-0.31854838709677424,0.08071696866759322,-0.33003072798709004,0.1889822365046136,NO_KNOWN_OVERLAP,INCLUDE_PRIMARY_INDEPENDENT,0.7622558114674268
GSE110487,SIG023,T2,T48,HALLMARK_EPITHELIAL_MESENCHYMAL_TRANSITION,HALLMARK_SECONDARY,SSGSEA_RANK_WALK,31,-0.08346774193548387,0.6553000621050752,-0.08366239238147402,0.1889822365046136,NO_KNOWN_OVERLAP,INCLUDE_PRIMARY_INDEPENDENT,0.9144016455222722
GSE110487,SIG023,T2,T48,HALLMARK_ESTROGEN_RESPONSE_EARLY,HALLMARK_SECONDARY,SSGSEA_RANK_WALK,31,-0.21411290322580648,0.2474296977251898,-0.21747791448708653,0.1889822365046136,NO_KNOWN_OVERLAP,INCLUDE_PRIMARY_INDEPENDENT,0.8366412645031337
GSE110487,SIG023,T2,T48,HALLMARK_ESTROGEN_RESPONSE_LATE,HALLMARK_SECONDARY,SSGSEA_RANK_WALK,31,0.012903225806451615,0.9450751499131311,0.0129039419779363,0.1889822365046136,NO_KNOWN_OVERLAP,INCLUDE_PRIMARY_INDEPENDENT,0.945075149913131
GSE110487,SIG023,T2,T48,HALLMARK_FATTY_ACID_METABOLISM,HALLMARK_SECONDARY,SSGSEA_RANK_WALK,31,-0.0778225806451613,0.6773193820965928,-0.07798026105806895,0.1889822365046136,NO_KNOWN_OVERLAP,INCLUDE_PRIMARY_INDEPENDENT,0.9144016455222722
GSE110487,SIG023,T2,T48,HALLMARK_G2M_CHECKPOINT,HALLMARK_SECONDARY,SSGSEA_RANK_WALK,31,-0.38104838709677424,0.03443564596847131,-0.40128554533751415,0.1889822365046136,NO_KNOWN_OVERLAP,INCLUDE_PRIMARY_INDEPENDENT,0.7622558114674268
GSE110487,SIG023,T2,T48,HALLMARK_GLYCOLYSIS,HALLMARK_SECONDARY,SSGSEA_RANK_WALK,31,0.04516129032258065,0.8093712112440687,0.04519203073413451,0.1889822365046136,NO_KNOWN_OVERLAP,INCLUDE_PRIMARY_INDEPENDENT,0.9144016455222722
GSE110487,SIG023,T2,T48,HALLMARK_HEDGEHOG_SIGNALING,HALLMARK_SECONDARY,SSGSEA_RANK_WALK,31,-0.07096774193548387,0.7044109201080131,-0.0710872443902713,0.1889822365046136,NO_KNOWN_OVERLAP,INCLUDE_PRIMARY_INDEPENDENT,0.9144016455222722
GSE110487,SIG023,T2,T48,HALLMARK_HEME_METABOLISM,HALLMARK_SECONDARY,SSGSEA_RANK_WALK,31,-0.24838709677419357,0.1778654785632923,-0.2536931197320406,0.1889822365046136,NO_KNOWN_OVERLAP,INCLUDE_PRIMARY_INDEPENDENT,0.8102760690105538
GSE110487,SIG023,T2,T48,HALLMARK_HYPOXIA,HALLMARK_SECONDARY,SSGSEA_RANK_WALK,31,-0.044758064516129036,0.8110426130801657,-0.044787988201662264,0.1889822365046136,NO_KNOWN_OVERLAP,INCLUDE_PRIMARY_INDEPENDENT,0.9144016455222722
GSE110487,SIG023,T2,T48,HALLMARK_IL2_STAT5_SIGNALING,HALLMARK_SECONDARY,SSGSEA_RANK_WALK,31,-0.1532258064516129,0.41054049416218064,-0.15444214005119195,0.1889822365046136,NO_KNOWN_OVERLAP,INCLUDE_PRIMARY_INDEPENDENT,0.9144016455222722
GSE110487,SIG023,T2,T48,HALLMARK_IL6_JAK_STAT3_SIGNALING,HALLMARK_SECONDARY,SSGSEA_RANK_WALK,31,0.028225806451612906,0.8801916465025955,0.028233305833885575,0.1889822365046136,NO_KNOWN_OVERLAP,INCLUDE_PRIMARY_INDEPENDENT,0.9144016455222722
GSE110487,SIG023,T2,T48,HALLMARK_INFLAMMATORY_RESPONSE,PRESET_PRIMARY,SSGSEA_RANK_WALK,31,-0.16653225806451613,0.3705815851469392,-0.1680978726471834,0.1889822365046136,NO_KNOWN_OVERLAP,INCLUDE_PRIMARY_INDEPENDENT,0.4764620380460647
GSE110487,SIG023,T2,T48,HALLMARK_INTERFERON_ALPHA_RESPONSE,PRESET_PRIMARY,SSGSEA_RANK_WALK,31,-0.6189516129032258,0.00020565091020309623,-0.7233038494435595,0.1889822365046136,NO_KNOWN_OVERLAP,INCLUDE_PRIMARY_INDEPENDENT,0.000925429095913933
GSE110487,SIG023,T2,T48,HALLMARK_INTERFERON_GAMMA_RESPONSE,PRESET_PRIMARY,SSGSEA_RANK_WALK,31,-0.7020161290322581,1.0764099770475851e-05,-0.8712647124171484,0.1889822365046136,NO_KNOWN_OVERLAP,INCLUDE_PRIMARY_INDEPENDENT,9.687689793428266e-05
GSE110487,SIG023,T2,T48,HALLMARK_KRAS_SIGNALING_DN,HALLMARK_SECONDARY,SSGSEA_RANK_WALK,31,-0.08508064516129032,0.6490596265532764,-0.08528683297353204,0.1889822365046136,NO_KNOWN_OVERLAP,INCLUDE_PRIMARY_INDEPENDENT,0.9144016455222722
GSE110487,SIG023,T2,T48,HALLMARK_KRAS_SIGNALING_UP,HALLMARK_SECONDARY,SSGSEA_RANK_WALK,31,-0.23266129032258068,0.20783545159196806,-0.23700122729734255,0.1889822365046136,NO_KNOWN_OVERLAP,INCLUDE_PRIMARY_INDEPENDENT,0.8366412645031337
GSE110487,SIG023,T2,T48,HALLMARK_MITOTIC_SPINDLE,HALLMARK_SECONDARY,SSGSEA_RANK_WALK,31,-0.29596774193548386,0.10596145176456455,-0.3050944049489552,0.1889822365046136,NO_KNOWN_OVERLAP,INCLUDE_PRIMARY_INDEPENDENT,0.7622558114674268
GSE110487,SIG023,T2,T48,HALLMARK_MTORC1_SIGNALING,HALLMARK_SECONDARY,SSGSEA_RANK_WALK,31,-0.12661290322580646,0.4973147635433742,-0.1272960561279856,0.1889822365046136,NO_KNOWN_OVERLAP,INCLUDE_PRIMARY_INDEPENDENT,0.9144016455222722
GSE110487,SIG023,T2,T48,HALLMARK_MYC_TARGETS_V1,HALLMARK_SECONDARY,SSGSEA_RANK_WALK,31,-0.035483870967741936,0.8496959023092027,-0.03549877486966472,0.1889822365046136,NO_KNOWN_OVERLAP,INCLUDE_PRIMARY_INDEPENDENT,0.9144016455222722
GSE110487,SIG023,T2,T48,HALLMARK_MYC_TARGETS_V2,HALLMARK_SECONDARY,SSGSEA_RANK_WALK,31,-0.19838709677419356,0.2846823443722704,-0.20105300931056522,0.1889822365046136,NO_KNOWN_OVERLAP,INCLUDE_PRIMARY_INDEPENDENT,0.8366412645031337
GSE110487,SIG023,T2,T48,HALLMARK_MYOGENESIS,HALLMARK_SECONDARY,SSGSEA_RANK_WALK,31,-0.1346774193548387,0.4700863799163779,-0.1355006572418453,0.1889822365046136,NO_KNOWN_OVERLAP,INCLUDE_PRIMARY_INDEPENDENT,0.9144016455222722
GSE110487,SIG023,T2,T48,HALLMARK_NOTCH_SIGNALING,HALLMARK_SECONDARY,SSGSEA_RANK_WALK,31,-0.025403225806451615,0.8920991663631924,-0.025408692359318315,0.1889822365046136,NO_KNOWN_OVERLAP,INCLUDE_PRIMARY_INDEPENDENT,0.9144016455222722
GSE110487,SIG023,T2,T48,HALLMARK_OXIDATIVE_PHOSPHORYLATION,PRESET_PRIMARY,SSGSEA_RANK_WALK,31,0.3834677419354839,0.0332139718873731,0.4041189184646937,0.1889822365046136,NO_KNOWN_OVERLAP,INCLUDE_PRIMARY_INDEPENDENT,0.07473143674658947
GSE110487,SIG023,T2,T48,HALLMARK_P53_PATHWAY,HALLMARK_SECONDARY,SSGSEA_RANK_WALK,31,-0.27096774193548384,0.14036538644419316,-0.27790795501282395,0.1889822365046136,NO_KNOWN_OVERLAP,INCLUDE_PRIMARY_INDEPENDENT,0.8102760690105538
GSE110487,SIG023,T2,T48,HALLMARK_PANCREAS_BETA_CELLS,HALLMARK_SECONDARY,SSGSEA_RANK_WALK,31,0.19798387096774195,0.2856823830010701,0.20063329830431773,0.1889822365046136,NO_KNOWN_OVERLAP,INCLUDE_PRIMARY_INDEPENDENT,0.8366412645031337
GSE110487,SIG023,T2,T48,HALLMARK_PEROXISOME,HALLMARK_SECONDARY,SSGSEA_RANK_WALK,31,0.029435483870967744,0.8750961161944117,0.02944398972920594,0.1889822365046136,NO_KNOWN_OVERLAP,INCLUDE_PRIMARY_INDEPENDENT,0.9144016455222722
GSE110487,SIG023,T2,T48,HALLMARK_PI3K_AKT_MTOR_SIGNALING,HALLMARK_SECONDARY,SSGSEA_RANK_WALK,31,-0.25282258064516133,0.1699938939428776,-0.25842584155384385,0.1889822365046136,NO_KNOWN_OVERLAP,INCLUDE_PRIMARY_INDEPENDENT,0.8102760690105538
GSE110487,SIG023,T2,T48,HALLMARK_PROTEIN_SECRETION,HALLMARK_SECONDARY,SSGSEA_RANK_WALK,31,0.17056451612903226,0.3589410837099465,0.17224803718583637,0.1889822365046136,NO_KNOWN_OVERLAP,INCLUDE_PRIMARY_INDEPENDENT,0.9144016455222722
GSE110487,SIG023,T2,T48,HALLMARK_REACTIVE_OXYGEN_SPECIES_PATHWAY,HALLMARK_SECONDARY,SSGSEA_RANK_WALK,31,0.1991935483870968,0.2826890047216951,0.20189264120749129,0.1889822365046136,NO_KNOWN_OVERLAP,INCLUDE_PRIMARY_INDEPENDENT,0.8366412645031337
GSE110487,SIG023,T2,T48,HALLMARK_SPERMATOGENESIS,HALLMARK_SECONDARY,SSGSEA_RANK_WALK,31,-0.10725806451612906,0.5657596880755809,-0.10767223652966712,0.1889822365046136,NO_KNOWN_OVERLAP,INCLUDE_PRIMARY_INDEPENDENT,0.9144016455222722
GSE110487,SIG023,T2,T48,HALLMARK_TGF_BETA_SIGNALING,HALLMARK_SECONDARY,SSGSEA_RANK_WALK,31,-0.2935483870967742,0.10898287066594993,-0.3024448487450342,0.1889822365046136,NO_KNOWN_OVERLAP,INCLUDE_PRIMARY_INDEPENDENT,0.7622558114674268
GSE110487,SIG023,T2,T48,HALLMARK_TNFA_SIGNALING_VIA_NFKB,PRESET_PRIMARY,SSGSEA_RANK_WALK,31,-0.4705645161290323,0.007550157521994875,-0.510795158252942,0.1889822365046136,NO_KNOWN_OVERLAP,INCLUDE_PRIMARY_INDEPENDENT,0.022650472565984625
GSE110487,SIG023,T2,T48,HALLMARK_UNFOLDED_PROTEIN_RESPONSE,HALLMARK_SECONDARY,SSGSEA_RANK_WALK,31,-0.29153225806451616,0.11154963094645272,-0.3002400307110305,0.1889822365046136,NO_KNOWN_OVERLAP,INCLUDE_PRIMARY_INDEPENDENT,0.7622558114674268
GSE110487,SIG023,T2,T48,HALLMARK_UV_RESPONSE_DN,HALLMARK_SECONDARY,SSGSEA_RANK_WALK,31,-0.027419354838709678,0.8835912919236291,-0.027426229422488957,0.1889822365046136,NO_KNOWN_OVERLAP,INCLUDE_PRIMARY_INDEPENDENT,0.9144016455222722
GSE110487,SIG023,T2,T48,HALLMARK_UV_RESPONSE_UP,HALLMARK_SECONDARY,SSGSEA_RANK_WALK,31,-0.3334677419354839,0.06676621833175332,-0.3467248075803843,0.1889822365046136,NO_KNOWN_OVERLAP,INCLUDE_PRIMARY_INDEPENDENT,0.7622558114674268
GSE110487,SIG023,T2,T48,HALLMARK_WNT_BETA_CATENIN_SIGNALING,HALLMARK_SECONDARY,SSGSEA_RANK_WALK,31,0.06491935483870968,0.7286151638613648,0.06501078752080029,0.1889822365046136,NO_KNOWN_OVERLAP,INCLUDE_PRIMARY_INDEPENDENT,0.9144016455222722
GSE110487,SIG023,T2,T48,HALLMARK_XENOBIOTIC_METABOLISM,HALLMARK_SECONDARY,SSGSEA_RANK_WALK,31,0.08588709677419355,0.6459481037891261,0.08609922115203496,0.1889822365046136,NO_KNOWN_OVERLAP,INCLUDE_PRIMARY_INDEPENDENT,0.9144016455222722
GSE110487,SIG023,T2,T48,Neutrophil degranulation,REACTOME_SUPPLEMENT,SSGSEA_RANK_WALK,31,-0.192741935483871,0.29888728197452197,-0.19518334169778964,0.1889822365046136,NO_KNOWN_OVERLAP,INCLUDE_PRIMARY_INDEPENDENT,0.29888728197452197
GSE110487,SIG023,T2,T48,TCR signaling,REACTOME_SUPPLEMENT,SSGSEA_RANK_WALK,31,-0.21935483870967742,0.23576677017623446,-0.22297823473145065,0.1889822365046136,NO_KNOWN_OVERLAP,INCLUDE_PRIMARY_INDEPENDENT,0.29888728197452197
GSE110487,SIG033,T2,T48,HALLMARK_ADIPOGENESIS,HALLMARK_SECONDARY,SSGSEA_RANK_WALK,31,0.2717741935483871,0.1391422136321092,0.2787785167730265,0.1889822365046136,NO_KNOWN_OVERLAP,INCLUDE_PRIMARY_INDEPENDENT,0.2477713562957809
GSE110487,SIG033,T2,T48,HALLMARK_ALLOGRAFT_REJECTION,PRESET_PRIMARY,SSGSEA_RANK_WALK,31,0.25967741935483873,0.15832034404754308,0.2657624698895704,0.1889822365046136,NO_KNOWN_OVERLAP,INCLUDE_PRIMARY_INDEPENDENT,0.47496103214262925
GSE110487,SIG033,T2,T48,HALLMARK_ANDROGEN_RESPONSE,HALLMARK_SECONDARY,SSGSEA_RANK_WALK,31,0.3419354838709678,0.05973021579061356,0.35628263320852355,0.1889822365046136,NO_KNOWN_OVERLAP,INCLUDE_PRIMARY_INDEPENDENT,0.16609994192412134
GSE110487,SIG033,T2,T48,HALLMARK_ANGIOGENESIS,HALLMARK_SECONDARY,SSGSEA_RANK_WALK,31,0.16612903225806452,0.37175771088919307,0.1676831738251678,0.1889822365046136,NO_KNOWN_OVERLAP,INCLUDE_PRIMARY_INDEPENDENT,0.4482960631310857
GSE110487,SIG033,T2,T48,HALLMARK_APICAL_JUNCTION,HALLMARK_SECONDARY,SSGSEA_RANK_WALK,31,0.37580645161290327,0.037207433927735616,0.3951674272309487,0.1889822365046136,NO_KNOWN_OVERLAP,INCLUDE_PRIMARY_INDEPENDENT,0.15896845669610607
GSE110487,SIG033,T2,T48,HALLMARK_APICAL_SURFACE,HALLMARK_SECONDARY,SSGSEA_RANK_WALK,31,0.2778225806451613,0.13021513815651406,0.2853209788151045,0.1889822365046136,NO_KNOWN_OVERLAP,INCLUDE_PRIMARY_INDEPENDENT,0.24267366656441255
GSE110487,SIG033,T2,T48,HALLMARK_APOPTOSIS,PRESET_PRIMARY,SSGSEA_RANK_WALK,31,0.0866935483870968,0.6428424376702615,0.08691172271298157,0.1889822365046136,NO_KNOWN_OVERLAP,INCLUDE_PRIMARY_INDEPENDENT,0.8869929691814593
GSE110487,SIG033,T2,T48,HALLMARK_BILE_ACID_METABOLISM,HALLMARK_SECONDARY,SSGSEA_RANK_WALK,31,0.20524193548387096,0.2680251540777635,0.20819892756560882,0.1889822365046136,NO_KNOWN_OVERLAP,INCLUDE_PRIMARY_INDEPENDENT,0.3458749381246269
GSE110487,SIG033,T2,T48,HALLMARK_CHOLESTEROL_HOMEOSTASIS,HALLMARK_SECONDARY,SSGSEA_RANK_WALK,31,0.1459677419354839,0.43331800829865275,0.14701789124784712,0.1889822365046136,NO_KNOWN_OVERLAP,INCLUDE_PRIMARY_INDEPENDENT,0.49350106500679897
GSE110487,SIG033,T2,T48,HALLMARK_COAGULATION,PRESET_PRIMARY,SSGSEA_RANK_WALK,31,0.20403225806451616,0.27091754268964185,0.20693637905285442,0.1889822365046136,NO_KNOWN_OVERLAP,INCLUDE_PRIMARY_INDEPENDENT,0.48765157684135535
GSE110487,SIG033,T2,T48,HALLMARK_COMPLEMENT,PRESET_PRIMARY,SSGSEA_RANK_WALK,31,0.26895161290322583,0.14345755248921416,0.275733343154778,0.1889822365046136,NO_KNOWN_OVERLAP,INCLUDE_PRIMARY_INDEPENDENT,0.47496103214262925
GSE110487,SIG033,T2,T48,HALLMARK_DNA_REPAIR,HALLMARK_SECONDARY,SSGSEA_RANK_WALK,31,0.23185483870967746,0.20946044995261567,0.23614879202244723,0.1889822365046136,NO_KNOWN_OVERLAP,INCLUDE_PRIMARY_INDEPENDENT,0.31757530641619486
GSE110487,SIG033,T2,T48,HALLMARK_E2F_TARGETS,HALLMARK_SECONDARY,SSGSEA_RANK_WALK,31,0.37540322580645163,0.03742788540286655,0.3946979710008886,0.1889822365046136,NO_KNOWN_OVERLAP,INCLUDE_PRIMARY_INDEPENDENT,0.15896845669610607
GSE110487,SIG033,T2,T48,HALLMARK_EPITHELIAL_MESENCHYMAL_TRANSITION,HALLMARK_SECONDARY,SSGSEA_RANK_WALK,31,0.3334677419354839,0.06676621833175332,0.3467248075803843,0.1889822365046136,NO_KNOWN_OVERLAP,INCLUDE_PRIMARY_INDEPENDENT,0.16609994192412134
GSE110487,SIG033,T2,T48,HALLMARK_ESTROGEN_RESPONSE_EARLY,HALLMARK_SECONDARY,SSGSEA_RANK_WALK,31,0.37298387096774194,0.03877279431612343,0.3918846969851391,0.1889822365046136,NO_KNOWN_OVERLAP,INCLUDE_PRIMARY_INDEPENDENT,0.15896845669610607
GSE110487,SIG033,T2,T48,HALLMARK_ESTROGEN_RESPONSE_LATE,HALLMARK_SECONDARY,SSGSEA_RANK_WALK,31,0.3487903225806452,0.054472511918076054,0.364065868452786,0.1889822365046136,NO_KNOWN_OVERLAP,INCLUDE_PRIMARY_INDEPENDENT,0.16609994192412134
GSE110487,SIG033,T2,T48,HALLMARK_FATTY_ACID_METABOLISM,HALLMARK_SECONDARY,SSGSEA_RANK_WALK,31,0.46895161290322585,0.0077874221950131805,0.5087255476326414,0.1889822365046136,NO_KNOWN_OVERLAP,INCLUDE_PRIMARY_INDEPENDENT,0.15896845669610607
GSE110487,SIG033,T2,T48,HALLMARK_G2M_CHECKPOINT,HALLMARK_SECONDARY,SSGSEA_RANK_WALK,31,0.3048387096774194,0.09541932569535631,0.314845413477372,0.1889822365046136,NO_KNOWN_OVERLAP,INCLUDE_PRIMARY_INDEPENDENT,0.20590486071103203
GSE110487,SIG033,T2,T48,HALLMARK_GLYCOLYSIS,HALLMARK_SECONDARY,SSGSEA_RANK_WALK,31,0.3266129032258065,0.07292192572278498,0.33903196917430845,0.1889822365046136,NO_KNOWN_OVERLAP,INCLUDE_PRIMARY_INDEPENDENT,0.16609994192412134
GSE110487,SIG033,T2,T48,HALLMARK_HEDGEHOG_SIGNALING,HALLMARK_SECONDARY,SSGSEA_RANK_WALK,31,0.2185483870967742,0.23753664996125692,0.22213117519098666,0.1889822365046136,NO_KNOWN_OVERLAP,INCLUDE_PRIMARY_INDEPENDENT,0.32706437546735784
GSE110487,SIG033,T2,T48,HALLMARK_HEME_METABOLISM,HALLMARK_SECONDARY,SSGSEA_RANK_WALK,31,0.0810483870967742,0.6647035087822124,0.08122655449513752,0.1889822365046136,NO_KNOWN_OVERLAP,INCLUDE_PRIMARY_INDEPENDENT,0.6987908682069413
GSE110487,SIG033,T2,T48,HALLMARK_HYPOXIA,HALLMARK_SECONDARY,SSGSEA_RANK_WALK,31,0.3310483870967742,0.06889074329695449,0.3440052208313743,0.1889822365046136,NO_KNOWN_OVERLAP,INCLUDE_PRIMARY_INDEPENDENT,0.16609994192412134
GSE110487,SIG033,T2,T48,HALLMARK_IL2_STAT5_SIGNALING,HALLMARK_SECONDARY,SSGSEA_RANK_WALK,31,0.217741935483871,0.23931539668343257,0.2212844291557708,0.1889822365046136,NO_KNOWN_OVERLAP,INCLUDE_PRIMARY_INDEPENDENT,0.32706437546735784
GSE110487,SIG033,T2,T48,HALLMARK_IL6_JAK_STAT3_SIGNALING,HALLMARK_SECONDARY,SSGSEA_RANK_WALK,31,0.044758064516129036,0.8110426130801657,0.044787988201662264,0.1889822365046136,NO_KNOWN_OVERLAP,INCLUDE_PRIMARY_INDEPENDENT,0.8313186784071698
GSE110487,SIG033,T2,T48,HALLMARK_INFLAMMATORY_RESPONSE,PRESET_PRIMARY,SSGSEA_RANK_WALK,31,0.2701612903225806,0.1415963728178349,0.2770378037799036,0.1889822365046136,NO_KNOWN_OVERLAP,INCLUDE_PRIMARY_INDEPENDENT,0.47496103214262925
GSE110487,SIG033,T2,T48,HALLMARK_INTERFERON_ALPHA_RESPONSE,PRESET_PRIMARY,SSGSEA_RANK_WALK,31,0.026612903225806457,0.8869929691814593,0.026619188729937515,0.1889822365046136,NO_KNOWN_OVERLAP,INCLUDE_PRIMARY_INDEPENDENT,0.8869929691814593
GSE110487,SIG033,T2,T48,HALLMARK_INTERFERON_GAMMA_RESPONSE,PRESET_PRIMARY,SSGSEA_RANK_WALK,31,0.031854838709677424,0.8649199545149776,0.0318656199692678,0.1889822365046136,NO_KNOWN_OVERLAP,INCLUDE_PRIMARY_INDEPENDENT,0.8869929691814593
GSE110487,SIG033,T2,T48,HALLMARK_KRAS_SIGNALING_DN,HALLMARK_SECONDARY,SSGSEA_RANK_WALK,31,0.24314516129032263,0.1874953537757531,0.2481141956498208,0.1889822365046136,NO_KNOWN_OVERLAP,INCLUDE_PRIMARY_INDEPENDENT,0.2956657501848414
GSE110487,SIG033,T2,T48,HALLMARK_KRAS_SIGNALING_UP,HALLMARK_SECONDARY,SSGSEA_RANK_WALK,31,0.3846774193548388,0.03261643917038001,0.40553791480650936,0.1889822365046136,NO_KNOWN_OVERLAP,INCLUDE_PRIMARY_INDEPENDENT,0.15896845669610607
GSE110487,SIG033,T2,T48,HALLMARK_MITOTIC_SPINDLE,HALLMARK_SECONDARY,SSGSEA_RANK_WALK,31,0.42661290322580653,0.01669687826038512,0.45574863217827233,0.1889822365046136,NO_KNOWN_OVERLAP,INCLUDE_PRIMARY_INDEPENDENT,0.15896845669610607
GSE110487,SIG033,T2,T48,HALLMARK_MTORC1_SIGNALING,HALLMARK_SECONDARY,SSGSEA_RANK_WALK,31,0.35000000000000003,0.0535838647133117,0.3654437542713962,0.1889822365046136,NO_KNOWN_OVERLAP,INCLUDE_PRIMARY_INDEPENDENT,0.16609994192412134
GSE110487,SIG033,T2,T48,HALLMARK_MYC_TARGETS_V1,HALLMARK_SECONDARY,SSGSEA_RANK_WALK,31,0.28911290322580646,0.11468905409982422,0.29759798333098564,0.1889822365046136,NO_KNOWN_OVERLAP,INCLUDE_PRIMARY_INDEPENDENT,0.2239167246710854
GSE110487,SIG033,T2,T48,HALLMARK_MYC_TARGETS_V2,HALLMARK_SECONDARY,SSGSEA_RANK_WALK,31,0.1806451612903226,0.330807146268732,0.18264953319141486,0.1889822365046136,NO_KNOWN_OVERLAP,INCLUDE_PRIMARY_INDEPENDENT,0.4110028180914549
GSE110487,SIG033,T2,T48,HALLMARK_MYOGENESIS,HALLMARK_SECONDARY,SSGSEA_RANK_WALK,31,0.40403225806451615,0.02418402959747212,0.42845850940999364,0.1889822365046136,NO_KNOWN_OVERLAP,INCLUDE_PRIMARY_INDEPENDENT,0.15896845669610607
GSE110487,SIG033,T2,T48,HALLMARK_NOTCH_SIGNALING,HALLMARK_SECONDARY,SSGSEA_RANK_WALK,31,-0.1620967741935484,0.3836391341168396,-0.16353930245014736,0.1889822365046136,NO_KNOWN_OVERLAP,INCLUDE_PRIMARY_INDEPENDENT,0.4494058428225835
GSE110487,SIG033,T2,T48,HALLMARK_OXIDATIVE_PHOSPHORYLATION,PRESET_PRIMARY,SSGSEA_RANK_WALK,31,0.05201612903225807,0.7810889956594971,0.052063118298329464,0.1889822365046136,NO_KNOWN_OVERLAP,INCLUDE_PRIMARY_INDEPENDENT,0.8869929691814593
GSE110487,SIG033,T2,T48,HALLMARK_P53_PATHWAY,HALLMARK_SECONDARY,SSGSEA_RANK_WALK,31,0.22822580645161292,0.21688069706471844,0.23231698072110377,0.1889822365046136,NO_KNOWN_OVERLAP,INCLUDE_PRIMARY_INDEPENDENT,0.31757530641619486
GSE110487,SIG033,T2,T48,HALLMARK_PANCREAS_BETA_CELLS,HALLMARK_SECONDARY,SSGSEA_RANK_WALK,31,0.019758064516129034,0.9159809440004958,0.019760636176920896,0.1889822365046136,NO_KNOWN_OVERLAP,INCLUDE_PRIMARY_INDEPENDENT,0.9159809440004958
GSE110487,SIG033,T2,T48,HALLMARK_PEROXISOME,HALLMARK_SECONDARY,SSGSEA_RANK_WALK,31,0.26411290322580644,0.15108009530230543,0.27052459352521463,0.1889822365046136,NO_KNOWN_OVERLAP,INCLUDE_PRIMARY_INDEPENDENT,0.2477713562957809
GSE110487,SIG033,T2,T48,HALLMARK_PI3K_AKT_MTOR_SIGNALING,HALLMARK_SECONDARY,SSGSEA_RANK_WALK,31,0.3907258064516129,0.02975814604404819,0.4126563253320507,0.1889822365046136,NO_KNOWN_OVERLAP,INCLUDE_PRIMARY_INDEPENDENT,0.15896845669610607
GSE110487,SIG033,T2,T48,HALLMARK_PROTEIN_SECRETION,HALLMARK_SECONDARY,SSGSEA_RANK_WALK,31,0.20443548387096774,0.26995117121922096,0.20735715609674724,0.1889822365046136,NO_KNOWN_OVERLAP,INCLUDE_PRIMARY_INDEPENDENT,0.3458749381246269
GSE110487,SIG033,T2,T48,HALLMARK_REACTIVE_OXYGEN_SPECIES_PATHWAY,HALLMARK_SECONDARY,SSGSEA_RANK_WALK,31,0.13024193548387097,0.4849645356869804,0.13098595238781593,0.1889822365046136,NO_KNOWN_OVERLAP,INCLUDE_PRIMARY_INDEPENDENT,0.5373931341396269
GSE110487,SIG033,T2,T48,HALLMARK_SPERMATOGENESIS,HALLMARK_SECONDARY,SSGSEA_RANK_WALK,31,0.3350806451612904,0.06537849232777511,0.34854060749382376,0.1889822365046136,NO_KNOWN_OVERLAP,INCLUDE_PRIMARY_INDEPENDENT,0.16609994192412134
GSE110487,SIG033,T2,T48,HALLMARK_TGF_BETA_SIGNALING,HALLMARK_SECONDARY,SSGSEA_RANK_WALK,31,0.267741935483871,0.14533643981524094,0.2744297971939293,0.1889822365046136,NO_KNOWN_OVERLAP,INCLUDE_PRIMARY_INDEPENDENT,0.2477713562957809
GSE110487,SIG033,T2,T48,HALLMARK_TNFA_SIGNALING_VIA_NFKB,PRESET_PRIMARY,SSGSEA_RANK_WALK,31,0.21733870967741936,0.24020809771000937,0.22086117326891427,0.1889822365046136,NO_KNOWN_OVERLAP,INCLUDE_PRIMARY_INDEPENDENT,0.48765157684135535
GSE110487,SIG033,T2,T48,HALLMARK_UNFOLDED_PROTEIN_RESPONSE,HALLMARK_SECONDARY,SSGSEA_RANK_WALK,31,0.3395161290322581,0.061678195587449226,0.35354551288011277,0.1889822365046136,NO_KNOWN_OVERLAP,INCLUDE_PRIMARY_INDEPENDENT,0.16609994192412134
GSE110487,SIG033,T2,T48,HALLMARK_UV_RESPONSE_DN,HALLMARK_SECONDARY,SSGSEA_RANK_WALK,31,0.39879032258064523,0.026267652844579055,0.4222096661025057,0.1889822365046136,NO_KNOWN_OVERLAP,INCLUDE_PRIMARY_INDEPENDENT,0.15896845669610607
GSE110487,SIG033,T2,T48,HALLMARK_UV_RESPONSE_UP,HALLMARK_SECONDARY,SSGSEA_RANK_WALK,31,0.5004032258064517,0.0041454261302618966,0.5498439233587401,0.1889822365046136,NO_KNOWN_OVERLAP,INCLUDE_PRIMARY_INDEPENDENT,0.15896845669610607
GSE110487,SIG033,T2,T48,HALLMARK_WNT_BETA_CATENIN_SIGNALING,HALLMARK_SECONDARY,SSGSEA_RANK_WALK,31,-0.08870967741935484,0.6351041874688885,-0.08894347986304445,0.1889822365046136,NO_KNOWN_OVERLAP,INCLUDE_PRIMARY_INDEPENDENT,0.6852439917427482
GSE110487,SIG033,T2,T48,HALLMARK_XENOBIOTIC_METABOLISM,HALLMARK_SECONDARY,SSGSEA_RANK_WALK,31,0.2991935483870968,0.10203130880055777,0.30863362895579116,0.1889822365046136,NO_KNOWN_OVERLAP,INCLUDE_PRIMARY_INDEPENDENT,0.20916418304114343
GSE110487,SIG033,T2,T48,Neutrophil degranulation,REACTOME_SUPPLEMENT,SSGSEA_RANK_WALK,31,0.15201612903225808,0.4142892077160375,0.15320361326403667,0.1889822365046136,NO_KNOWN_OVERLAP,INCLUDE_PRIMARY_INDEPENDENT,0.6030216655993795
GSE110487,SIG033,T2,T48,TCR signaling,REACTOME_SUPPLEMENT,SSGSEA_RANK_WALK,31,0.09717741935483871,0.6030216655993795,0.09748506109224574,0.1889822365046136,NO_KNOWN_OVERLAP,INCLUDE_PRIMARY_INDEPENDENT,0.6030216655993795
GSE110487,SIG034,T2,T48,HALLMARK_ADIPOGENESIS,HALLMARK_SECONDARY,SSGSEA_RANK_WALK,31,0.3076612903225807,0.09223773282102614,0.3179601227049213,0.1889822365046136,NO_KNOWN_OVERLAP,INCLUDE_PRIMARY_INDEPENDENT,0.5481777744205306
GSE110487,SIG034,T2,T48,HALLMARK_ALLOGRAFT_REJECTION,PRESET_PRIMARY,SSGSEA_RANK_WALK,31,-0.2766129032258065,0.13196596843619465,-0.2840105989111081,0.1889822365046136,NO_KNOWN_OVERLAP,INCLUDE_PRIMARY_INDEPENDENT,0.5099816818286328
GSE110487,SIG034,T2,T48,HALLMARK_ANDROGEN_RESPONSE,HALLMARK_SECONDARY,SSGSEA_RANK_WALK,31,0.18588709677419357,0.3167276787932322,0.1880736601205788,0.1889822365046136,NO_KNOWN_OVERLAP,INCLUDE_PRIMARY_INDEPENDENT,0.6963008702083087
GSE110487,SIG034,T2,T48,HALLMARK_ANGIOGENESIS,HALLMARK_SECONDARY,SSGSEA_RANK_WALK,31,0.1866935483870968,0.31459517166493095,0.18890910513963055,0.1889822365046136,NO_KNOWN_OVERLAP,INCLUDE_PRIMARY_INDEPENDENT,0.6963008702083087
GSE110487,SIG034,T2,T48,HALLMARK_APICAL_JUNCTION,HALLMARK_SECONDARY,SSGSEA_RANK_WALK,31,0.06814516129032258,0.715672629207279,0.06825093949884449,0.1889822365046136,NO_KNOWN_OVERLAP,INCLUDE_PRIMARY_INDEPENDENT,0.8891690241666194
GSE110487,SIG034,T2,T48,HALLMARK_APICAL_SURFACE,HALLMARK_SECONDARY,SSGSEA_RANK_WALK,31,0.18951612903225806,0.30720200329145125,0.19183522414037202,0.1889822365046136,NO_KNOWN_OVERLAP,INCLUDE_PRIMARY_INDEPENDENT,0.6963008702083087
GSE110487,SIG034,T2,T48,HALLMARK_APOPTOSIS,PRESET_PRIMARY,SSGSEA_RANK_WALK,31,-0.04516129032258065,0.8093712112440687,-0.04519203073413451,0.1889822365046136,NO_KNOWN_OVERLAP,INCLUDE_PRIMARY_INDEPENDENT,0.9296613334661816
GSE110487,SIG034,T2,T48,HALLMARK_BILE_ACID_METABOLISM,HALLMARK_SECONDARY,SSGSEA_RANK_WALK,31,-0.006451612903225807,0.9725221439005473,-0.006451702417953945,0.1889822365046136,NO_KNOWN_OVERLAP,INCLUDE_PRIMARY_INDEPENDENT,0.996835197498061
GSE110487,SIG034,T2,T48,HALLMARK_CHOLESTEROL_HOMEOSTASIS,HALLMARK_SECONDARY,SSGSEA_RANK_WALK,31,-0.027016129032258068,0.8852918802384591,-0.02702270467721264,0.1889822365046136,NO_KNOWN_OVERLAP,INCLUDE_PRIMARY_INDEPENDENT,0.9809991105345087
GSE110487,SIG034,T2,T48,HALLMARK_COAGULATION,PRESET_PRIMARY,SSGSEA_RANK_WALK,31,-0.11451612903225807,0.5395982847411878,-0.11502069112906962,0.1889822365046136,NO_KNOWN_OVERLAP,INCLUDE_PRIMARY_INDEPENDENT,0.8093974271117816
GSE110487,SIG034,T2,T48,HALLMARK_COMPLEMENT,PRESET_PRIMARY,SSGSEA_RANK_WALK,31,-0.25282258064516133,0.1699938939428776,-0.25842584155384385,0.1889822365046136,NO_KNOWN_OVERLAP,INCLUDE_PRIMARY_INDEPENDENT,0.5099816818286328
GSE110487,SIG034,T2,T48,HALLMARK_DNA_REPAIR,HALLMARK_SECONDARY,SSGSEA_RANK_WALK,31,0.29516129032258065,0.10696151696010354,0.30421075942558573,0.1889822365046136,NO_KNOWN_OVERLAP,INCLUDE_PRIMARY_INDEPENDENT,0.5481777744205306
GSE110487,SIG034,T2,T48,HALLMARK_E2F_TARGETS,HALLMARK_SECONDARY,SSGSEA_RANK_WALK,31,0.4379032258064517,0.013747090047924517,0.46963360355130834,0.1889822365046136,NO_KNOWN_OVERLAP,INCLUDE_PRIMARY_INDEPENDENT,0.307892706642183
GSE110487,SIG034,T2,T48,HALLMARK_EPITHELIAL_MESENCHYMAL_TRANSITION,HALLMARK_SECONDARY,SSGSEA_RANK_WALK,31,-0.009677419354838712,0.9587928628951107,-0.009677721476478034,0.1889822365046136,NO_KNOWN_OVERLAP,INCLUDE_PRIMARY_INDEPENDENT,0.996835197498061
GSE110487,SIG034,T2,T48,HALLMARK_ESTROGEN_RESPONSE_EARLY,HALLMARK_SECONDARY,SSGSEA_RANK_WALK,31,0.2024193548387097,0.2748054567883869,0.20525399157101318,0.1889822365046136,NO_KNOWN_OVERLAP,INCLUDE_PRIMARY_INDEPENDENT,0.6963008702083087
GSE110487,SIG034,T2,T48,HALLMARK_ESTROGEN_RESPONSE_LATE,HALLMARK_SECONDARY,SSGSEA_RANK_WALK,31,0.3165322580645162,0.0827623321675542,0.3277885109479905,0.1889822365046136,NO_KNOWN_OVERLAP,INCLUDE_PRIMARY_INDEPENDENT,0.5481777744205306
GSE110487,SIG034,T2,T48,HALLMARK_FATTY_ACID_METABOLISM,HALLMARK_SECONDARY,SSGSEA_RANK_WALK,31,0.1625,0.38244118465280597,0.16395343688114494,0.1889822365046136,NO_KNOWN_OVERLAP,INCLUDE_PRIMARY_INDEPENDENT,0.6989350696997658
GSE110487,SIG034,T2,T48,HALLMARK_G2M_CHECKPOINT,HALLMARK_SECONDARY,SSGSEA_RANK_WALK,31,0.43064516129032265,0.01558822080862778,0.4606884626881414,0.1889822365046136,NO_KNOWN_OVERLAP,INCLUDE_PRIMARY_INDEPENDENT,0.307892706642183
GSE110487,SIG034,T2,T48,HALLMARK_GLYCOLYSIS,HALLMARK_SECONDARY,SSGSEA_RANK_WALK,31,0.4084677419354839,0.02252873463235485,0.4337707333319251,0.1889822365046136,NO_KNOWN_OVERLAP,INCLUDE_PRIMARY_INDEPENDENT,0.307892706642183
GSE110487,SIG034,T2,T48,HALLMARK_HEDGEHOG_SIGNALING,HALLMARK_SECONDARY,SSGSEA_RANK_WALK,31,0.07056451612903226,0.7060160474637789,0.07068198912264517,0.1889822365046136,NO_KNOWN_OVERLAP,INCLUDE_PRIMARY_INDEPENDENT,0.8891690241666194
GSE110487,SIG034,T2,T48,HALLMARK_HEME_METABOLISM,HALLMARK_SECONDARY,SSGSEA_RANK_WALK,31,-0.09516129032258065,0.6105976029597585,-0.09545011101799991,0.1889822365046136,NO_KNOWN_OVERLAP,INCLUDE_PRIMARY_INDEPENDENT,0.8891690241666194
GSE110487,SIG034,T2,T48,HALLMARK_HYPOXIA,HALLMARK_SECONDARY,SSGSEA_RANK_WALK,31,0.18346774193548387,0.3231789373788506,0.18556887636077865,0.1889822365046136,NO_KNOWN_OVERLAP,INCLUDE_PRIMARY_INDEPENDENT,0.6963008702083087
GSE110487,SIG034,T2,T48,HALLMARK_IL2_STAT5_SIGNALING,HALLMARK_SECONDARY,SSGSEA_RANK_WALK,31,-0.13024193548387097,0.4849645356869804,-0.13098595238781593,0.1889822365046136,NO_KNOWN_OVERLAP,INCLUDE_PRIMARY_INDEPENDENT,0.7364276282654146
GSE110487,SIG034,T2,T48,HALLMARK_IL6_JAK_STAT3_SIGNALING,HALLMARK_SECONDARY,SSGSEA_RANK_WALK,31,-0.22338709677419355,0.22705006987972196,-0.22721828377520334,0.1889822365046136,NO_KNOWN_OVERLAP,INCLUDE_PRIMARY_INDEPENDENT,0.6963008702083087
GSE110487,SIG034,T2,T48,HALLMARK_INFLAMMATORY_RESPONSE,PRESET_PRIMARY,SSGSEA_RANK_WALK,31,-0.031048387096774197,0.8683097331573756,-0.031058369777358853,0.1889822365046136,NO_KNOWN_OVERLAP,INCLUDE_PRIMARY_INDEPENDENT,0.9296613334661816
GSE110487,SIG034,T2,T48,HALLMARK_INTERFERON_ALPHA_RESPONSE,PRESET_PRIMARY,SSGSEA_RANK_WALK,31,-0.2,0.2807046476465547,-0.2027325540540822,0.1889822365046136,NO_KNOWN_OVERLAP,INCLUDE_PRIMARY_INDEPENDENT,0.5160324017518771
GSE110487,SIG034,T2,T48,HALLMARK_INTERFERON_GAMMA_RESPONSE,PRESET_PRIMARY,SSGSEA_RANK_WALK,31,-0.2762096774193548,0.13255339955493511,-0.2835740168279486,0.1889822365046136,NO_KNOWN_OVERLAP,INCLUDE_PRIMARY_INDEPENDENT,0.5099816818286328
GSE110487,SIG034,T2,T48,HALLMARK_KRAS_SIGNALING_DN,HALLMARK_SECONDARY,SSGSEA_RANK_WALK,31,0.1774193548387097,0.3396589610772237,0.1793169042120327,0.1889822365046136,NO_KNOWN_OVERLAP,INCLUDE_PRIMARY_INDEPENDENT,0.6963008702083087
GSE110487,SIG034,T2,T48,HALLMARK_KRAS_SIGNALING_UP,HALLMARK_SECONDARY,SSGSEA_RANK_WALK,31,-0.03951612903225807,0.8328425648949725,-0.03953671679194365,0.1889822365046136,NO_KNOWN_OVERLAP,INCLUDE_PRIMARY_INDEPENDENT,0.9715572261368871
GSE110487,SIG034,T2,T48,HALLMARK_MITOTIC_SPINDLE,HALLMARK_SECONDARY,SSGSEA_RANK_WALK,31,0.1455645161290323,0.4346033734489133,0.14660591179294447,0.1889822365046136,NO_KNOWN_OVERLAP,INCLUDE_PRIMARY_INDEPENDENT,0.7254691032321336
GSE110487,SIG034,T2,T48,HALLMARK_MTORC1_SIGNALING,HALLMARK_SECONDARY,SSGSEA_RANK_WALK,31,0.29717741935483877,0.10447454319314414,0.30642074085950277,0.1889822365046136,NO_KNOWN_OVERLAP,INCLUDE_PRIMARY_INDEPENDENT,0.5481777744205306
GSE110487,SIG034,T2,T48,HALLMARK_MYC_TARGETS_V1,HALLMARK_SECONDARY,SSGSEA_RANK_WALK,31,0.18951612903225806,0.30720200329145125,0.19183522414037202,0.1889822365046136,NO_KNOWN_OVERLAP,INCLUDE_PRIMARY_INDEPENDENT,0.6963008702083087
GSE110487,SIG034,T2,T48,HALLMARK_MYC_TARGETS_V2,HALLMARK_SECONDARY,SSGSEA_RANK_WALK,31,0.20846774193548392,0.2604106965644874,0.21156893652010111,0.1889822365046136,NO_KNOWN_OVERLAP,INCLUDE_PRIMARY_INDEPENDENT,0.6963008702083087
GSE110487,SIG034,T2,T48,HALLMARK_MYOGENESIS,HALLMARK_SECONDARY,SSGSEA_RANK_WALK,31,0.1431451612903226,0.4423592092878864,0.14413506740166765,0.1889822365046136,NO_KNOWN_OVERLAP,INCLUDE_PRIMARY_INDEPENDENT,0.7254691032321336
GSE110487,SIG034,T2,T48,HALLMARK_NOTCH_SIGNALING,HALLMARK_SECONDARY,SSGSEA_RANK_WALK,31,0.3157258064516129,0.08359152476421076,0.32689251567954714,0.1889822365046136,NO_KNOWN_OVERLAP,INCLUDE_PRIMARY_INDEPENDENT,0.5481777744205306
GSE110487,SIG034,T2,T48,HALLMARK_OXIDATIVE_PHOSPHORYLATION,PRESET_PRIMARY,SSGSEA_RANK_WALK,31,0.1975806451612903,0.2866846676399317,0.20021365703910357,0.1889822365046136,NO_KNOWN_OVERLAP,INCLUDE_PRIMARY_INDEPENDENT,0.5160324017518771
GSE110487,SIG034,T2,T48,HALLMARK_P53_PATHWAY,HALLMARK_SECONDARY,SSGSEA_RANK_WALK,31,0.24475806451612908,0.18449431543516437,0.24982916102903546,0.1889822365046136,NO_KNOWN_OVERLAP,INCLUDE_PRIMARY_INDEPENDENT,0.6963008702083087
GSE110487,SIG034,T2,T48,HALLMARK_PANCREAS_BETA_CELLS,HALLMARK_SECONDARY,SSGSEA_RANK_WALK,31,-0.08185483870967743,0.6615633818161167,-0.08203839218094228,0.1889822365046136,NO_KNOWN_OVERLAP,INCLUDE_PRIMARY_INDEPENDENT,0.8891690241666194
GSE110487,SIG034,T2,T48,HALLMARK_PEROXISOME,HALLMARK_SECONDARY,SSGSEA_RANK_WALK,31,0.00040322580645161296,0.9982823135694543,0.00040322582830525094,0.1889822365046136,NO_KNOWN_OVERLAP,INCLUDE_PRIMARY_INDEPENDENT,0.9982823135694543
GSE110487,SIG034,T2,T48,HALLMARK_PI3K_AKT_MTOR_SIGNALING,HALLMARK_SECONDARY,SSGSEA_RANK_WALK,31,0.014112903225806453,0.9399347744299826,0.014113840312433592,0.1889822365046136,NO_KNOWN_OVERLAP,INCLUDE_PRIMARY_INDEPENDENT,0.996835197498061
GSE110487,SIG034,T2,T48,HALLMARK_PROTEIN_SECRETION,HALLMARK_SECONDARY,SSGSEA_RANK_WALK,31,0.16733870967741937,0.3682359086473028,0.16892744230598125,0.1889822365046136,NO_KNOWN_OVERLAP,INCLUDE_PRIMARY_INDEPENDENT,0.6989350696997658
GSE110487,SIG034,T2,T48,HALLMARK_REACTIVE_OXYGEN_SPECIES_PATHWAY,HALLMARK_SECONDARY,SSGSEA_RANK_WALK,31,0.1862903225806452,0.31566030508958254,0.18849135012391433,0.1889822365046136,NO_KNOWN_OVERLAP,INCLUDE_PRIMARY_INDEPENDENT,0.6963008702083087
GSE110487,SIG034,T2,T48,HALLMARK_SPERMATOGENESIS,HALLMARK_SECONDARY,SSGSEA_RANK_WALK,31,0.07903225806451614,0.6725781507948224,0.07919742523610912,0.1889822365046136,NO_KNOWN_OVERLAP,INCLUDE_PRIMARY_INDEPENDENT,0.8891690241666194
GSE110487,SIG034,T2,T48,HALLMARK_TGF_BETA_SIGNALING,HALLMARK_SECONDARY,SSGSEA_RANK_WALK,31,-0.1342741935483871,0.47142898795379495,-0.1350900053055379,0.1889822365046136,NO_KNOWN_OVERLAP,INCLUDE_PRIMARY_INDEPENDENT,0.7364276282654146
GSE110487,SIG034,T2,T48,HALLMARK_TNFA_SIGNALING_VIA_NFKB,PRESET_PRIMARY,SSGSEA_RANK_WALK,31,-0.016532258064516133,0.9296613334661817,-0.016533764485999775,0.1889822365046136,NO_KNOWN_OVERLAP,INCLUDE_PRIMARY_INDEPENDENT,0.9296613334661816
GSE110487,SIG034,T2,T48,HALLMARK_UNFOLDED_PROTEIN_RESPONSE,HALLMARK_SECONDARY,SSGSEA_RANK_WALK,31,0.15927419354838712,0.39208552690474663,0.16064190949927454,0.1889822365046136,NO_KNOWN_OVERLAP,INCLUDE_PRIMARY_INDEPENDENT,0.6989350696997658
GSE110487,SIG034,T2,T48,HALLMARK_UV_RESPONSE_DN,HALLMARK_SECONDARY,SSGSEA_RANK_WALK,31,-0.1975806451612903,0.2866846676399317,-0.20021365703910357,0.1889822365046136,NO_KNOWN_OVERLAP,INCLUDE_PRIMARY_INDEPENDENT,0.6963008702083087
GSE110487,SIG034,T2,T48,HALLMARK_UV_RESPONSE_UP,HALLMARK_SECONDARY,SSGSEA_RANK_WALK,31,0.08427419354838711,0.6521769610520185,0.08447455708165312,0.1889822365046136,NO_KNOWN_OVERLAP,INCLUDE_PRIMARY_INDEPENDENT,0.8891690241666194
GSE110487,SIG034,T2,T48,HALLMARK_WNT_BETA_CATENIN_SIGNALING,HALLMARK_SECONDARY,SSGSEA_RANK_WALK,31,0.034677419354838715,0.8530746375836081,0.034691329528831645,0.1889822365046136,NO_KNOWN_OVERLAP,INCLUDE_PRIMARY_INDEPENDENT,0.9715572261368871
GSE110487,SIG034,T2,T48,HALLMARK_XENOBIOTIC_METABOLISM,HALLMARK_SECONDARY,SSGSEA_RANK_WALK,31,-0.0407258064516129,0.8278003705498522,-0.040748344707828094,0.1889822365046136,NO_KNOWN_OVERLAP,INCLUDE_PRIMARY_INDEPENDENT,0.9715572261368871
GSE110487,SIG034,T2,T48,Neutrophil degranulation,REACTOME_SUPPLEMENT,SSGSEA_RANK_WALK,31,0.4883064516129033,0.005319728380950176,0.5338341176578056,0.1889822365046136,NO_KNOWN_OVERLAP,INCLUDE_PRIMARY_INDEPENDENT,0.010639456761900352
GSE110487,SIG034,T2,T48,TCR signaling,REACTOME_SUPPLEMENT,SSGSEA_RANK_WALK,31,-0.1459677419354839,0.43331800829865275,-0.14701789124784712,0.1889822365046136,NO_KNOWN_OVERLAP,INCLUDE_PRIMARY_INDEPENDENT,0.43331800829865275
GSE236713,SIG001,T1,T24,HALLMARK_ADIPOGENESIS,HALLMARK_SECONDARY,SSGSEA_RANK_WALK,93,-0.26595744680851063,0.009974940911963978,-0.272508494257135,0.10540925533894598,NO_KNOWN_OVERLAP,INCLUDE_PRIMARY_INDEPENDENT,0.043467364395489226
GSE236713,SIG001,T1,T24,HALLMARK_ALLOGRAFT_REJECTION,PRESET_PRIMARY,SSGSEA_RANK_WALK,93,-0.2525588612694339,0.014590670882056947,-0.2581441344445418,0.10540925533894598,NO_KNOWN_OVERLAP,INCLUDE_PRIMARY_INDEPENDENT,0.06565801896925626
GSE236713,SIG001,T1,T24,HALLMARK_ANDROGEN_RESPONSE,HALLMARK_SECONDARY,SSGSEA_RANK_WALK,93,-0.07305064008832919,0.48650549519276887,-0.07318100011683414,0.10540925533894598,NO_KNOWN_OVERLAP,INCLUDE_PRIMARY_INDEPENDENT,0.5383902950291884
GSE236713,SIG001,T1,T24,HALLMARK_ANGIOGENESIS,HALLMARK_SECONDARY,SSGSEA_RANK_WALK,93,0.07957088717137656,0.4483438889810847,0.07973946309123248,0.10540925533894598,NO_KNOWN_OVERLAP,INCLUDE_PRIMARY_INDEPENDENT,0.5252028413778421
GSE236713,SIG001,T1,T24,HALLMARK_APICAL_JUNCTION,HALLMARK_SECONDARY,SSGSEA_RANK_WALK,93,-0.051759123869774104,0.6222058005283224,-0.0518054193248222,0.10540925533894598,NO_KNOWN_OVERLAP,INCLUDE_PRIMARY_INDEPENDENT,0.6541137902990056
GSE236713,SIG001,T1,T24,HALLMARK_APICAL_SURFACE,HALLMARK_SECONDARY,SSGSEA_RANK_WALK,93,-0.1604249350959386,0.12450752797452924,-0.16182282582689808,0.10540925533894598,NO_KNOWN_OVERLAP,INCLUDE_PRIMARY_INDEPENDENT,0.21556492634705648
GSE236713,SIG001,T1,T24,HALLMARK_APOPTOSIS,PRESET_PRIMARY,SSGSEA_RANK_WALK,93,-0.14713079287398165,0.15932067880446618,-0.1482064690463659,0.10540925533894598,NO_KNOWN_OVERLAP,INCLUDE_PRIMARY_INDEPENDENT,0.4654623240408221
GSE236713,SIG001,T1,T24,HALLMARK_BILE_ACID_METABOLISM,HALLMARK_SECONDARY,SSGSEA_RANK_WALK,93,-0.23805616066366264,0.021571965336338133,-0.24271248246450253,0.10540925533894598,NO_KNOWN_OVERLAP,INCLUDE_PRIMARY_INDEPENDENT,0.07370421489915528
GSE236713,SIG001,T1,T24,HALLMARK_CHOLESTEROL_HOMEOSTASIS,HALLMARK_SECONDARY,SSGSEA_RANK_WALK,93,-0.11891617677777444,0.2562454848096134,-0.1194815147542544,0.10540925533894598,NO_KNOWN_OVERLAP,INCLUDE_PRIMARY_INDEPENDENT,0.3557340221596695
GSE236713,SIG001,T1,T24,HALLMARK_COAGULATION,PRESET_PRIMARY,SSGSEA_RANK_WALK,93,-0.11488764883172689,0.2728217445742484,-0.11539716400730321,0.10540925533894598,NO_KNOWN_OVERLAP,INCLUDE_PRIMARY_INDEPENDENT,0.4654623240408221
GSE236713,SIG001,T1,T24,HALLMARK_COMPLEMENT,PRESET_PRIMARY,SSGSEA_RANK_WALK,93,-0.11264957775058934,0.2823358120642922,-0.11312974403915937,0.10540925533894598,NO_KNOWN_OVERLAP,INCLUDE_PRIMARY_INDEPENDENT,0.4654623240408221
GSE236713,SIG001,T1,T24,HALLMARK_DNA_REPAIR,HALLMARK_SECONDARY,SSGSEA_RANK_WALK,93,-0.37923368446181843,0.00017769395385784428,-0.39916430758374666,0.10540925533894598,NO_KNOWN_OVERLAP,INCLUDE_PRIMARY_INDEPENDENT,0.002959131130338738
GSE236713,SIG001,T1,T24,HALLMARK_E2F_TARGETS,HALLMARK_SECONDARY,SSGSEA_RANK_WALK,93,-0.28375757214049113,0.005845090180020571,-0.29176398181516716,0.10540925533894598,NO_KNOWN_OVERLAP,INCLUDE_PRIMARY_INDEPENDENT,0.034235528197263346
GSE236713,SIG001,T1,T24,HALLMARK_EPITHELIAL_MESENCHYMAL_TRANSITION,HALLMARK_SECONDARY,SSGSEA_RANK_WALK,93,-0.033287577213452296,0.7514257571587597,-0.033299880302680614,0.10540925533894598,NO_KNOWN_OVERLAP,INCLUDE_PRIMARY_INDEPENDENT,0.7702114010877287
GSE236713,SIG001,T1,T24,HALLMARK_ESTROGEN_RESPONSE_EARLY,HALLMARK_SECONDARY,SSGSEA_RANK_WALK,93,-0.08707588553012442,0.4065668640769343,-0.08729696806026614,0.10540925533894598,NO_KNOWN_OVERLAP,INCLUDE_PRIMARY_INDEPENDENT,0.5051285280955851
GSE236713,SIG001,T1,T24,HALLMARK_ESTROGEN_RESPONSE_LATE,HALLMARK_SECONDARY,SSGSEA_RANK_WALK,93,-0.18383515860463723,0.07774356371046504,-0.18594911776171336,0.10540925533894598,NO_KNOWN_OVERLAP,INCLUDE_PRIMARY_INDEPENDENT,0.15937430560645333
GSE236713,SIG001,T1,T24,HALLMARK_FATTY_ACID_METABOLISM,HALLMARK_SECONDARY,SSGSEA_RANK_WALK,93,-0.2754170272447853,0.007540281034044424,-0.28271610247015855,0.10540925533894598,NO_KNOWN_OVERLAP,INCLUDE_PRIMARY_INDEPENDENT,0.03864394029947767
GSE236713,SIG001,T1,T24,HALLMARK_G2M_CHECKPOINT,HALLMARK_SECONDARY,SSGSEA_RANK_WALK,93,-0.17797141237205688,0.08787118552318612,-0.17988696169700344,0.10540925533894598,NO_KNOWN_OVERLAP,INCLUDE_PRIMARY_INDEPENDENT,0.17155802887860147
GSE236713,SIG001,T1,T24,HALLMARK_GLYCOLYSIS,HALLMARK_SECONDARY,SSGSEA_RANK_WALK,93,-0.21661543970636504,0.03702017511410989,-0.22010217010984284,0.10540925533894598,NO_KNOWN_OVERLAP,INCLUDE_PRIMARY_INDEPENDENT,0.09486419872990659
GSE236713,SIG001,T1,T24,HALLMARK_HEDGEHOG_SIGNALING,HALLMARK_SECONDARY,SSGSEA_RANK_WALK,93,0.12009489421384022,0.2515283214590199,0.12067731017642636,0.10540925533894598,NO_KNOWN_OVERLAP,INCLUDE_PRIMARY_INDEPENDENT,0.3557340221596695
GSE236713,SIG001,T1,T24,HALLMARK_HEME_METABOLISM,HALLMARK_SECONDARY,SSGSEA_RANK_WALK,93,-0.07097669421980841,0.49899588319778443,-0.07109624199603767,0.10540925533894598,NO_KNOWN_OVERLAP,INCLUDE_PRIMARY_INDEPENDENT,0.5383902950291884
GSE236713,SIG001,T1,T24,HALLMARK_HYPOXIA,HALLMARK_SECONDARY,SSGSEA_RANK_WALK,93,-0.08079436602906508,0.44137426254171785,-0.08097085906350153,0.10540925533894598,NO_KNOWN_OVERLAP,INCLUDE_PRIMARY_INDEPENDENT,0.5252028413778421
GSE236713,SIG001,T1,T24,HALLMARK_IL2_STAT5_SIGNALING,HALLMARK_SECONDARY,SSGSEA_RANK_WALK,93,-0.18763987944257104,0.07168807421614162,-0.1898897910588369,0.10540925533894598,NO_KNOWN_OVERLAP,INCLUDE_PRIMARY_INDEPENDENT,0.15937430560645333
GSE236713,SIG001,T1,T24,HALLMARK_IL6_JAK_STAT3_SIGNALING,HALLMARK_SECONDARY,SSGSEA_RANK_WALK,93,0.12709259646086357,0.2247515091930815,0.12778359465783035,0.10540925533894598,NO_KNOWN_OVERLAP,INCLUDE_PRIMARY_INDEPENDENT,0.350965975361408
GSE236713,SIG001,T1,T24,HALLMARK_INFLAMMATORY_RESPONSE,PRESET_PRIMARY,SSGSEA_RANK_WALK,93,0.04031512040822416,0.7012135742278258,0.04033698324095404,0.10540925533894598,NO_KNOWN_OVERLAP,INCLUDE_PRIMARY_INDEPENDENT,0.787685334673064
GSE236713,SIG001,T1,T24,HALLMARK_INTERFERON_ALPHA_RESPONSE,PRESET_PRIMARY,SSGSEA_RANK_WALK,93,-0.0955954761123213,0.36202625203175054,-0.09588828288007391,0.10540925533894598,NO_KNOWN_OVERLAP,INCLUDE_PRIMARY_INDEPENDENT,0.4654623240408221
GSE236713,SIG001,T1,T24,HALLMARK_INTERFERON_GAMMA_RESPONSE,PRESET_PRIMARY,SSGSEA_RANK_WALK,93,-0.09599832890692607,0.35999745492630586,-0.09629486692104362,0.10540925533894598,NO_KNOWN_OVERLAP,INCLUDE_PRIMARY_INDEPENDENT,0.4654623240408221
GSE236713,SIG001,T1,T24,HALLMARK_KRAS_SIGNALING_DN,HALLMARK_SECONDARY,SSGSEA_RANK_WALK,93,0.20008355465369576,0.05448857654963234,0.20281959166698457,0.10540925533894598,NO_KNOWN_OVERLAP,INCLUDE_PRIMARY_INDEPENDENT,0.1314136257961721
GSE236713,SIG001,T1,T24,HALLMARK_KRAS_SIGNALING_UP,HALLMARK_SECONDARY,SSGSEA_RANK_WALK,93,-0.13201635283936616,0.2071538834081666,-0.13279141491188282,0.10540925533894598,NO_KNOWN_OVERLAP,INCLUDE_PRIMARY_INDEPENDENT,0.3397323687893932
GSE236713,SIG001,T1,T24,HALLMARK_MITOTIC_SPINDLE,HALLMARK_SECONDARY,SSGSEA_RANK_WALK,93,-0.026692727761033687,0.7995116893138668,-0.026699070010678273,0.10540925533894598,NO_KNOWN_OVERLAP,INCLUDE_PRIMARY_INDEPENDENT,0.7995116893138668
GSE236713,SIG001,T1,T24,HALLMARK_MTORC1_SIGNALING,HALLMARK_SECONDARY,SSGSEA_RANK_WALK,93,-0.23493778162394433,0.023399794140458,-0.2394093534056355,0.10540925533894598,NO_KNOWN_OVERLAP,INCLUDE_PRIMARY_INDEPENDENT,0.07379935075067523
GSE236713,SIG001,T1,T24,HALLMARK_MYC_TARGETS_V1,HALLMARK_SECONDARY,SSGSEA_RANK_WALK,93,-0.3745635761391782,0.0002165217900247857,-0.39372093815822223,0.10540925533894598,NO_KNOWN_OVERLAP,INCLUDE_PRIMARY_INDEPENDENT,0.002959131130338738
GSE236713,SIG001,T1,T24,HALLMARK_MYC_TARGETS_V2,HALLMARK_SECONDARY,SSGSEA_RANK_WALK,93,-0.3901703918116439,0.00011055135886119291,-0.4120010076703055,0.10540925533894598,NO_KNOWN_OVERLAP,INCLUDE_PRIMARY_INDEPENDENT,0.002959131130338738
GSE236713,SIG001,T1,T24,HALLMARK_MYOGENESIS,HALLMARK_SECONDARY,SSGSEA_RANK_WALK,93,-0.07485601742711348,0.4757693961034002,-0.0749963060397757,0.10540925533894598,NO_KNOWN_OVERLAP,INCLUDE_PRIMARY_INDEPENDENT,0.5383902950291884
GSE236713,SIG001,T1,T24,HALLMARK_NOTCH_SIGNALING,HALLMARK_SECONDARY,SSGSEA_RANK_WALK,93,-0.35737519023604186,0.000436986192078603,-0.37387352617050684,0.10540925533894598,NO_KNOWN_OVERLAP,INCLUDE_PRIMARY_INDEPENDENT,0.004479108468805681
GSE236713,SIG001,T1,T24,HALLMARK_OXIDATIVE_PHOSPHORYLATION,PRESET_PRIMARY,SSGSEA_RANK_WALK,93,-0.3578526454000179,0.00042876987455266755,-0.37442099601843837,0.10540925533894598,NO_KNOWN_OVERLAP,INCLUDE_PRIMARY_INDEPENDENT,0.003858928870974008
GSE236713,SIG001,T1,T24,HALLMARK_P53_PATHWAY,HALLMARK_SECONDARY,SSGSEA_RANK_WALK,93,-0.23907075288711166,0.021004251225393712,-0.2437883024310049,0.10540925533894598,NO_KNOWN_OVERLAP,INCLUDE_PRIMARY_INDEPENDENT,0.07370421489915528
GSE236713,SIG001,T1,T24,HALLMARK_PANCREAS_BETA_CELLS,HALLMARK_SECONDARY,SSGSEA_RANK_WALK,93,-0.1253767419653248,0.23112393499409795,-0.1260399544660545,0.10540925533894598,NO_KNOWN_OVERLAP,INCLUDE_PRIMARY_INDEPENDENT,0.350965975361408
GSE236713,SIG001,T1,T24,HALLMARK_PEROXISOME,HALLMARK_SECONDARY,SSGSEA_RANK_WALK,93,-0.2638536599922413,0.010601796194021762,-0.2702459310924705,0.10540925533894598,NO_KNOWN_OVERLAP,INCLUDE_PRIMARY_INDEPENDENT,0.043467364395489226
GSE236713,SIG001,T1,T24,HALLMARK_PI3K_AKT_MTOR_SIGNALING,HALLMARK_SECONDARY,SSGSEA_RANK_WALK,93,-0.09153710721852526,0.3828555543449086,-0.09179406471744152,0.10540925533894598,NO_KNOWN_OVERLAP,INCLUDE_PRIMARY_INDEPENDENT,0.49053367900441414
GSE236713,SIG001,T1,T24,HALLMARK_PROTEIN_SECRETION,HALLMARK_SECONDARY,SSGSEA_RANK_WALK,93,-0.16922801468174628,0.10488411924334158,-0.17087181109981076,0.10540925533894598,NO_KNOWN_OVERLAP,INCLUDE_PRIMARY_INDEPENDENT,0.19546585858986384
GSE236713,SIG001,T1,T24,HALLMARK_REACTIVE_OXYGEN_SPECIES_PATHWAY,HALLMARK_SECONDARY,SSGSEA_RANK_WALK,93,-0.18468562561546953,0.07635561894989039,-0.18682947461392463,0.10540925533894598,NO_KNOWN_OVERLAP,INCLUDE_PRIMARY_INDEPENDENT,0.15937430560645333
GSE236713,SIG001,T1,T24,HALLMARK_SPERMATOGENESIS,HALLMARK_SECONDARY,SSGSEA_RANK_WALK,93,-0.2238220285876279,0.03102825829713451,-0.22767610626420864,0.10540925533894598,NO_KNOWN_OVERLAP,INCLUDE_PRIMARY_INDEPENDENT,0.0908684707273225
GSE236713,SIG001,T1,T24,HALLMARK_TGF_BETA_SIGNALING,HALLMARK_SECONDARY,SSGSEA_RANK_WALK,93,-0.09287994986720778,0.375884940996401,-0.09314842288878808,0.10540925533894598,NO_KNOWN_OVERLAP,INCLUDE_PRIMARY_INDEPENDENT,0.49053367900441414
GSE236713,SIG001,T1,T24,HALLMARK_TNFA_SIGNALING_VIA_NFKB,PRESET_PRIMARY,SSGSEA_RANK_WALK,93,0.028304138939452713,0.787685334673064,0.02831170095230629,0.10540925533894598,NO_KNOWN_OVERLAP,INCLUDE_PRIMARY_INDEPENDENT,0.787685334673064
GSE236713,SIG001,T1,T24,HALLMARK_UNFOLDED_PROTEIN_RESPONSE,HALLMARK_SECONDARY,SSGSEA_RANK_WALK,93,-0.2876816567694189,0.005171563110832676,-0.29603689622764273,0.10540925533894598,NO_KNOWN_OVERLAP,INCLUDE_PRIMARY_INDEPENDENT,0.034235528197263346
GSE236713,SIG001,T1,T24,HALLMARK_UV_RESPONSE_DN,HALLMARK_SECONDARY,SSGSEA_RANK_WALK,93,-0.11791650502819967,0.2602931869460996,-0.11846762572774912,0.10540925533894598,NO_KNOWN_OVERLAP,INCLUDE_PRIMARY_INDEPENDENT,0.3557340221596695
GSE236713,SIG001,T1,T24,HALLMARK_UV_RESPONSE_UP,HALLMARK_SECONDARY,SSGSEA_RANK_WALK,93,-0.15972367282384883,0.12618434712998428,-0.16110312198735552,0.10540925533894598,NO_KNOWN_OVERLAP,INCLUDE_PRIMARY_INDEPENDENT,0.21556492634705648
GSE236713,SIG001,T1,T24,HALLMARK_WNT_BETA_CATENIN_SIGNALING,HALLMARK_SECONDARY,SSGSEA_RANK_WALK,93,-0.3232371460117573,0.0015759548992287547,-0.3352577373606602,0.10540925533894598,NO_KNOWN_OVERLAP,INCLUDE_PRIMARY_INDEPENDENT,0.012922830173675789
GSE236713,SIG001,T1,T24,HALLMARK_XENOBIOTIC_METABOLISM,HALLMARK_SECONDARY,SSGSEA_RANK_WALK,93,-0.21812240756766432,0.03569289306893636,-0.22168387258383032,0.10540925533894598,NO_KNOWN_OVERLAP,INCLUDE_PRIMARY_INDEPENDENT,0.09486419872990659
GSE236713,SIG001,T1,T24,Neutrophil degranulation,REACTOME_SUPPLEMENT,SSGSEA_RANK_WALK,93,-0.0491778818895288,0.6396962223563977,-0.0492175844971527,0.10540925533894598,NO_KNOWN_OVERLAP,INCLUDE_PRIMARY_INDEPENDENT,0.6396962223563977
GSE236713,SIG001,T1,T24,TCR signaling,REACTOME_SUPPLEMENT,SSGSEA_RANK_WALK,93,-0.2534839306496374,0.014221000079730286,-0.2591324774634104,0.10540925533894598,NO_KNOWN_OVERLAP,INCLUDE_PRIMARY_INDEPENDENT,0.028442000159460572
GSE236713,SIG002,T1,T24,HALLMARK_ADIPOGENESIS,HALLMARK_SECONDARY,SSGSEA_RANK_WALK,93,-0.24845573095401505,0.016332515844207803,-0.25376626813376046,0.10540925533894598,NO_KNOWN_OVERLAP,INCLUDE_PRIMARY_INDEPENDENT,0.09566187851607429
GSE236713,SIG002,T1,T24,HALLMARK_ALLOGRAFT_REJECTION,PRESET_PRIMARY,SSGSEA_RANK_WALK,93,-0.14105816000716181,0.1774423963516062,-0.1420050541760174,0.10540925533894598,NO_KNOWN_OVERLAP,INCLUDE_PRIMARY_INDEPENDENT,0.22814022388063654
GSE236713,SIG002,T1,T24,HALLMARK_ANDROGEN_RESPONSE,HALLMARK_SECONDARY,SSGSEA_RANK_WALK,93,-0.13349347975291692,0.20207170759700638,-0.1342950418406647,0.10540925533894598,NO_KNOWN_OVERLAP,INCLUDE_PRIMARY_INDEPENDENT,0.26725612940249227
GSE236713,SIG002,T1,T24,HALLMARK_ANGIOGENESIS,HALLMARK_SECONDARY,SSGSEA_RANK_WALK,93,-0.1286144847960371,0.21920363126065132,-0.129330774327032,0.10540925533894598,NO_KNOWN_OVERLAP,INCLUDE_PRIMARY_INDEPENDENT,0.2723439055056577
GSE236713,SIG002,T1,T24,HALLMARK_APICAL_JUNCTION,HALLMARK_SECONDARY,SSGSEA_RANK_WALK,93,-0.17913520933424845,0.08578202174280494,-0.1810890840168118,0.10540925533894598,NO_KNOWN_OVERLAP,INCLUDE_PRIMARY_INDEPENDENT,0.12894592361201973
GSE236713,SIG002,T1,T24,HALLMARK_APICAL_SURFACE,HALLMARK_SECONDARY,SSGSEA_RANK_WALK,93,0.007325952672256868,0.9444369423816552,0.007326083736751316,0.10540925533894598,NO_KNOWN_OVERLAP,INCLUDE_PRIMARY_INDEPENDENT,0.9444369423816552
GSE236713,SIG002,T1,T24,HALLMARK_APOPTOSIS,PRESET_PRIMARY,SSGSEA_RANK_WALK,93,-0.1801945629793202,0.08391484625782905,-0.1821837737848878,0.10540925533894598,NO_KNOWN_OVERLAP,INCLUDE_PRIMARY_INDEPENDENT,0.14342730358267944
GSE236713,SIG002,T1,T24,HALLMARK_BILE_ACID_METABOLISM,HALLMARK_SECONDARY,SSGSEA_RANK_WALK,93,-0.2743427531258392,0.007787465040157346,-0.28155402266861196,0.10540925533894598,NO_KNOWN_OVERLAP,INCLUDE_PRIMARY_INDEPENDENT,0.07896367537492904
GSE236713,SIG002,T1,T24,HALLMARK_CHOLESTEROL_HOMEOSTASIS,HALLMARK_SECONDARY,SSGSEA_RANK_WALK,93,-0.2884276804631315,0.005051618995458066,-0.2968504227350392,0.10540925533894598,NO_KNOWN_OVERLAP,INCLUDE_PRIMARY_INDEPENDENT,0.07896367537492904
GSE236713,SIG002,T1,T24,HALLMARK_COAGULATION,PRESET_PRIMARY,SSGSEA_RANK_WALK,93,-0.17383844110888957,0.09561820238845296,-0.1756220152990897,0.10540925533894598,NO_KNOWN_OVERLAP,INCLUDE_PRIMARY_INDEPENDENT,0.14342730358267944
GSE236713,SIG002,T1,T24,HALLMARK_COMPLEMENT,PRESET_PRIMARY,SSGSEA_RANK_WALK,93,-0.19633851571125893,0.05926595861746312,-0.19892139663979588,0.10540925533894598,NO_KNOWN_OVERLAP,INCLUDE_PRIMARY_INDEPENDENT,0.13334840688929203
GSE236713,SIG002,T1,T24,HALLMARK_DNA_REPAIR,HALLMARK_SECONDARY,SSGSEA_RANK_WALK,93,-0.21643639401987402,0.03718058411114302,-0.21991431722726423,0.10540925533894598,NO_KNOWN_OVERLAP,INCLUDE_PRIMARY_INDEPENDENT,0.12308195678097802
GSE236713,SIG002,T1,T24,HALLMARK_E2F_TARGETS,HALLMARK_SECONDARY,SSGSEA_RANK_WALK,93,-0.14472859658022738,0.16631717584891442,-0.14575200243525524,0.10540925533894598,NO_KNOWN_OVERLAP,INCLUDE_PRIMARY_INDEPENDENT,0.22730014032684973
GSE236713,SIG002,T1,T24,HALLMARK_EPITHELIAL_MESENCHYMAL_TRANSITION,HALLMARK_SECONDARY,SSGSEA_RANK_WALK,93,-0.17786696905493715,0.0880606307594281,-0.1797791041225373,0.10540925533894598,NO_KNOWN_OVERLAP,INCLUDE_PRIMARY_INDEPENDENT,0.12894592361201973
GSE236713,SIG002,T1,T24,HALLMARK_ESTROGEN_RESPONSE_EARLY,HALLMARK_SECONDARY,SSGSEA_RANK_WALK,93,-0.20991614693682667,0.04343112140896644,-0.21308362659549598,0.10540925533894598,NO_KNOWN_OVERLAP,INCLUDE_PRIMARY_INDEPENDENT,0.12308195678097802
GSE236713,SIG002,T1,T24,HALLMARK_ESTROGEN_RESPONSE_LATE,HALLMARK_SECONDARY,SSGSEA_RANK_WALK,93,-0.20461937871146785,0.04913022126622706,-0.20754907937058334,0.10540925533894598,NO_KNOWN_OVERLAP,INCLUDE_PRIMARY_INDEPENDENT,0.12308195678097802
GSE236713,SIG002,T1,T24,HALLMARK_FATTY_ACID_METABOLISM,HALLMARK_SECONDARY,SSGSEA_RANK_WALK,93,-0.19032556473993612,0.06764696127996625,-0.19267494870543087,0.10540925533894598,NO_KNOWN_OVERLAP,INCLUDE_PRIMARY_INDEPENDENT,0.12894592361201973
GSE236713,SIG002,T1,T24,HALLMARK_G2M_CHECKPOINT,HALLMARK_SECONDARY,SSGSEA_RANK_WALK,93,-0.16273760854644742,0.11909856235595395,-0.16419749963808772,0.10540925533894598,NO_KNOWN_OVERLAP,INCLUDE_PRIMARY_INDEPENDENT,0.16838072608945215
GSE236713,SIG002,T1,T24,HALLMARK_GLYCOLYSIS,HALLMARK_SECONDARY,SSGSEA_RANK_WALK,93,-0.2878905434036585,0.00513772627183508,-0.2962646452262472,0.10540925533894598,NO_KNOWN_OVERLAP,INCLUDE_PRIMARY_INDEPENDENT,0.07896367537492904
GSE236713,SIG002,T1,T24,HALLMARK_HEDGEHOG_SIGNALING,HALLMARK_SECONDARY,SSGSEA_RANK_WALK,93,-0.02372355346005789,0.8214198164870162,-0.023728005557452813,0.10540925533894598,NO_KNOWN_OVERLAP,INCLUDE_PRIMARY_INDEPENDENT,0.8635439096401964
GSE236713,SIG002,T1,T24,HALLMARK_HEME_METABOLISM,HALLMARK_SECONDARY,SSGSEA_RANK_WALK,93,-0.10392110053415295,0.32153333910821064,-0.10429764541901308,0.10540925533894598,NO_KNOWN_OVERLAP,INCLUDE_PRIMARY_INDEPENDENT,0.3766533400981896
GSE236713,SIG002,T1,T24,HALLMARK_HYPOXIA,HALLMARK_SECONDARY,SSGSEA_RANK_WALK,93,-0.2140192772522455,0.03940366330184047,-0.21737979212580408,0.10540925533894598,NO_KNOWN_OVERLAP,INCLUDE_PRIMARY_INDEPENDENT,0.12308195678097802
GSE236713,SIG002,T1,T24,HALLMARK_IL2_STAT5_SIGNALING,HALLMARK_SECONDARY,SSGSEA_RANK_WALK,93,-0.12289994330219926,0.2405433031646348,-0.12352438874325777,0.10540925533894598,NO_KNOWN_OVERLAP,INCLUDE_PRIMARY_INDEPENDENT,0.2900669244044125
GSE236713,SIG002,T1,T24,HALLMARK_IL6_JAK_STAT3_SIGNALING,HALLMARK_SECONDARY,SSGSEA_RANK_WALK,93,-0.17844886753603292,0.08700926297990035,-0.18038007766975117,0.10540925533894598,NO_KNOWN_OVERLAP,INCLUDE_PRIMARY_INDEPENDENT,0.12894592361201973
GSE236713,SIG002,T1,T24,HALLMARK_INFLAMMATORY_RESPONSE,PRESET_PRIMARY,SSGSEA_RANK_WALK,93,-0.21906239742174208,0.0348853752484743,-0.22267103158689897,0.10540925533894598,NO_KNOWN_OVERLAP,INCLUDE_PRIMARY_INDEPENDENT,0.10465612574542289
GSE236713,SIG002,T1,T24,HALLMARK_INTERFERON_ALPHA_RESPONSE,PRESET_PRIMARY,SSGSEA_RANK_WALK,93,-0.07760138461997551,0.459691317754369,-0.07775772107914045,0.10540925533894598,NO_KNOWN_OVERLAP,INCLUDE_PRIMARY_INDEPENDENT,0.459691317754369
GSE236713,SIG002,T1,T24,HALLMARK_INTERFERON_GAMMA_RESPONSE,PRESET_PRIMARY,SSGSEA_RANK_WALK,93,-0.10944167586762554,0.29635413087585194,-0.10988178826288324,0.10540925533894598,NO_KNOWN_OVERLAP,INCLUDE_PRIMARY_INDEPENDENT,0.33339839723533343
GSE236713,SIG002,T1,T24,HALLMARK_KRAS_SIGNALING_DN,HALLMARK_SECONDARY,SSGSEA_RANK_WALK,93,0.19911372385186948,0.055694351030188355,0.20180951990074908,0.10540925533894598,NO_KNOWN_OVERLAP,INCLUDE_PRIMARY_INDEPENDENT,0.12646082395281136
GSE236713,SIG002,T1,T24,HALLMARK_KRAS_SIGNALING_UP,HALLMARK_SECONDARY,SSGSEA_RANK_WALK,93,-0.0706186028468264,0.5011693322082427,-0.07073634671347472,0.10540925533894598,NO_KNOWN_OVERLAP,INCLUDE_PRIMARY_INDEPENDENT,0.5424975956194242
GSE236713,SIG002,T1,T24,HALLMARK_MITOTIC_SPINDLE,HALLMARK_SECONDARY,SSGSEA_RANK_WALK,93,-0.18528244457043952,0.07539354182454744,-0.18744743979809286,0.10540925533894598,NO_KNOWN_OVERLAP,INCLUDE_PRIMARY_INDEPENDENT,0.12894592361201973
GSE236713,SIG002,T1,T24,HALLMARK_MTORC1_SIGNALING,HALLMARK_SECONDARY,SSGSEA_RANK_WALK,93,-0.26716600519232486,0.009629716509137689,-0.273809495705738,0.10540925533894598,NO_KNOWN_OVERLAP,INCLUDE_PRIMARY_INDEPENDENT,0.07896367537492904
GSE236713,SIG002,T1,T24,HALLMARK_MYC_TARGETS_V1,HALLMARK_SECONDARY,SSGSEA_RANK_WALK,93,-0.18349198770552946,0.07830930181428356,-0.1855939667968637,0.10540925533894598,NO_KNOWN_OVERLAP,INCLUDE_PRIMARY_INDEPENDENT,0.12894592361201973
GSE236713,SIG002,T1,T24,HALLMARK_MYC_TARGETS_V2,HALLMARK_SECONDARY,SSGSEA_RANK_WALK,93,-0.18277580495956547,0.07950058661401108,-0.18485293114330545,0.10540925533894598,NO_KNOWN_OVERLAP,INCLUDE_PRIMARY_INDEPENDENT,0.12894592361201973
GSE236713,SIG002,T1,T24,HALLMARK_MYOGENESIS,HALLMARK_SECONDARY,SSGSEA_RANK_WALK,93,-0.016024588940944762,0.878827875938113,-0.016025960790096182,0.10540925533894598,NO_KNOWN_OVERLAP,INCLUDE_PRIMARY_INDEPENDENT,0.9007985728365657
GSE236713,SIG002,T1,T24,HALLMARK_NOTCH_SIGNALING,HALLMARK_SECONDARY,SSGSEA_RANK_WALK,93,-0.19678612992748645,0.058677566403751685,-0.19938700027477882,0.10540925533894598,NO_KNOWN_OVERLAP,INCLUDE_PRIMARY_INDEPENDENT,0.12646082395281136
GSE236713,SIG002,T1,T24,HALLMARK_OXIDATIVE_PHOSPHORYLATION,PRESET_PRIMARY,SSGSEA_RANK_WALK,93,-0.2252245531318074,0.029962806784949177,-0.2291530867332625,0.10540925533894598,NO_KNOWN_OVERLAP,INCLUDE_PRIMARY_INDEPENDENT,0.10465612574542289
GSE236713,SIG002,T1,T24,HALLMARK_P53_PATHWAY,HALLMARK_SECONDARY,SSGSEA_RANK_WALK,93,-0.19453313837247468,0.06168820680624944,-0.19704432360043483,0.10540925533894598,NO_KNOWN_OVERLAP,INCLUDE_PRIMARY_INDEPENDENT,0.12646082395281136
GSE236713,SIG002,T1,T24,HALLMARK_PANCREAS_BETA_CELLS,HALLMARK_SECONDARY,SSGSEA_RANK_WALK,93,0.0703500343170899,0.5028026495984907,0.07046643726135407,0.10540925533894598,NO_KNOWN_OVERLAP,INCLUDE_PRIMARY_INDEPENDENT,0.5424975956194242
GSE236713,SIG002,T1,T24,HALLMARK_PEROXISOME,HALLMARK_SECONDARY,SSGSEA_RANK_WALK,93,-0.2356688848437826,0.02295980175421692,-0.24018330876411412,0.10540925533894598,NO_KNOWN_OVERLAP,INCLUDE_PRIMARY_INDEPENDENT,0.10459465243587708
GSE236713,SIG002,T1,T24,HALLMARK_PI3K_AKT_MTOR_SIGNALING,HALLMARK_SECONDARY,SSGSEA_RANK_WALK,93,-0.22244934499119687,0.03210182982836386,-0.226231495916328,0.10540925533894598,NO_KNOWN_OVERLAP,INCLUDE_PRIMARY_INDEPENDENT,0.12308195678097802
GSE236713,SIG002,T1,T24,HALLMARK_PROTEIN_SECRETION,HALLMARK_SECONDARY,SSGSEA_RANK_WALK,93,-0.23871266151412965,0.02120314150076561,-0.24340853819362548,0.10540925533894598,NO_KNOWN_OVERLAP,INCLUDE_PRIMARY_INDEPENDENT,0.10459465243587708
GSE236713,SIG002,T1,T24,HALLMARK_REACTIVE_OXYGEN_SPECIES_PATHWAY,HALLMARK_SECONDARY,SSGSEA_RANK_WALK,93,-0.2579749932857867,0.01253952227864297,-0.26393780727047217,0.10540925533894598,NO_KNOWN_OVERLAP,INCLUDE_PRIMARY_INDEPENDENT,0.08568673557072697
GSE236713,SIG002,T1,T24,HALLMARK_SPERMATOGENESIS,HALLMARK_SECONDARY,SSGSEA_RANK_WALK,93,-0.08309211900569961,0.4284513340772277,-0.08328414610234008,0.10540925533894598,NO_KNOWN_OVERLAP,INCLUDE_PRIMARY_INDEPENDENT,0.48795846381017594
GSE236713,SIG002,T1,T24,HALLMARK_TGF_BETA_SIGNALING,HALLMARK_SECONDARY,SSGSEA_RANK_WALK,93,-0.20296320611142607,0.05103398207991772,-0.2058211435950083,0.10540925533894598,NO_KNOWN_OVERLAP,INCLUDE_PRIMARY_INDEPENDENT,0.12308195678097802
GSE236713,SIG002,T1,T24,HALLMARK_TNFA_SIGNALING_VIA_NFKB,PRESET_PRIMARY,SSGSEA_RANK_WALK,93,-0.23892154814836913,0.021086927046897568,-0.2436300589576289,0.10540925533894598,NO_KNOWN_OVERLAP,INCLUDE_PRIMARY_INDEPENDENT,0.10465612574542289
GSE236713,SIG002,T1,T24,HALLMARK_UNFOLDED_PROTEIN_RESPONSE,HALLMARK_SECONDARY,SSGSEA_RANK_WALK,93,-0.21434752767747897,0.03909540284460732,-0.2177238248963361,0.10540925533894598,NO_KNOWN_OVERLAP,INCLUDE_PRIMARY_INDEPENDENT,0.12308195678097802
GSE236713,SIG002,T1,T24,HALLMARK_UV_RESPONSE_DN,HALLMARK_SECONDARY,SSGSEA_RANK_WALK,93,-0.18425293187311628,0.07705926225846553,-0.1863815380690773,0.10540925533894598,NO_KNOWN_OVERLAP,INCLUDE_PRIMARY_INDEPENDENT,0.12894592361201973
GSE236713,SIG002,T1,T24,HALLMARK_UV_RESPONSE_UP,HALLMARK_SECONDARY,SSGSEA_RANK_WALK,93,-0.2707767598698934,0.008659915199025805,-0.2777018507074159,0.10540925533894598,NO_KNOWN_OVERLAP,INCLUDE_PRIMARY_INDEPENDENT,0.07896367537492904
GSE236713,SIG002,T1,T24,HALLMARK_WNT_BETA_CATENIN_SIGNALING,HALLMARK_SECONDARY,SSGSEA_RANK_WALK,93,-0.13091223777267164,0.21101179849015286,-0.13166788185747905,0.10540925533894598,NO_KNOWN_OVERLAP,INCLUDE_PRIMARY_INDEPENDENT,0.27035886681550836
GSE236713,SIG002,T1,T24,HALLMARK_XENOBIOTIC_METABOLISM,HALLMARK_SECONDARY,SSGSEA_RANK_WALK,93,-0.20697681358359937,0.04652178928229383,-0.21001077544474692,0.10540925533894598,NO_KNOWN_OVERLAP,INCLUDE_PRIMARY_INDEPENDENT,0.12308195678097802
GSE236713,SIG002,T1,T24,Neutrophil degranulation,REACTOME_SUPPLEMENT,SSGSEA_RANK_WALK,93,-0.2970069529408254,0.003839785250768694,-0.3062337718563146,0.10540925533894598,NO_KNOWN_OVERLAP,INCLUDE_PRIMARY_INDEPENDENT,0.007679570501537388
GSE236713,SIG002,T1,T24,TCR signaling,REACTOME_SUPPLEMENT,SSGSEA_RANK_WALK,93,-0.1492495001641252,0.15333368491255736,-0.15037274942903053,0.10540925533894598,NO_KNOWN_OVERLAP,INCLUDE_PRIMARY_INDEPENDENT,0.15333368491255736
GSE236713,SIG003,T1,T24,HALLMARK_ADIPOGENESIS,HALLMARK_SECONDARY,SSGSEA_RANK_WALK,93,-0.012846528005729458,0.9027272327852855,-0.012847234777274124,0.10540925533894598,NO_KNOWN_OVERLAP,INCLUDE_PRIMARY_INDEPENDENT,0.9490209370306848
GSE236713,SIG003,T1,T24,HALLMARK_ALLOGRAFT_REJECTION,PRESET_PRIMARY,SSGSEA_RANK_WALK,93,-0.10681567246575749,0.3081648086696187,-0.10722471729244036,0.10540925533894598,NO_KNOWN_OVERLAP,INCLUDE_PRIMARY_INDEPENDENT,0.6933708195066421
GSE236713,SIG003,T1,T24,HALLMARK_ANDROGEN_RESPONSE,HALLMARK_SECONDARY,SSGSEA_RANK_WALK,93,0.10638297872340424,0.31013986921621545,0.10678705014902952,0.10540925533894598,NO_KNOWN_OVERLAP,INCLUDE_PRIMARY_INDEPENDENT,0.7986409339157369
GSE236713,SIG003,T1,T24,HALLMARK_ANGIOGENESIS,HALLMARK_SECONDARY,SSGSEA_RANK_WALK,93,0.14938378442899344,0.15295997687031557,0.15051009589675554,0.10540925533894598,NO_KNOWN_OVERLAP,INCLUDE_PRIMARY_INDEPENDENT,0.5549669907788959
GSE236713,SIG003,T1,T24,HALLMARK_APICAL_JUNCTION,HALLMARK_SECONDARY,SSGSEA_RANK_WALK,93,-0.025812419802452923,0.805991719392878,-0.025818154870425346,0.10540925533894598,NO_KNOWN_OVERLAP,INCLUDE_PRIMARY_INDEPENDENT,0.918814635988278
GSE236713,SIG003,T1,T24,HALLMARK_APICAL_SURFACE,HALLMARK_SECONDARY,SSGSEA_RANK_WALK,93,-0.17953806212885318,0.08506811617604938,-0.18150532376615228,0.10540925533894598,NO_KNOWN_OVERLAP,INCLUDE_PRIMARY_INDEPENDENT,0.5549669907788959
GSE236713,SIG003,T1,T24,HALLMARK_APOPTOSIS,PRESET_PRIMARY,SSGSEA_RANK_WALK,93,0.02332070066545313,0.8244032604719183,0.023324929739379278,0.10540925533894598,NO_KNOWN_OVERLAP,INCLUDE_PRIMARY_INDEPENDENT,0.927453668030908
GSE236713,SIG003,T1,T24,HALLMARK_BILE_ACID_METABOLISM,HALLMARK_SECONDARY,SSGSEA_RANK_WALK,93,-0.060621885351078736,0.5637767878615173,-0.06069631160251623,0.10540925533894598,NO_KNOWN_OVERLAP,INCLUDE_PRIMARY_INDEPENDENT,0.8561054926786004
GSE236713,SIG003,T1,T24,HALLMARK_CHOLESTEROL_HOMEOSTASIS,HALLMARK_SECONDARY,SSGSEA_RANK_WALK,93,0.0787204201605443,0.45322461548211757,0.07888363509140289,0.10540925533894598,NO_KNOWN_OVERLAP,INCLUDE_PRIMARY_INDEPENDENT,0.8271303326090793
GSE236713,SIG003,T1,T24,HALLMARK_COAGULATION,PRESET_PRIMARY,SSGSEA_RANK_WALK,93,0.028319059413326964,0.7875760515002643,0.02832663339523039,0.10540925533894598,NO_KNOWN_OVERLAP,INCLUDE_PRIMARY_INDEPENDENT,0.927453668030908
GSE236713,SIG003,T1,T24,HALLMARK_COMPLEMENT,PRESET_PRIMARY,SSGSEA_RANK_WALK,93,0.0882247620184417,0.4003796846977151,0.08845473934956638,0.10540925533894598,NO_KNOWN_OVERLAP,INCLUDE_PRIMARY_INDEPENDENT,0.7206834324558872
GSE236713,SIG003,T1,T24,HALLMARK_DNA_REPAIR,HALLMARK_SECONDARY,SSGSEA_RANK_WALK,93,-0.152278356360598,0.14506922013008133,-0.15347205468641908,0.10540925533894598,NO_KNOWN_OVERLAP,INCLUDE_PRIMARY_INDEPENDENT,0.5549669907788959
GSE236713,SIG003,T1,T24,HALLMARK_E2F_TARGETS,HALLMARK_SECONDARY,SSGSEA_RANK_WALK,93,-0.19390647846975617,0.06254759486261326,-0.19639309859721873,0.10540925533894598,NO_KNOWN_OVERLAP,INCLUDE_PRIMARY_INDEPENDENT,0.5549669907788959
GSE236713,SIG003,T1,T24,HALLMARK_EPITHELIAL_MESENCHYMAL_TRANSITION,HALLMARK_SECONDARY,SSGSEA_RANK_WALK,93,-0.022798484079854374,0.8282743981551778,-0.022802435308184106,0.10540925533894598,NO_KNOWN_OVERLAP,INCLUDE_PRIMARY_INDEPENDENT,0.918814635988278
GSE236713,SIG003,T1,T24,HALLMARK_ESTROGEN_RESPONSE_EARLY,HALLMARK_SECONDARY,SSGSEA_RANK_WALK,93,-0.10001193637909937,0.3401696840265378,-0.10034740469419841,0.10540925533894598,NO_KNOWN_OVERLAP,INCLUDE_PRIMARY_INDEPENDENT,0.7986409339157369
GSE236713,SIG003,T1,T24,HALLMARK_ESTROGEN_RESPONSE_LATE,HALLMARK_SECONDARY,SSGSEA_RANK_WALK,93,-0.15685894183999283,0.13321443710472652,-0.15816476490697398,0.10540925533894598,NO_KNOWN_OVERLAP,INCLUDE_PRIMARY_INDEPENDENT,0.5549669907788959
GSE236713,SIG003,T1,T24,HALLMARK_FATTY_ACID_METABOLISM,HALLMARK_SECONDARY,SSGSEA_RANK_WALK,93,-0.060950135776312246,0.5616636306203444,-0.06102577939417099,0.10540925533894598,NO_KNOWN_OVERLAP,INCLUDE_PRIMARY_INDEPENDENT,0.8561054926786004
GSE236713,SIG003,T1,T24,HALLMARK_G2M_CHECKPOINT,HALLMARK_SECONDARY,SSGSEA_RANK_WALK,93,-0.1555757810868073,0.13645835694180858,-0.15684950656964838,0.10540925533894598,NO_KNOWN_OVERLAP,INCLUDE_PRIMARY_INDEPENDENT,0.5549669907788959
GSE236713,SIG003,T1,T24,HALLMARK_GLYCOLYSIS,HALLMARK_SECONDARY,SSGSEA_RANK_WALK,93,-0.08801587538420218,0.40150046815486107,-0.08824421797595265,0.10540925533894598,NO_KNOWN_OVERLAP,INCLUDE_PRIMARY_INDEPENDENT,0.8230759597174652
GSE236713,SIG003,T1,T24,HALLMARK_HEDGEHOG_SIGNALING,HALLMARK_SECONDARY,SSGSEA_RANK_WALK,93,-0.05232610187699561,0.6183914640682511,-0.052373937140166506,0.10540925533894598,NO_KNOWN_OVERLAP,INCLUDE_PRIMARY_INDEPENDENT,0.9055017866713676
GSE236713,SIG003,T1,T24,HALLMARK_HEME_METABOLISM,HALLMARK_SECONDARY,SSGSEA_RANK_WALK,93,-0.07124526274954492,0.4973690347305464,-0.07136617551951356,0.10540925533894598,NO_KNOWN_OVERLAP,INCLUDE_PRIMARY_INDEPENDENT,0.8271303326090793
GSE236713,SIG003,T1,T24,HALLMARK_HYPOXIA,HALLMARK_SECONDARY,SSGSEA_RANK_WALK,93,0.02494703231774641,0.8123747156780079,0.02495220954974967,0.10540925533894598,NO_KNOWN_OVERLAP,INCLUDE_PRIMARY_INDEPENDENT,0.918814635988278
GSE236713,SIG003,T1,T24,HALLMARK_IL2_STAT5_SIGNALING,HALLMARK_SECONDARY,SSGSEA_RANK_WALK,93,-0.02185849422577661,0.8352527331852394,-0.021861976508238415,0.10540925533894598,NO_KNOWN_OVERLAP,INCLUDE_PRIMARY_INDEPENDENT,0.918814635988278
GSE236713,SIG003,T1,T24,HALLMARK_IL6_JAK_STAT3_SIGNALING,HALLMARK_SECONDARY,SSGSEA_RANK_WALK,93,0.24800811673778755,0.01653298427938734,0.2532892611736151,0.10540925533894598,NO_KNOWN_OVERLAP,INCLUDE_PRIMARY_INDEPENDENT,0.3389261777274405
GSE236713,SIG003,T1,T24,HALLMARK_INFLAMMATORY_RESPONSE,PRESET_PRIMARY,SSGSEA_RANK_WALK,93,0.1867894124317388,0.07300756194584797,0.18900843298269782,0.10540925533894598,NO_KNOWN_OVERLAP,INCLUDE_PRIMARY_INDEPENDENT,0.6570680575126318
GSE236713,SIG003,T1,T24,HALLMARK_INTERFERON_ALPHA_RESPONSE,PRESET_PRIMARY,SSGSEA_RANK_WALK,93,-0.0455223657903375,0.6648047114469949,-0.04555385006347382,0.10540925533894598,NO_KNOWN_OVERLAP,INCLUDE_PRIMARY_INDEPENDENT,0.927453668030908
GSE236713,SIG003,T1,T24,HALLMARK_INTERFERON_GAMMA_RESPONSE,PRESET_PRIMARY,SSGSEA_RANK_WALK,93,0.00799737399659813,0.9393538549914402,0.007997544501798891,0.10540925533894598,NO_KNOWN_OVERLAP,INCLUDE_PRIMARY_INDEPENDENT,0.9393538549914402
GSE236713,SIG003,T1,T24,HALLMARK_KRAS_SIGNALING_DN,HALLMARK_SECONDARY,SSGSEA_RANK_WALK,93,0.04862582435618154,0.6434630867889304,0.048664203599385635,0.10540925533894598,NO_KNOWN_OVERLAP,INCLUDE_PRIMARY_INDEPENDENT,0.9097236744257292
GSE236713,SIG003,T1,T24,HALLMARK_KRAS_SIGNALING_UP,HALLMARK_SECONDARY,SSGSEA_RANK_WALK,93,-0.003178060935215302,0.975880693099983,-0.0031780716348274976,0.10540925533894598,NO_KNOWN_OVERLAP,INCLUDE_PRIMARY_INDEPENDENT,0.9993204811944493
GSE236713,SIG003,T1,T24,HALLMARK_MITOTIC_SPINDLE,HALLMARK_SECONDARY,SSGSEA_RANK_WALK,93,0.07181224075676643,0.49394372048755175,0.07193606932551545,0.10540925533894598,NO_KNOWN_OVERLAP,INCLUDE_PRIMARY_INDEPENDENT,0.8271303326090793
GSE236713,SIG003,T1,T24,HALLMARK_MTORC1_SIGNALING,HALLMARK_SECONDARY,SSGSEA_RANK_WALK,93,-0.026707648234907937,0.7994019738642526,-0.0267140011289476,0.10540925533894598,NO_KNOWN_OVERLAP,INCLUDE_PRIMARY_INDEPENDENT,0.918814635988278
GSE236713,SIG003,T1,T24,HALLMARK_MYC_TARGETS_V1,HALLMARK_SECONDARY,SSGSEA_RANK_WALK,93,-0.22000238727581983,0.03409325365665232,-0.22365861771995918,0.10540925533894598,NO_KNOWN_OVERLAP,INCLUDE_PRIMARY_INDEPENDENT,0.46594113330758175
GSE236713,SIG003,T1,T24,HALLMARK_MYC_TARGETS_V2,HALLMARK_SECONDARY,SSGSEA_RANK_WALK,93,-0.3594491361045626,0.00040231562307677137,-0.37625315935766873,0.10540925533894598,NO_KNOWN_OVERLAP,INCLUDE_PRIMARY_INDEPENDENT,0.016494940546147627
GSE236713,SIG003,T1,T24,HALLMARK_MYOGENESIS,HALLMARK_SECONDARY,SSGSEA_RANK_WALK,93,-8.952284324550146e-05,0.9993204811944494,-8.952284348465695e-05,0.10540925533894598,NO_KNOWN_OVERLAP,INCLUDE_PRIMARY_INDEPENDENT,0.9993204811944493
GSE236713,SIG003,T1,T24,HALLMARK_NOTCH_SIGNALING,HALLMARK_SECONDARY,SSGSEA_RANK_WALK,93,-0.1283459162663006,0.22017557542265845,-0.1290576980817441,0.10540925533894598,NO_KNOWN_OVERLAP,INCLUDE_PRIMARY_INDEPENDENT,0.6447998994520712
GSE236713,SIG003,T1,T24,HALLMARK_OXIDATIVE_PHOSPHORYLATION,PRESET_PRIMARY,SSGSEA_RANK_WALK,93,-0.11384321566052938,0.2772344618319222,-0.11433888907857381,0.10540925533894598,NO_KNOWN_OVERLAP,INCLUDE_PRIMARY_INDEPENDENT,0.6933708195066421
GSE236713,SIG003,T1,T24,HALLMARK_P53_PATHWAY,HALLMARK_SECONDARY,SSGSEA_RANK_WALK,93,-0.07009638626122765,0.504347763786024,-0.07021153219091197,0.10540925533894598,NO_KNOWN_OVERLAP,INCLUDE_PRIMARY_INDEPENDENT,0.8271303326090793
GSE236713,SIG003,T1,T24,HALLMARK_PANCREAS_BETA_CELLS,HALLMARK_SECONDARY,SSGSEA_RANK_WALK,93,-0.09787830861508161,0.35062284903617713,-0.09819268104008459,0.10540925533894598,NO_KNOWN_OVERLAP,INCLUDE_PRIMARY_INDEPENDENT,0.7986409339157369
GSE236713,SIG003,T1,T24,HALLMARK_PEROXISOME,HALLMARK_SECONDARY,SSGSEA_RANK_WALK,93,-0.07986929664886155,0.44663833603457526,-0.08003978118046962,0.10540925533894598,NO_KNOWN_OVERLAP,INCLUDE_PRIMARY_INDEPENDENT,0.8271303326090793
GSE236713,SIG003,T1,T24,HALLMARK_PI3K_AKT_MTOR_SIGNALING,HALLMARK_SECONDARY,SSGSEA_RANK_WALK,93,0.04170272447852943,0.6914411593477906,0.04172692504500427,0.10540925533894598,NO_KNOWN_OVERLAP,INCLUDE_PRIMARY_INDEPENDENT,0.918814635988278
GSE236713,SIG003,T1,T24,HALLMARK_PROTEIN_SECRETION,HALLMARK_SECONDARY,SSGSEA_RANK_WALK,93,0.08995553698785473,0.3911645335781887,0.09019936193337594,0.10540925533894598,NO_KNOWN_OVERLAP,INCLUDE_PRIMARY_INDEPENDENT,0.8230759597174652
GSE236713,SIG003,T1,T24,HALLMARK_REACTIVE_OXYGEN_SPECIES_PATHWAY,HALLMARK_SECONDARY,SSGSEA_RANK_WALK,93,0.019665184566261817,0.8515842967696235,0.01966772012462729,0.10540925533894598,NO_KNOWN_OVERLAP,INCLUDE_PRIMARY_INDEPENDENT,0.918814635988278
GSE236713,SIG003,T1,T24,HALLMARK_SPERMATOGENESIS,HALLMARK_SECONDARY,SSGSEA_RANK_WALK,93,-0.14786189609381992,0.15723540238809947,-0.14895383129648057,0.10540925533894598,NO_KNOWN_OVERLAP,INCLUDE_PRIMARY_INDEPENDENT,0.5549669907788959
GSE236713,SIG003,T1,T24,HALLMARK_TGF_BETA_SIGNALING,HALLMARK_SECONDARY,SSGSEA_RANK_WALK,93,0.1415356151711378,0.1759651434176987,0.14249223583956624,0.10540925533894598,NO_KNOWN_OVERLAP,INCLUDE_PRIMARY_INDEPENDENT,0.5549669907788959
GSE236713,SIG003,T1,T24,HALLMARK_TNFA_SIGNALING_VIA_NFKB,PRESET_PRIMARY,SSGSEA_RANK_WALK,93,0.14198322938736532,0.1745884280806249,0.1429490296712924,0.10540925533894598,NO_KNOWN_OVERLAP,INCLUDE_PRIMARY_INDEPENDENT,0.6933708195066421
GSE236713,SIG003,T1,T24,HALLMARK_UNFOLDED_PROTEIN_RESPONSE,HALLMARK_SECONDARY,SSGSEA_RANK_WALK,93,-0.14228163886485032,0.17367502151664502,-0.14325359180235137,0.10540925533894598,NO_KNOWN_OVERLAP,INCLUDE_PRIMARY_INDEPENDENT,0.5549669907788959
GSE236713,SIG003,T1,T24,HALLMARK_UV_RESPONSE_DN,HALLMARK_SECONDARY,SSGSEA_RANK_WALK,93,0.10600996687654798,0.3118490898633126,0.10640978360212085,0.10540925533894598,NO_KNOWN_OVERLAP,INCLUDE_PRIMARY_INDEPENDENT,0.7986409339157369
GSE236713,SIG003,T1,T24,HALLMARK_UV_RESPONSE_UP,HALLMARK_SECONDARY,SSGSEA_RANK_WALK,93,-0.03398883948554206,0.7463643998878107,-0.03400193700122839,0.10540925533894598,NO_KNOWN_OVERLAP,INCLUDE_PRIMARY_INDEPENDENT,0.918814635988278
GSE236713,SIG003,T1,T24,HALLMARK_WNT_BETA_CATENIN_SIGNALING,HALLMARK_SECONDARY,SSGSEA_RANK_WALK,93,-0.16858643430515352,0.10622730095521361,-0.17021138908875424,0.10540925533894598,NO_KNOWN_OVERLAP,INCLUDE_PRIMARY_INDEPENDENT,0.5549669907788959
GSE236713,SIG003,T1,T24,HALLMARK_XENOBIOTIC_METABOLISM,HALLMARK_SECONDARY,SSGSEA_RANK_WALK,93,-0.02623019307093193,0.8029147884559725,-0.02623621121445875,0.10540925533894598,NO_KNOWN_OVERLAP,INCLUDE_PRIMARY_INDEPENDENT,0.918814635988278
GSE236713,SIG003,T1,T24,Neutrophil degranulation,REACTOME_SUPPLEMENT,SSGSEA_RANK_WALK,93,0.15794813643281308,0.130507220879388,0.15928163095403555,0.10540925533894598,NO_KNOWN_OVERLAP,INCLUDE_PRIMARY_INDEPENDENT,0.261014441758776
GSE236713,SIG003,T1,T24,TCR signaling,REACTOME_SUPPLEMENT,SSGSEA_RANK_WALK,93,-0.04611918474530751,0.6606790731292973,-0.04615192472007129,0.10540925533894598,NO_KNOWN_OVERLAP,INCLUDE_PRIMARY_INDEPENDENT,0.6606790731292973
GSE236713,SIG004,T1,T24,HALLMARK_ADIPOGENESIS,HALLMARK_SECONDARY,SSGSEA_RANK_WALK,93,0.08947808182387872,0.39369390646659974,0.08971803248828787,0.10540925533894598,NO_KNOWN_OVERLAP,INCLUDE_PRIMARY_INDEPENDENT,0.6478298247470614
GSE236713,SIG004,T1,T24,HALLMARK_ALLOGRAFT_REJECTION,PRESET_PRIMARY,SSGSEA_RANK_WALK,93,0.09977320879711139,0.34132941059709054,0.10010627095168587,0.10540925533894598,NO_KNOWN_OVERLAP,INCLUDE_PRIMARY_INDEPENDENT,0.38399558692172686
GSE236713,SIG004,T1,T24,HALLMARK_ANDROGEN_RESPONSE,HALLMARK_SECONDARY,SSGSEA_RANK_WALK,93,0.08409179075527438,0.4228973189941395,0.08429085241415703,0.10540925533894598,NO_KNOWN_OVERLAP,INCLUDE_PRIMARY_INDEPENDENT,0.6478298247470614
GSE236713,SIG004,T1,T24,HALLMARK_ANGIOGENESIS,HALLMARK_SECONDARY,SSGSEA_RANK_WALK,93,0.07419951657664646,0.4796585818904393,0.07433613833746876,0.10540925533894598,NO_KNOWN_OVERLAP,INCLUDE_PRIMARY_INDEPENDENT,0.65090267156213
GSE236713,SIG004,T1,T24,HALLMARK_APICAL_JUNCTION,HALLMARK_SECONDARY,SSGSEA_RANK_WALK,93,0.18070185909104472,0.08303223655443542,0.18270814422735288,0.10540925533894598,NO_KNOWN_OVERLAP,INCLUDE_PRIMARY_INDEPENDENT,0.5606010874934687
GSE236713,SIG004,T1,T24,HALLMARK_APICAL_SURFACE,HALLMARK_SECONDARY,SSGSEA_RANK_WALK,93,0.03971830145325415,0.7054318732674141,0.03973920702686532,0.10540925533894598,NO_KNOWN_OVERLAP,INCLUDE_PRIMARY_INDEPENDENT,0.7816947784855128
GSE236713,SIG004,T1,T24,HALLMARK_APOPTOSIS,PRESET_PRIMARY,SSGSEA_RANK_WALK,93,0.12856972337441433,0.21936541121656633,0.12928526028848053,0.10540925533894598,NO_KNOWN_OVERLAP,INCLUDE_PRIMARY_INDEPENDENT,0.3290481168248495
GSE236713,SIG004,T1,T24,HALLMARK_BILE_ACID_METABOLISM,HALLMARK_SECONDARY,SSGSEA_RANK_WALK,93,0.11612604816328966,0.26765106464525973,0.11665230944761626,0.10540925533894598,NO_KNOWN_OVERLAP,INCLUDE_PRIMARY_INDEPENDENT,0.6096496472475361
GSE236713,SIG004,T1,T24,HALLMARK_CHOLESTEROL_HOMEOSTASIS,HALLMARK_SECONDARY,SSGSEA_RANK_WALK,93,0.08492733729223238,0.418287135695229,0.08513240928825647,0.10540925533894598,NO_KNOWN_OVERLAP,INCLUDE_PRIMARY_INDEPENDENT,0.6478298247470614
GSE236713,SIG004,T1,T24,HALLMARK_COAGULATION,PRESET_PRIMARY,SSGSEA_RANK_WALK,93,0.2354003163140461,0.023120603394179262,0.23989896587003529,0.10540925533894598,NO_KNOWN_OVERLAP,INCLUDE_PRIMARY_INDEPENDENT,0.20808543054761336
GSE236713,SIG004,T1,T24,HALLMARK_COMPLEMENT,PRESET_PRIMARY,SSGSEA_RANK_WALK,93,0.16032049177881888,0.12475617807851991,0.16171562537766307,0.10540925533894598,NO_KNOWN_OVERLAP,INCLUDE_PRIMARY_INDEPENDENT,0.2807014006766698
GSE236713,SIG004,T1,T24,HALLMARK_DNA_REPAIR,HALLMARK_SECONDARY,SSGSEA_RANK_WALK,93,0.11984124615797795,0.2525383424343283,0.12041995822283767,0.10540925533894598,NO_KNOWN_OVERLAP,INCLUDE_PRIMARY_INDEPENDENT,0.6096496472475361
GSE236713,SIG004,T1,T24,HALLMARK_E2F_TARGETS,HALLMARK_SECONDARY,SSGSEA_RANK_WALK,93,-0.02014263973023783,0.848023542135696,-0.0201453645240283,0.10540925533894598,NO_KNOWN_OVERLAP,INCLUDE_PRIMARY_INDEPENDENT,0.8915119289118855
GSE236713,SIG004,T1,T24,HALLMARK_EPITHELIAL_MESENCHYMAL_TRANSITION,HALLMARK_SECONDARY,SSGSEA_RANK_WALK,93,0.14402733430813758,0.16840185025643883,0.14503581112568412,0.10540925533894598,NO_KNOWN_OVERLAP,INCLUDE_PRIMARY_INDEPENDENT,0.6096496472475361
GSE236713,SIG004,T1,T24,HALLMARK_ESTROGEN_RESPONSE_EARLY,HALLMARK_SECONDARY,SSGSEA_RANK_WALK,93,0.21039360210080268,0.04294556429161201,0.21358314294594,0.10540925533894598,NO_KNOWN_OVERLAP,INCLUDE_PRIMARY_INDEPENDENT,0.5606010874934687
GSE236713,SIG004,T1,T24,HALLMARK_ESTROGEN_RESPONSE_LATE,HALLMARK_SECONDARY,SSGSEA_RANK_WALK,93,0.10368237295216495,0.32265227542425523,0.10405631757645813,0.10540925533894598,NO_KNOWN_OVERLAP,INCLUDE_PRIMARY_INDEPENDENT,0.6407979447464109
GSE236713,SIG004,T1,T24,HALLMARK_FATTY_ACID_METABOLISM,HALLMARK_SECONDARY,SSGSEA_RANK_WALK,93,0.0790188296380293,0.451508729949175,0.07918391242160117,0.10540925533894598,NO_KNOWN_OVERLAP,INCLUDE_PRIMARY_INDEPENDENT,0.6478298247470614
GSE236713,SIG004,T1,T24,HALLMARK_G2M_CHECKPOINT,HALLMARK_SECONDARY,SSGSEA_RANK_WALK,93,-0.0246486228402614,0.8145786174845702,-0.024653616455519386,0.10540925533894598,NO_KNOWN_OVERLAP,INCLUDE_PRIMARY_INDEPENDENT,0.8788874557070363
GSE236713,SIG004,T1,T24,HALLMARK_GLYCOLYSIS,HALLMARK_SECONDARY,SSGSEA_RANK_WALK,93,0.10250365551609919,0.32821358145547874,0.10286493781033258,0.10540925533894598,NO_KNOWN_OVERLAP,INCLUDE_PRIMARY_INDEPENDENT,0.6407979447464109
GSE236713,SIG004,T1,T24,HALLMARK_HEDGEHOG_SIGNALING,HALLMARK_SECONDARY,SSGSEA_RANK_WALK,93,0.07211065023425144,0.4921459224006349,0.07223603214764034,0.10540925533894598,NO_KNOWN_OVERLAP,INCLUDE_PRIMARY_INDEPENDENT,0.65090267156213
GSE236713,SIG004,T1,T24,HALLMARK_HEME_METABOLISM,HALLMARK_SECONDARY,SSGSEA_RANK_WALK,93,0.16378204171764493,0.11671597995123113,0.16527053331076452,0.10540925533894598,NO_KNOWN_OVERLAP,INCLUDE_PRIMARY_INDEPENDENT,0.5606010874934687
GSE236713,SIG004,T1,T24,HALLMARK_HYPOXIA,HALLMARK_SECONDARY,SSGSEA_RANK_WALK,93,0.18453642087672703,0.07659767018557603,0.1866750053731471,0.10540925533894598,NO_KNOWN_OVERLAP,INCLUDE_PRIMARY_INDEPENDENT,0.5606010874934687
GSE236713,SIG004,T1,T24,HALLMARK_IL2_STAT5_SIGNALING,HALLMARK_SECONDARY,SSGSEA_RANK_WALK,93,0.10333920205305719,0.324265116511147,0.10370942995220067,0.10540925533894598,NO_KNOWN_OVERLAP,INCLUDE_PRIMARY_INDEPENDENT,0.6407979447464109
GSE236713,SIG004,T1,T24,HALLMARK_IL6_JAK_STAT3_SIGNALING,HALLMARK_SECONDARY,SSGSEA_RANK_WALK,93,0.12130345259765447,0.246753944523815,0.12190373564073856,0.10540925533894598,NO_KNOWN_OVERLAP,INCLUDE_PRIMARY_INDEPENDENT,0.6096496472475361
GSE236713,SIG004,T1,T24,HALLMARK_INFLAMMATORY_RESPONSE,PRESET_PRIMARY,SSGSEA_RANK_WALK,93,0.16554265763480647,0.11278317221232238,0.1670802169475464,0.10540925533894598,NO_KNOWN_OVERLAP,INCLUDE_PRIMARY_INDEPENDENT,0.2807014006766698
GSE236713,SIG004,T1,T24,HALLMARK_INTERFERON_ALPHA_RESPONSE,PRESET_PRIMARY,SSGSEA_RANK_WALK,93,0.12983796365372563,0.2148142277641311,0.13057503172363039,0.10540925533894598,NO_KNOWN_OVERLAP,INCLUDE_PRIMARY_INDEPENDENT,0.3290481168248495
GSE236713,SIG004,T1,T24,HALLMARK_INTERFERON_GAMMA_RESPONSE,PRESET_PRIMARY,SSGSEA_RANK_WALK,93,0.11446987556324786,0.2745811278859797,0.1149738232860134,0.10540925533894598,NO_KNOWN_OVERLAP,INCLUDE_PRIMARY_INDEPENDENT,0.35303287871054534
GSE236713,SIG004,T1,T24,HALLMARK_KRAS_SIGNALING_DN,HALLMARK_SECONDARY,SSGSEA_RANK_WALK,93,-0.01599474799319626,0.879051813103704,-0.01599611219186664,0.10540925533894598,NO_KNOWN_OVERLAP,INCLUDE_PRIMARY_INDEPENDENT,0.9010281084312964
GSE236713,SIG004,T1,T24,HALLMARK_KRAS_SIGNALING_UP,HALLMARK_SECONDARY,SSGSEA_RANK_WALK,93,0.14356479961803584,0.1697873649651736,0.1445635105209658,0.10540925533894598,NO_KNOWN_OVERLAP,INCLUDE_PRIMARY_INDEPENDENT,0.6096496472475361
GSE236713,SIG004,T1,T24,HALLMARK_MITOTIC_SPINDLE,HALLMARK_SECONDARY,SSGSEA_RANK_WALK,93,0.0948792933663573,0.3656503564516418,0.0951655447520233,0.10540925533894598,NO_KNOWN_OVERLAP,INCLUDE_PRIMARY_INDEPENDENT,0.6478298247470614
GSE236713,SIG004,T1,T24,HALLMARK_MTORC1_SIGNALING,HALLMARK_SECONDARY,SSGSEA_RANK_WALK,93,0.04822297156157679,0.6462175844412783,0.04826040392038932,0.10540925533894598,NO_KNOWN_OVERLAP,INCLUDE_PRIMARY_INDEPENDENT,0.7569977417740689
GSE236713,SIG004,T1,T24,HALLMARK_MYC_TARGETS_V1,HALLMARK_SECONDARY,SSGSEA_RANK_WALK,93,0.06277043358897078,0.550014069133581,0.06285307020341696,0.10540925533894598,NO_KNOWN_OVERLAP,INCLUDE_PRIMARY_INDEPENDENT,0.6632522598375535
GSE236713,SIG004,T1,T24,HALLMARK_MYC_TARGETS_V2,HALLMARK_SECONDARY,SSGSEA_RANK_WALK,93,0.16103667452478287,0.12305877530344435,0.1624507883060078,0.10540925533894598,NO_KNOWN_OVERLAP,INCLUDE_PRIMARY_INDEPENDENT,0.5606010874934687
GSE236713,SIG004,T1,T24,HALLMARK_MYOGENESIS,HALLMARK_SECONDARY,SSGSEA_RANK_WALK,93,0.29263525409567004,0.00442030526596294,0.3014459034338668,0.10540925533894598,NO_KNOWN_OVERLAP,INCLUDE_PRIMARY_INDEPENDENT,0.18123251590448056
GSE236713,SIG004,T1,T24,HALLMARK_NOTCH_SIGNALING,HALLMARK_SECONDARY,SSGSEA_RANK_WALK,93,0.12668974366625882,0.2262364358800719,0.12737414922531498,0.10540925533894598,NO_KNOWN_OVERLAP,INCLUDE_PRIMARY_INDEPENDENT,0.6096496472475361
GSE236713,SIG004,T1,T24,HALLMARK_OXIDATIVE_PHOSPHORYLATION,PRESET_PRIMARY,SSGSEA_RANK_WALK,93,0.08741905642923217,0.40471289439726355,0.08764277125872706,0.10540925533894598,NO_KNOWN_OVERLAP,INCLUDE_PRIMARY_INDEPENDENT,0.40471289439726355
GSE236713,SIG004,T1,T24,HALLMARK_P53_PATHWAY,HALLMARK_SECONDARY,SSGSEA_RANK_WALK,93,0.11888633583002595,0.2563656856661982,0.11945124588002931,0.10540925533894598,NO_KNOWN_OVERLAP,INCLUDE_PRIMARY_INDEPENDENT,0.6096496472475361
GSE236713,SIG004,T1,T24,HALLMARK_PANCREAS_BETA_CELLS,HALLMARK_SECONDARY,SSGSEA_RANK_WALK,93,-0.06758974665035361,0.519748530950985,-0.06769295477146128,0.10540925533894598,NO_KNOWN_OVERLAP,INCLUDE_PRIMARY_INDEPENDENT,0.6556565313805885
GSE236713,SIG004,T1,T24,HALLMARK_PEROXISOME,HALLMARK_SECONDARY,SSGSEA_RANK_WALK,93,0.1319417504699949,0.20741295680703836,0.1327154900474955,0.10540925533894598,NO_KNOWN_OVERLAP,INCLUDE_PRIMARY_INDEPENDENT,0.6096496472475361
GSE236713,SIG004,T1,T24,HALLMARK_PI3K_AKT_MTOR_SIGNALING,HALLMARK_SECONDARY,SSGSEA_RANK_WALK,93,0.08815015964907044,0.4007797520688742,0.08837955224794594,0.10540925533894598,NO_KNOWN_OVERLAP,INCLUDE_PRIMARY_INDEPENDENT,0.6478298247470614
GSE236713,SIG004,T1,T24,HALLMARK_PROTEIN_SECRETION,HALLMARK_SECONDARY,SSGSEA_RANK_WALK,93,0.0020142639730237827,0.9847117451523564,0.0020142666971608623,0.10540925533894598,NO_KNOWN_OVERLAP,INCLUDE_PRIMARY_INDEPENDENT,0.9847117451523564
GSE236713,SIG004,T1,T24,HALLMARK_REACTIVE_OXYGEN_SPECIES_PATHWAY,HALLMARK_SECONDARY,SSGSEA_RANK_WALK,93,0.17668825161887136,0.09022118179446108,0.17856214058694092,0.10540925533894598,NO_KNOWN_OVERLAP,INCLUDE_PRIMARY_INDEPENDENT,0.5606010874934687
GSE236713,SIG004,T1,T24,HALLMARK_SPERMATOGENESIS,HALLMARK_SECONDARY,SSGSEA_RANK_WALK,93,-0.04340365850019397,0.6795308163226852,-0.04343094507583373,0.10540925533894598,NO_KNOWN_OVERLAP,INCLUDE_PRIMARY_INDEPENDENT,0.7739100963675026
GSE236713,SIG004,T1,T24,HALLMARK_TGF_BETA_SIGNALING,HALLMARK_SECONDARY,SSGSEA_RANK_WALK,93,0.06630658589716809,0.5277235496477908,0.06640401674457362,0.10540925533894598,NO_KNOWN_OVERLAP,INCLUDE_PRIMARY_INDEPENDENT,0.6556565313805885
GSE236713,SIG004,T1,T24,HALLMARK_TNFA_SIGNALING_VIA_NFKB,PRESET_PRIMARY,SSGSEA_RANK_WALK,93,0.16618423801139923,0.11137584504516863,0.1677399469731434,0.10540925533894598,NO_KNOWN_OVERLAP,INCLUDE_PRIMARY_INDEPENDENT,0.2807014006766698
GSE236713,SIG004,T1,T24,HALLMARK_UNFOLDED_PROTEIN_RESPONSE,HALLMARK_SECONDARY,SSGSEA_RANK_WALK,93,0.07785503267583777,0.45822109555279955,0.0780129109102791,0.10540925533894598,NO_KNOWN_OVERLAP,INCLUDE_PRIMARY_INDEPENDENT,0.6478298247470614
GSE236713,SIG004,T1,T24,HALLMARK_UV_RESPONSE_DN,HALLMARK_SECONDARY,SSGSEA_RANK_WALK,93,0.07863089731729879,0.45374008607052363,0.07879355466291972,0.10540925533894598,NO_KNOWN_OVERLAP,INCLUDE_PRIMARY_INDEPENDENT,0.6478298247470614
GSE236713,SIG004,T1,T24,HALLMARK_UV_RESPONSE_UP,HALLMARK_SECONDARY,SSGSEA_RANK_WALK,93,0.17027244785294376,0.1027259481736252,0.17194723280855836,0.10540925533894598,NO_KNOWN_OVERLAP,INCLUDE_PRIMARY_INDEPENDENT,0.5606010874934687
GSE236713,SIG004,T1,T24,HALLMARK_WNT_BETA_CATENIN_SIGNALING,HALLMARK_SECONDARY,SSGSEA_RANK_WALK,93,0.11867744919578645,0.25720816987759104,0.11923936985692883,0.10540925533894598,NO_KNOWN_OVERLAP,INCLUDE_PRIMARY_INDEPENDENT,0.6096496472475361
GSE236713,SIG004,T1,T24,HALLMARK_XENOBIOTIC_METABOLISM,HALLMARK_SECONDARY,SSGSEA_RANK_WALK,93,0.17470382859359612,0.09395310041034374,0.17651450823945383,0.10540925533894598,NO_KNOWN_OVERLAP,INCLUDE_PRIMARY_INDEPENDENT,0.5606010874934687
GSE236713,SIG004,T1,T24,Neutrophil degranulation,REACTOME_SUPPLEMENT,SSGSEA_RANK_WALK,93,0.16857151383127925,0.10625869656684088,0.17019603218913817,0.10540925533894598,NO_KNOWN_OVERLAP,INCLUDE_PRIMARY_INDEPENDENT,0.21251739313368176
GSE236713,SIG004,T1,T24,TCR signaling,REACTOME_SUPPLEMENT,SSGSEA_RANK_WALK,93,0.08288323237146011,0.4296171228152589,0.08307381089837375,0.10540925533894598,NO_KNOWN_OVERLAP,INCLUDE_PRIMARY_INDEPENDENT,0.4296171228152589
GSE236713,SIG022,T1,T24,HALLMARK_ADIPOGENESIS,HALLMARK_SECONDARY,SSGSEA_RANK_WALK,93,-0.092835188445585,0.3761160458521935,-0.09310327215367298,0.10540925533894598,NO_KNOWN_OVERLAP,INCLUDE_PRIMARY_INDEPENDENT,0.6692230589985999
GSE236713,SIG022,T1,T24,HALLMARK_ALLOGRAFT_REJECTION,PRESET_PRIMARY,SSGSEA_RANK_WALK,93,-0.06036823729521649,0.5654122578246126,-0.06044173187193568,0.10540925533894598,NO_KNOWN_OVERLAP,INCLUDE_PRIMARY_INDEPENDENT,0.6360887900526891
GSE236713,SIG022,T1,T24,HALLMARK_ANDROGEN_RESPONSE,HALLMARK_SECONDARY,SSGSEA_RANK_WALK,93,-0.21028915878368293,0.043051392522083946,-0.21347386478059552,0.10540925533894598,NO_KNOWN_OVERLAP,INCLUDE_PRIMARY_INDEPENDENT,0.3530214186810884
GSE236713,SIG022,T1,T24,HALLMARK_ANGIOGENESIS,HALLMARK_SECONDARY,SSGSEA_RANK_WALK,93,-0.03016919817373399,0.7740574509568858,-0.03017835631440283,0.10540925533894598,NO_KNOWN_OVERLAP,INCLUDE_PRIMARY_INDEPENDENT,0.8815654302564533
GSE236713,SIG022,T1,T24,HALLMARK_APICAL_JUNCTION,HALLMARK_SECONDARY,SSGSEA_RANK_WALK,93,-0.17313717883679983,0.09698447910290944,-0.17489899140594437,0.10540925533894598,NO_KNOWN_OVERLAP,INCLUDE_PRIMARY_INDEPENDENT,0.3614876039290261
GSE236713,SIG022,T1,T24,HALLMARK_APICAL_SURFACE,HALLMARK_SECONDARY,SSGSEA_RANK_WALK,93,-0.04316493091820595,0.6811977878680904,-0.043191769389838,0.10540925533894598,NO_KNOWN_OVERLAP,INCLUDE_PRIMARY_INDEPENDENT,0.8013961575048932
GSE236713,SIG022,T1,T24,HALLMARK_APOPTOSIS,PRESET_PRIMARY,SSGSEA_RANK_WALK,93,-0.12467547969323503,0.2337643116437273,-0.12532755629061196,0.10540925533894598,NO_KNOWN_OVERLAP,INCLUDE_PRIMARY_INDEPENDENT,0.4207757609587091
GSE236713,SIG022,T1,T24,HALLMARK_BILE_ACID_METABOLISM,HALLMARK_SECONDARY,SSGSEA_RANK_WALK,93,-0.09954940168899763,0.34241891191244467,-0.09988021860574878,0.10540925533894598,NO_KNOWN_OVERLAP,INCLUDE_PRIMARY_INDEPENDENT,0.6692230589985999
GSE236713,SIG022,T1,T24,HALLMARK_CHOLESTEROL_HOMEOSTASIS,HALLMARK_SECONDARY,SSGSEA_RANK_WALK,93,-0.22158395750649038,0.032794606354643305,-0.22532124061063702,0.10540925533894598,NO_KNOWN_OVERLAP,INCLUDE_PRIMARY_INDEPENDENT,0.33614471513509386
GSE236713,SIG022,T1,T24,HALLMARK_COAGULATION,PRESET_PRIMARY,SSGSEA_RANK_WALK,93,-0.0858524066724359,0.41321710859416005,-0.08606427335872657,0.10540925533894598,NO_KNOWN_OVERLAP,INCLUDE_PRIMARY_INDEPENDENT,0.5312791396210629
GSE236713,SIG022,T1,T24,HALLMARK_COMPLEMENT,PRESET_PRIMARY,SSGSEA_RANK_WALK,93,-0.20615618752051562,0.047416466043886676,-0.20915357272570492,0.10540925533894598,NO_KNOWN_OVERLAP,INCLUDE_PRIMARY_INDEPENDENT,0.14224939813166002
GSE236713,SIG022,T1,T24,HALLMARK_DNA_REPAIR,HALLMARK_SECONDARY,SSGSEA_RANK_WALK,93,0.012906209901226462,0.9022775505651773,0.012906926569740424,0.10540925533894598,NO_KNOWN_OVERLAP,INCLUDE_PRIMARY_INDEPENDENT,0.9248344893293068
GSE236713,SIG022,T1,T24,HALLMARK_E2F_TARGETS,HALLMARK_SECONDARY,SSGSEA_RANK_WALK,93,0.11373877234340961,0.2776783485422314,0.11423307564774983,0.10540925533894598,NO_KNOWN_OVERLAP,INCLUDE_PRIMARY_INDEPENDENT,0.6692230589985999
GSE236713,SIG022,T1,T24,HALLMARK_EPITHELIAL_MESENCHYMAL_TRANSITION,HALLMARK_SECONDARY,SSGSEA_RANK_WALK,93,-0.042747157649726954,0.6841186710407625,-0.0427732238058154,0.10540925533894598,NO_KNOWN_OVERLAP,INCLUDE_PRIMARY_INDEPENDENT,0.8013961575048932
GSE236713,SIG022,T1,T24,HALLMARK_ESTROGEN_RESPONSE_EARLY,HALLMARK_SECONDARY,SSGSEA_RANK_WALK,93,-0.06875354361254511,0.5125686273918837,-0.06886218572066483,0.10540925533894598,NO_KNOWN_OVERLAP,INCLUDE_PRIMARY_INDEPENDENT,0.7783449527061937
GSE236713,SIG022,T1,T24,HALLMARK_ESTROGEN_RESPONSE_LATE,HALLMARK_SECONDARY,SSGSEA_RANK_WALK,93,0.04289636238846945,0.6830749621533108,0.042922702644652054,0.10540925533894598,NO_KNOWN_OVERLAP,INCLUDE_PRIMARY_INDEPENDENT,0.8013961575048932
GSE236713,SIG022,T1,T24,HALLMARK_FATTY_ACID_METABOLISM,HALLMARK_SECONDARY,SSGSEA_RANK_WALK,93,-0.04565665005520575,0.6638755663721428,-0.04568841400668053,0.10540925533894598,NO_KNOWN_OVERLAP,INCLUDE_PRIMARY_INDEPENDENT,0.8013961575048932
GSE236713,SIG022,T1,T24,HALLMARK_G2M_CHECKPOINT,HALLMARK_SECONDARY,SSGSEA_RANK_WALK,93,0.058353973322192706,0.5784787514378791,0.05842034436010796,0.10540925533894598,NO_KNOWN_OVERLAP,INCLUDE_PRIMARY_INDEPENDENT,0.8013961575048932
GSE236713,SIG022,T1,T24,HALLMARK_GLYCOLYSIS,HALLMARK_SECONDARY,SSGSEA_RANK_WALK,93,-0.08652382799677717,0.40955977313699243,-0.08674071961692251,0.10540925533894598,NO_KNOWN_OVERLAP,INCLUDE_PRIMARY_INDEPENDENT,0.6692230589985999
GSE236713,SIG022,T1,T24,HALLMARK_HEDGEHOG_SIGNALING,HALLMARK_SECONDARY,SSGSEA_RANK_WALK,93,-0.10250365551609919,0.32821358145547874,-0.10286493781033258,0.10540925533894598,NO_KNOWN_OVERLAP,INCLUDE_PRIMARY_INDEPENDENT,0.6692230589985999
GSE236713,SIG022,T1,T24,HALLMARK_HEME_METABOLISM,HALLMARK_SECONDARY,SSGSEA_RANK_WALK,93,-7.460236937125121e-05,0.9994337343081386,-7.460236950965138e-05,0.10540925533894598,NO_KNOWN_OVERLAP,INCLUDE_PRIMARY_INDEPENDENT,0.9994337343081386
GSE236713,SIG022,T1,T24,HALLMARK_HYPOXIA,HALLMARK_SECONDARY,SSGSEA_RANK_WALK,93,-0.15915669481662736,0.1275526738916352,-0.16052135475799567,0.10540925533894598,NO_KNOWN_OVERLAP,INCLUDE_PRIMARY_INDEPENDENT,0.41218024454281144
GSE236713,SIG022,T1,T24,HALLMARK_IL2_STAT5_SIGNALING,HALLMARK_SECONDARY,SSGSEA_RANK_WALK,93,-0.08482289397511264,0.41886181204948636,-0.08502720812444578,0.10540925533894598,NO_KNOWN_OVERLAP,INCLUDE_PRIMARY_INDEPENDENT,0.6692230589985999
GSE236713,SIG022,T1,T24,HALLMARK_IL6_JAK_STAT3_SIGNALING,HALLMARK_SECONDARY,SSGSEA_RANK_WALK,93,-0.35592790427023957,0.00046278298726204736,-0.372215314707605,0.10540925533894598,NO_KNOWN_OVERLAP,INCLUDE_PRIMARY_INDEPENDENT,0.00948705123887197
GSE236713,SIG022,T1,T24,HALLMARK_INFLAMMATORY_RESPONSE,PRESET_PRIMARY,SSGSEA_RANK_WALK,93,-0.3129420190385246,0.002256696512092967,-0.32380351409735264,0.10540925533894598,NO_KNOWN_OVERLAP,INCLUDE_PRIMARY_INDEPENDENT,0.020310268608836703
GSE236713,SIG022,T1,T24,HALLMARK_INTERFERON_ALPHA_RESPONSE,PRESET_PRIMARY,SSGSEA_RANK_WALK,93,-0.09665482975739309,0.3567063445812646,-0.09695751639468894,0.10540925533894598,NO_KNOWN_OVERLAP,INCLUDE_PRIMARY_INDEPENDENT,0.5312791396210629
GSE236713,SIG022,T1,T24,HALLMARK_INTERFERON_GAMMA_RESPONSE,PRESET_PRIMARY,SSGSEA_RANK_WALK,93,-0.1500850467010832,0.15101945369312686,-0.15122744136994667,0.10540925533894598,NO_KNOWN_OVERLAP,INCLUDE_PRIMARY_INDEPENDENT,0.33979377080953543
GSE236713,SIG022,T1,T24,HALLMARK_KRAS_SIGNALING_DN,HALLMARK_SECONDARY,SSGSEA_RANK_WALK,93,-0.05168452150040285,0.6227084333372526,-0.05173061684779823,0.10540925533894598,NO_KNOWN_OVERLAP,INCLUDE_PRIMARY_INDEPENDENT,0.8013961575048932
GSE236713,SIG022,T1,T24,HALLMARK_KRAS_SIGNALING_UP,HALLMARK_SECONDARY,SSGSEA_RANK_WALK,93,-0.0551162304914804,0.5997694175172902,-0.05517214311181068,0.10540925533894598,NO_KNOWN_OVERLAP,INCLUDE_PRIMARY_INDEPENDENT,0.8013961575048932
GSE236713,SIG022,T1,T24,HALLMARK_MITOTIC_SPINDLE,HALLMARK_SECONDARY,SSGSEA_RANK_WALK,93,-0.17823998090179344,0.08738552469144774,-0.18016432876673044,0.10540925533894598,NO_KNOWN_OVERLAP,INCLUDE_PRIMARY_INDEPENDENT,0.3614876039290261
GSE236713,SIG022,T1,T24,HALLMARK_MTORC1_SIGNALING,HALLMARK_SECONDARY,SSGSEA_RANK_WALK,93,-0.05871206469517471,0.5761456466348747,-0.05877966681679471,0.10540925533894598,NO_KNOWN_OVERLAP,INCLUDE_PRIMARY_INDEPENDENT,0.8013961575048932
GSE236713,SIG022,T1,T24,HALLMARK_MYC_TARGETS_V1,HALLMARK_SECONDARY,SSGSEA_RANK_WALK,93,0.11250037301184686,0.2829778533329661,0.1129786241387215,0.10540925533894598,NO_KNOWN_OVERLAP,INCLUDE_PRIMARY_INDEPENDENT,0.6692230589985999
GSE236713,SIG022,T1,T24,HALLMARK_MYC_TARGETS_V2,HALLMARK_SECONDARY,SSGSEA_RANK_WALK,93,0.1880576527110501,0.07104697892009576,0.19032284559891124,0.10540925533894598,NO_KNOWN_OVERLAP,INCLUDE_PRIMARY_INDEPENDENT,0.3614876039290261
GSE236713,SIG022,T1,T24,HALLMARK_MYOGENESIS,HALLMARK_SECONDARY,SSGSEA_RANK_WALK,93,-0.17345050878815907,0.09637212979066323,-0.17522202221992686,0.10540925533894598,NO_KNOWN_OVERLAP,INCLUDE_PRIMARY_INDEPENDENT,0.3614876039290261
GSE236713,SIG022,T1,T24,HALLMARK_NOTCH_SIGNALING,HALLMARK_SECONDARY,SSGSEA_RANK_WALK,93,0.016382680313926767,0.8761413784668228,0.016384146211276974,0.10540925533894598,NO_KNOWN_OVERLAP,INCLUDE_PRIMARY_INDEPENDENT,0.9248344893293068
GSE236713,SIG022,T1,T24,HALLMARK_OXIDATIVE_PHOSPHORYLATION,PRESET_PRIMARY,SSGSEA_RANK_WALK,93,0.02070961773745934,0.8437991100851647,0.020712579203598938,0.10540925533894598,NO_KNOWN_OVERLAP,INCLUDE_PRIMARY_INDEPENDENT,0.8437991100851647
GSE236713,SIG022,T1,T24,HALLMARK_P53_PATHWAY,HALLMARK_SECONDARY,SSGSEA_RANK_WALK,93,-0.09223836949061502,0.37920567960921614,-0.0925012984459719,0.10540925533894598,NO_KNOWN_OVERLAP,INCLUDE_PRIMARY_INDEPENDENT,0.6692230589985999
GSE236713,SIG022,T1,T24,HALLMARK_PANCREAS_BETA_CELLS,HALLMARK_SECONDARY,SSGSEA_RANK_WALK,93,0.37523499746351935,0.0002104947624615561,0.39450215982665754,0.10540925533894598,NO_KNOWN_OVERLAP,INCLUDE_PRIMARY_INDEPENDENT,0.008630285260923801
GSE236713,SIG022,T1,T24,HALLMARK_PEROXISOME,HALLMARK_SECONDARY,SSGSEA_RANK_WALK,93,-0.08656858941839991,0.4093166258670735,-0.08678581884286059,0.10540925533894598,NO_KNOWN_OVERLAP,INCLUDE_PRIMARY_INDEPENDENT,0.6692230589985999
GSE236713,SIG022,T1,T24,HALLMARK_PI3K_AKT_MTOR_SIGNALING,HALLMARK_SECONDARY,SSGSEA_RANK_WALK,93,-0.2330876428635373,0.024545514797667516,-0.237452026944721,0.10540925533894598,NO_KNOWN_OVERLAP,INCLUDE_PRIMARY_INDEPENDENT,0.33545536890145605
GSE236713,SIG022,T1,T24,HALLMARK_PROTEIN_SECRETION,HALLMARK_SECONDARY,SSGSEA_RANK_WALK,93,-0.14064038673868282,0.17874242567677245,-0.1415788251486875,0.10540925533894598,NO_KNOWN_OVERLAP,INCLUDE_PRIMARY_INDEPENDENT,0.5234599609105479
GSE236713,SIG022,T1,T24,HALLMARK_REACTIVE_OXYGEN_SPECIES_PATHWAY,HALLMARK_SECONDARY,SSGSEA_RANK_WALK,93,-0.15787353406344182,0.13069129705015972,-0.15920512073875928,0.10540925533894598,NO_KNOWN_OVERLAP,INCLUDE_PRIMARY_INDEPENDENT,0.41218024454281144
GSE236713,SIG022,T1,T24,HALLMARK_SPERMATOGENESIS,HALLMARK_SECONDARY,SSGSEA_RANK_WALK,93,0.17786696905493715,0.0880606307594281,0.1797791041225373,0.10540925533894598,NO_KNOWN_OVERLAP,INCLUDE_PRIMARY_INDEPENDENT,0.3614876039290261
GSE236713,SIG022,T1,T24,HALLMARK_TGF_BETA_SIGNALING,HALLMARK_SECONDARY,SSGSEA_RANK_WALK,93,-0.17959774402435016,0.08496275539127457,-0.1815669942021734,0.10540925533894598,NO_KNOWN_OVERLAP,INCLUDE_PRIMARY_INDEPENDENT,0.3614876039290261
GSE236713,SIG022,T1,T24,HALLMARK_TNFA_SIGNALING_VIA_NFKB,PRESET_PRIMARY,SSGSEA_RANK_WALK,93,-0.2526633045865536,0.014548520878410355,-0.2582556968201801,0.10540925533894598,NO_KNOWN_OVERLAP,INCLUDE_PRIMARY_INDEPENDENT,0.0654683439528466
GSE236713,SIG022,T1,T24,HALLMARK_UNFOLDED_PROTEIN_RESPONSE,HALLMARK_SECONDARY,SSGSEA_RANK_WALK,93,0.025394646533973917,0.8090716068075609,0.0254001075487281,0.10540925533894598,NO_KNOWN_OVERLAP,INCLUDE_PRIMARY_INDEPENDENT,0.8965388075435133
GSE236713,SIG022,T1,T24,HALLMARK_UV_RESPONSE_DN,HALLMARK_SECONDARY,SSGSEA_RANK_WALK,93,-0.08382322222553786,0.42438535448691705,-0.08402037734104137,0.10540925533894598,NO_KNOWN_OVERLAP,INCLUDE_PRIMARY_INDEPENDENT,0.6692230589985999
GSE236713,SIG022,T1,T24,HALLMARK_UV_RESPONSE_UP,HALLMARK_SECONDARY,SSGSEA_RANK_WALK,93,-0.11167974694876308,0.28652646199812953,-0.11214755633992389,0.10540925533894598,NO_KNOWN_OVERLAP,INCLUDE_PRIMARY_INDEPENDENT,0.6692230589985999
GSE236713,SIG022,T1,T24,HALLMARK_WNT_BETA_CATENIN_SIGNALING,HALLMARK_SECONDARY,SSGSEA_RANK_WALK,93,-0.01583062278057951,0.8802836371365566,-0.015831945409626257,0.10540925533894598,NO_KNOWN_OVERLAP,INCLUDE_PRIMARY_INDEPENDENT,0.9248344893293068
GSE236713,SIG022,T1,T24,HALLMARK_XENOBIOTIC_METABOLISM,HALLMARK_SECONDARY,SSGSEA_RANK_WALK,93,-0.09467040673211781,0.3667115672107746,-0.09495476483439479,0.10540925533894598,NO_KNOWN_OVERLAP,INCLUDE_PRIMARY_INDEPENDENT,0.6692230589985999
GSE236713,SIG022,T1,T24,Neutrophil degranulation,REACTOME_SUPPLEMENT,SSGSEA_RANK_WALK,93,-0.3001850138760407,0.003461563400105788,-0.30972292855908795,0.10540925533894598,NO_KNOWN_OVERLAP,INCLUDE_PRIMARY_INDEPENDENT,0.006923126800211576
GSE236713,SIG022,T1,T24,TCR signaling,REACTOME_SUPPLEMENT,SSGSEA_RANK_WALK,93,-0.09795291098445284,0.3502540090804025,-0.09826800558101564,0.10540925533894598,NO_KNOWN_OVERLAP,INCLUDE_PRIMARY_INDEPENDENT,0.3502540090804025
GSE236713,SIG023,T1,T24,HALLMARK_ADIPOGENESIS,HALLMARK_SECONDARY,SSGSEA_RANK_WALK,93,0.06799259944495836,0.5172574186933516,0.068097667486856,0.10540925533894598,NO_KNOWN_OVERLAP,INCLUDE_PRIMARY_INDEPENDENT,0.891853406767804
GSE236713,SIG023,T1,T24,HALLMARK_ALLOGRAFT_REJECTION,PRESET_PRIMARY,SSGSEA_RANK_WALK,93,-0.06266599027185103,0.5506793081858623,-0.06274821442823811,0.10540925533894598,NO_KNOWN_OVERLAP,INCLUDE_PRIMARY_INDEPENDENT,0.5914865101375999
GSE236713,SIG023,T1,T24,HALLMARK_ANDROGEN_RESPONSE,HALLMARK_SECONDARY,SSGSEA_RANK_WALK,93,0.14798125988481392,0.15689688980924604,0.14907586528817224,0.10540925533894598,NO_KNOWN_OVERLAP,INCLUDE_PRIMARY_INDEPENDENT,0.7569877676962726
GSE236713,SIG023,T1,T24,HALLMARK_ANGIOGENESIS,HALLMARK_SECONDARY,SSGSEA_RANK_WALK,93,0.029497776849392733,0.7789558427415457,0.02950633684254643,0.10540925533894598,NO_KNOWN_OVERLAP,INCLUDE_PRIMARY_INDEPENDENT,0.9124911300686679
GSE236713,SIG023,T1,T24,HALLMARK_APICAL_JUNCTION,HALLMARK_SECONDARY,SSGSEA_RANK_WALK,93,0.17058577780430303,0.10208531658023826,0.1722699360271848,0.10540925533894598,NO_KNOWN_OVERLAP,INCLUDE_PRIMARY_INDEPENDENT,0.7569877676962726
GSE236713,SIG023,T1,T24,HALLMARK_APICAL_SURFACE,HALLMARK_SECONDARY,SSGSEA_RANK_WALK,93,-0.08436035928501089,0.4214122927237761,-0.08456133979159944,0.10540925533894598,NO_KNOWN_OVERLAP,INCLUDE_PRIMARY_INDEPENDENT,0.863895200083741
GSE236713,SIG023,T1,T24,HALLMARK_APOPTOSIS,PRESET_PRIMARY,SSGSEA_RANK_WALK,93,0.08580764525081315,0.4134616053590432,0.08601917974173802,0.10540925533894598,NO_KNOWN_OVERLAP,INCLUDE_PRIMARY_INDEPENDENT,0.5315934926044841
GSE236713,SIG023,T1,T24,HALLMARK_BILE_ACID_METABOLISM,HALLMARK_SECONDARY,SSGSEA_RANK_WALK,93,-0.037032616155889105,0.7245229569450728,-0.03704955912379989,0.10540925533894598,NO_KNOWN_OVERLAP,INCLUDE_PRIMARY_INDEPENDENT,0.8998979389124875
GSE236713,SIG023,T1,T24,HALLMARK_CHOLESTEROL_HOMEOSTASIS,HALLMARK_SECONDARY,SSGSEA_RANK_WALK,93,0.09122377726716599,0.3844931683644862,0.09147809630545126,0.10540925533894598,NO_KNOWN_OVERLAP,INCLUDE_PRIMARY_INDEPENDENT,0.8403516063720741
GSE236713,SIG023,T1,T24,HALLMARK_COAGULATION,PRESET_PRIMARY,SSGSEA_RANK_WALK,93,0.1421771955477306,0.17399431355768913,0.14314699205679504,0.10540925533894598,NO_KNOWN_OVERLAP,INCLUDE_PRIMARY_INDEPENDENT,0.39148720550480054
GSE236713,SIG023,T1,T24,HALLMARK_COMPLEMENT,PRESET_PRIMARY,SSGSEA_RANK_WALK,93,0.09267106323296827,0.37696416798715005,0.09293772269511329,0.10540925533894598,NO_KNOWN_OVERLAP,INCLUDE_PRIMARY_INDEPENDENT,0.5315934926044841
GSE236713,SIG023,T1,T24,HALLMARK_DNA_REPAIR,HALLMARK_SECONDARY,SSGSEA_RANK_WALK,93,-0.04950613231476231,0.6374607800259298,-0.04954663604534632,0.10540925533894598,NO_KNOWN_OVERLAP,INCLUDE_PRIMARY_INDEPENDENT,0.8998979389124875
GSE236713,SIG023,T1,T24,HALLMARK_E2F_TARGETS,HALLMARK_SECONDARY,SSGSEA_RANK_WALK,93,-0.13877532750440152,0.18463116285274944,-0.13967663788533338,0.10540925533894598,NO_KNOWN_OVERLAP,INCLUDE_PRIMARY_INDEPENDENT,0.7569877676962726
GSE236713,SIG023,T1,T24,HALLMARK_EPITHELIAL_MESENCHYMAL_TRANSITION,HALLMARK_SECONDARY,SSGSEA_RANK_WALK,93,0.16054429888693264,0.12422382207744823,0.16194534514125591,0.10540925533894598,NO_KNOWN_OVERLAP,INCLUDE_PRIMARY_INDEPENDENT,0.7569877676962726
GSE236713,SIG023,T1,T24,HALLMARK_ESTROGEN_RESPONSE_EARLY,HALLMARK_SECONDARY,SSGSEA_RANK_WALK,93,0.04277699859747545,0.6839098817104378,0.04280311942054747,0.10540925533894598,NO_KNOWN_OVERLAP,INCLUDE_PRIMARY_INDEPENDENT,0.8998979389124875
GSE236713,SIG023,T1,T24,HALLMARK_ESTROGEN_RESPONSE_LATE,HALLMARK_SECONDARY,SSGSEA_RANK_WALK,93,-0.0398227447703739,0.7046930235476583,-0.03984381580320786,0.10540925533894598,NO_KNOWN_OVERLAP,INCLUDE_PRIMARY_INDEPENDENT,0.8998979389124875
GSE236713,SIG023,T1,T24,HALLMARK_FATTY_ACID_METABOLISM,HALLMARK_SECONDARY,SSGSEA_RANK_WALK,93,0.0004774551639760078,0.9963759115276059,0.0004774552002567856,0.10540925533894598,NO_KNOWN_OVERLAP,INCLUDE_PRIMARY_INDEPENDENT,0.9963759115276059
GSE236713,SIG023,T1,T24,HALLMARK_G2M_CHECKPOINT,HALLMARK_SECONDARY,SSGSEA_RANK_WALK,93,-0.03409328280266181,0.745611494596639,-0.03410650148712617,0.10540925533894598,NO_KNOWN_OVERLAP,INCLUDE_PRIMARY_INDEPENDENT,0.8998979389124875
GSE236713,SIG023,T1,T24,HALLMARK_GLYCOLYSIS,HALLMARK_SECONDARY,SSGSEA_RANK_WALK,93,0.10219032556473992,0.3297021289592377,0.10254829101066161,0.10540925533894598,NO_KNOWN_OVERLAP,INCLUDE_PRIMARY_INDEPENDENT,0.813269334276113
GSE236713,SIG023,T1,T24,HALLMARK_HEDGEHOG_SIGNALING,HALLMARK_SECONDARY,SSGSEA_RANK_WALK,93,-0.011876697203903193,0.9100387701860754,-0.01187725567738499,0.10540925533894598,NO_KNOWN_OVERLAP,INCLUDE_PRIMARY_INDEPENDENT,0.9913610774397603
GSE236713,SIG023,T1,T24,HALLMARK_HEME_METABOLISM,HALLMARK_SECONDARY,SSGSEA_RANK_WALK,93,0.14835427173167018,0.15584254002805792,0.1494572499390323,0.10540925533894598,NO_KNOWN_OVERLAP,INCLUDE_PRIMARY_INDEPENDENT,0.7569877676962726
GSE236713,SIG023,T1,T24,HALLMARK_HYPOXIA,HALLMARK_SECONDARY,SSGSEA_RANK_WALK,93,0.19990450896720474,0.05470955483390766,0.20263308620673562,0.10540925533894598,NO_KNOWN_OVERLAP,INCLUDE_PRIMARY_INDEPENDENT,0.7569877676962726
GSE236713,SIG023,T1,T24,HALLMARK_IL2_STAT5_SIGNALING,HALLMARK_SECONDARY,SSGSEA_RANK_WALK,93,0.03576437587657783,0.7335979382182028,0.03577963621535406,0.10540925533894598,NO_KNOWN_OVERLAP,INCLUDE_PRIMARY_INDEPENDENT,0.8998979389124875
GSE236713,SIG023,T1,T24,HALLMARK_IL6_JAK_STAT3_SIGNALING,HALLMARK_SECONDARY,SSGSEA_RANK_WALK,93,0.13993912446659304,0.18094025863959137,0.14086348406284246,0.10540925533894598,NO_KNOWN_OVERLAP,INCLUDE_PRIMARY_INDEPENDENT,0.7569877676962726
GSE236713,SIG023,T1,T24,HALLMARK_INFLAMMATORY_RESPONSE,PRESET_PRIMARY,SSGSEA_RANK_WALK,93,0.14971203485422696,0.15204933738238413,0.150845855445658,0.10540925533894598,NO_KNOWN_OVERLAP,INCLUDE_PRIMARY_INDEPENDENT,0.39148720550480054
GSE236713,SIG023,T1,T24,HALLMARK_INTERFERON_ALPHA_RESPONSE,PRESET_PRIMARY,SSGSEA_RANK_WALK,93,-0.22992450240219625,0.026615081351556307,-0.23410975372611706,0.10540925533894598,NO_KNOWN_OVERLAP,INCLUDE_PRIMARY_INDEPENDENT,0.23953573216400675
GSE236713,SIG023,T1,T24,HALLMARK_INTERFERON_GAMMA_RESPONSE,PRESET_PRIMARY,SSGSEA_RANK_WALK,93,-0.12048282653457071,0.24998894958607526,-0.12107093806567265,0.10540925533894598,NO_KNOWN_OVERLAP,INCLUDE_PRIMARY_INDEPENDENT,0.4499801092549355
GSE236713,SIG023,T1,T24,HALLMARK_KRAS_SIGNALING_DN,HALLMARK_SECONDARY,SSGSEA_RANK_WALK,93,-0.010712900241711676,0.9188224620173389,-0.010713310096331238,0.10540925533894598,NO_KNOWN_OVERLAP,INCLUDE_PRIMARY_INDEPENDENT,0.9913610774397603
GSE236713,SIG023,T1,T24,HALLMARK_KRAS_SIGNALING_UP,HALLMARK_SECONDARY,SSGSEA_RANK_WALK,93,0.034003759959416305,0.7462568273908432,0.03401687473936979,0.10540925533894598,NO_KNOWN_OVERLAP,INCLUDE_PRIMARY_INDEPENDENT,0.8998979389124875
GSE236713,SIG023,T1,T24,HALLMARK_MITOTIC_SPINDLE,HALLMARK_SECONDARY,SSGSEA_RANK_WALK,93,0.1256453104950613,0.23011826631814078,0.12631282147638104,0.10540925533894598,NO_KNOWN_OVERLAP,INCLUDE_PRIMARY_INDEPENDENT,0.7862374099203143
GSE236713,SIG023,T1,T24,HALLMARK_MTORC1_SIGNALING,HALLMARK_SECONDARY,SSGSEA_RANK_WALK,93,0.060383157769090735,0.5653159916813842,0.060456706933275976,0.10540925533894598,NO_KNOWN_OVERLAP,INCLUDE_PRIMARY_INDEPENDENT,0.8998979389124875
GSE236713,SIG023,T1,T24,HALLMARK_MYC_TARGETS_V1,HALLMARK_SECONDARY,SSGSEA_RANK_WALK,93,-0.10775566231983527,0.3039024192566821,-0.10817565269013299,0.10540925533894598,NO_KNOWN_OVERLAP,INCLUDE_PRIMARY_INDEPENDENT,0.813269334276113
GSE236713,SIG023,T1,T24,HALLMARK_MYC_TARGETS_V2,HALLMARK_SECONDARY,SSGSEA_RANK_WALK,93,-0.2055593685655456,0.04807603726476866,-0.20853034287274624,0.10540925533894598,NO_KNOWN_OVERLAP,INCLUDE_PRIMARY_INDEPENDENT,0.7569877676962726
GSE236713,SIG023,T1,T24,HALLMARK_MYOGENESIS,HALLMARK_SECONDARY,SSGSEA_RANK_WALK,93,0.152099310674107,0.1455482316177701,0.15328876371639527,0.10540925533894598,NO_KNOWN_OVERLAP,INCLUDE_PRIMARY_INDEPENDENT,0.7569877676962726
GSE236713,SIG023,T1,T24,HALLMARK_NOTCH_SIGNALING,HALLMARK_SECONDARY,SSGSEA_RANK_WALK,93,0.0021485482378920348,0.9836926633742276,0.002148551543986618,0.10540925533894598,NO_KNOWN_OVERLAP,INCLUDE_PRIMARY_INDEPENDENT,0.9963759115276059
GSE236713,SIG023,T1,T24,HALLMARK_OXIDATIVE_PHOSPHORYLATION,PRESET_PRIMARY,SSGSEA_RANK_WALK,93,-0.05636955029691742,0.5914865101375999,-0.05642936962588766,0.10540925533894598,NO_KNOWN_OVERLAP,INCLUDE_PRIMARY_INDEPENDENT,0.5914865101375999
GSE236713,SIG023,T1,T24,HALLMARK_P53_PATHWAY,HALLMARK_SECONDARY,SSGSEA_RANK_WALK,93,0.07591537107218524,0.4695296899433584,0.07606171450616296,0.10540925533894598,NO_KNOWN_OVERLAP,INCLUDE_PRIMARY_INDEPENDENT,0.8763387033029655
GSE236713,SIG023,T1,T24,HALLMARK_PANCREAS_BETA_CELLS,HALLMARK_SECONDARY,SSGSEA_RANK_WALK,93,-0.05875682611679746,0.5758543158817344,-0.05882458318800636,0.10540925533894598,NO_KNOWN_OVERLAP,INCLUDE_PRIMARY_INDEPENDENT,0.8998979389124875
GSE236713,SIG023,T1,T24,HALLMARK_PEROXISOME,HALLMARK_SECONDARY,SSGSEA_RANK_WALK,93,0.005744382441586345,0.9564188710057917,0.005744445627079879,0.10540925533894598,NO_KNOWN_OVERLAP,INCLUDE_PRIMARY_INDEPENDENT,0.9963759115276059
GSE236713,SIG023,T1,T24,HALLMARK_PI3K_AKT_MTOR_SIGNALING,HALLMARK_SECONDARY,SSGSEA_RANK_WALK,93,0.12931574706812687,0.2166800709521206,0.13004389729228524,0.10540925533894598,NO_KNOWN_OVERLAP,INCLUDE_PRIMARY_INDEPENDENT,0.7862374099203143
GSE236713,SIG023,T1,T24,HALLMARK_PROTEIN_SECRETION,HALLMARK_SECONDARY,SSGSEA_RANK_WALK,93,0.09028378741308823,0.389431232221205,0.09053030009365719,0.10540925533894598,NO_KNOWN_OVERLAP,INCLUDE_PRIMARY_INDEPENDENT,0.8403516063720741
GSE236713,SIG023,T1,T24,HALLMARK_REACTIVE_OXYGEN_SPECIES_PATHWAY,HALLMARK_SECONDARY,SSGSEA_RANK_WALK,93,0.14572826832980212,0.16337848467541027,0.14677321293169018,0.10540925533894598,NO_KNOWN_OVERLAP,INCLUDE_PRIMARY_INDEPENDENT,0.7569877676962726
GSE236713,SIG023,T1,T24,HALLMARK_SPERMATOGENESIS,HALLMARK_SECONDARY,SSGSEA_RANK_WALK,93,-0.039106562024409895,0.709764889038278,-0.03912651586123742,0.10540925533894598,NO_KNOWN_OVERLAP,INCLUDE_PRIMARY_INDEPENDENT,0.8998979389124875
GSE236713,SIG023,T1,T24,HALLMARK_TGF_BETA_SIGNALING,HALLMARK_SECONDARY,SSGSEA_RANK_WALK,93,0.11882665393452894,0.2566062028905406,0.11939070878506192,0.10540925533894598,NO_KNOWN_OVERLAP,INCLUDE_PRIMARY_INDEPENDENT,0.8092964860393972
GSE236713,SIG023,T1,T24,HALLMARK_TNFA_SIGNALING_VIA_NFKB,PRESET_PRIMARY,SSGSEA_RANK_WALK,93,0.18431261376861327,0.07696190017949606,0.18644331802041395,0.10540925533894598,NO_KNOWN_OVERLAP,INCLUDE_PRIMARY_INDEPENDENT,0.3463285508077323
GSE236713,SIG023,T1,T24,HALLMARK_UNFOLDED_PROTEIN_RESPONSE,HALLMARK_SECONDARY,SSGSEA_RANK_WALK,93,-0.024081644833039893,0.8187699956791203,-0.024086301641095025,0.10540925533894598,NO_KNOWN_OVERLAP,INCLUDE_PRIMARY_INDEPENDENT,0.9324880506345536
GSE236713,SIG023,T1,T24,HALLMARK_UV_RESPONSE_DN,HALLMARK_SECONDARY,SSGSEA_RANK_WALK,93,0.10560711408194325,0.3137018935017763,0.1060023696200158,0.10540925533894598,NO_KNOWN_OVERLAP,INCLUDE_PRIMARY_INDEPENDENT,0.813269334276113
GSE236713,SIG023,T1,T24,HALLMARK_UV_RESPONSE_UP,HALLMARK_SECONDARY,SSGSEA_RANK_WALK,93,0.10062367580794364,0.33720923616326637,0.1009653630674315,0.10540925533894598,NO_KNOWN_OVERLAP,INCLUDE_PRIMARY_INDEPENDENT,0.813269334276113
GSE236713,SIG023,T1,T24,HALLMARK_WNT_BETA_CATENIN_SIGNALING,HALLMARK_SECONDARY,SSGSEA_RANK_WALK,93,-0.06721673480349735,0.5220605307909096,-0.06731824051956818,0.10540925533894598,NO_KNOWN_OVERLAP,INCLUDE_PRIMARY_INDEPENDENT,0.891853406767804
GSE236713,SIG023,T1,T24,HALLMARK_XENOBIOTIC_METABOLISM,HALLMARK_SECONDARY,SSGSEA_RANK_WALK,93,0.07579600728119124,0.47023052372354246,0.07594165991060595,0.10540925533894598,NO_KNOWN_OVERLAP,INCLUDE_PRIMARY_INDEPENDENT,0.8763387033029655
GSE236713,SIG023,T1,T24,Neutrophil degranulation,REACTOME_SUPPLEMENT,SSGSEA_RANK_WALK,93,0.22407567664349015,0.030833235465830708,0.22794314725212877,0.10540925533894598,NO_KNOWN_OVERLAP,INCLUDE_PRIMARY_INDEPENDENT,0.061666470931661416
GSE236713,SIG023,T1,T24,TCR signaling,REACTOME_SUPPLEMENT,SSGSEA_RANK_WALK,93,0.008057055892095131,0.9389021395604864,0.008057230243234776,0.10540925533894598,NO_KNOWN_OVERLAP,INCLUDE_PRIMARY_INDEPENDENT,0.9389021395604864
GSE236713,SIG033,T1,T24,HALLMARK_ADIPOGENESIS,HALLMARK_SECONDARY,SSGSEA_RANK_WALK,93,-0.054802900540121144,0.6018481833942614,-0.05485786386044899,0.10540925533894598,NO_KNOWN_OVERLAP,INCLUDE_PRIMARY_INDEPENDENT,0.9572829415226336
GSE236713,SIG033,T1,T24,HALLMARK_ALLOGRAFT_REJECTION,PRESET_PRIMARY,SSGSEA_RANK_WALK,93,-0.1498164781713467,0.151760441373534,-0.15095269510513343,0.10540925533894598,NO_KNOWN_OVERLAP,INCLUDE_PRIMARY_INDEPENDENT,0.455281324120602
GSE236713,SIG033,T1,T24,HALLMARK_ANDROGEN_RESPONSE,HALLMARK_SECONDARY,SSGSEA_RANK_WALK,93,-0.05945808838888722,0.5712990899860384,-0.059528304073015924,0.10540925533894598,NO_KNOWN_OVERLAP,INCLUDE_PRIMARY_INDEPENDENT,0.9572829415226336
GSE236713,SIG033,T1,T24,HALLMARK_ANGIOGENESIS,HALLMARK_SECONDARY,SSGSEA_RANK_WALK,93,-0.009728148966011159,0.9262624764142169,-0.009728455864000582,0.10540925533894598,NO_KNOWN_OVERLAP,INCLUDE_PRIMARY_INDEPENDENT,0.9572829415226336
GSE236713,SIG033,T1,T24,HALLMARK_APICAL_JUNCTION,HALLMARK_SECONDARY,SSGSEA_RANK_WALK,93,-0.034406612754021064,0.7433542144210973,-0.03442019942723165,0.10540925533894598,NO_KNOWN_OVERLAP,INCLUDE_PRIMARY_INDEPENDENT,0.9572829415226336
GSE236713,SIG033,T1,T24,HALLMARK_APICAL_SURFACE,HALLMARK_SECONDARY,SSGSEA_RANK_WALK,93,0.04649219659216376,0.6581056793013097,0.04652573810831663,0.10540925533894598,NO_KNOWN_OVERLAP,INCLUDE_PRIMARY_INDEPENDENT,0.9572829415226336
GSE236713,SIG033,T1,T24,HALLMARK_APOPTOSIS,PRESET_PRIMARY,SSGSEA_RANK_WALK,93,-0.09308883650144727,0.37480759211082715,-0.09335913132951691,0.10540925533894598,NO_KNOWN_OVERLAP,INCLUDE_PRIMARY_INDEPENDENT,0.6746536657994888
GSE236713,SIG033,T1,T24,HALLMARK_BILE_ACID_METABOLISM,HALLMARK_SECONDARY,SSGSEA_RANK_WALK,93,-0.022276267494255615,0.8321496420418482,-0.022279953324685443,0.10540925533894598,NO_KNOWN_OVERLAP,INCLUDE_PRIMARY_INDEPENDENT,0.9572829415226336
GSE236713,SIG033,T1,T24,HALLMARK_CHOLESTEROL_HOMEOSTASIS,HALLMARK_SECONDARY,SSGSEA_RANK_WALK,93,-0.06550088030795857,0.5327622840293574,-0.06559479642255112,0.10540925533894598,NO_KNOWN_OVERLAP,INCLUDE_PRIMARY_INDEPENDENT,0.9572829415226336
GSE236713,SIG033,T1,T24,HALLMARK_COAGULATION,PRESET_PRIMARY,SSGSEA_RANK_WALK,93,0.06394915102503655,0.542533479512746,0.06403653876981964,0.10540925533894598,NO_KNOWN_OVERLAP,INCLUDE_PRIMARY_INDEPENDENT,0.6936434889287688
GSE236713,SIG033,T1,T24,HALLMARK_COMPLEMENT,PRESET_PRIMARY,SSGSEA_RANK_WALK,93,-0.042448748172241944,0.6862078682125763,-0.04247427185218801,0.10540925533894598,NO_KNOWN_OVERLAP,INCLUDE_PRIMARY_INDEPENDENT,0.6936434889287688
GSE236713,SIG033,T1,T24,HALLMARK_DNA_REPAIR,HALLMARK_SECONDARY,SSGSEA_RANK_WALK,93,-0.06194980752588702,0.5552514081030605,-0.06202924039668375,0.10540925533894598,NO_KNOWN_OVERLAP,INCLUDE_PRIMARY_INDEPENDENT,0.9572829415226336
GSE236713,SIG033,T1,T24,HALLMARK_E2F_TARGETS,HALLMARK_SECONDARY,SSGSEA_RANK_WALK,93,0.03903195965503864,0.7102939408879685,0.03905179944415861,0.10540925533894598,NO_KNOWN_OVERLAP,INCLUDE_PRIMARY_INDEPENDENT,0.9572829415226336
GSE236713,SIG033,T1,T24,HALLMARK_EPITHELIAL_MESENCHYMAL_TRANSITION,HALLMARK_SECONDARY,SSGSEA_RANK_WALK,93,0.11578287726418189,0.26907722225207625,0.1163044615781469,0.10540925533894598,NO_KNOWN_OVERLAP,INCLUDE_PRIMARY_INDEPENDENT,0.9572829415226336
GSE236713,SIG033,T1,T24,HALLMARK_ESTROGEN_RESPONSE_EARLY,HALLMARK_SECONDARY,SSGSEA_RANK_WALK,93,0.09849004804392587,0.3476055107144048,0.09881037514216161,0.10540925533894598,NO_KNOWN_OVERLAP,INCLUDE_PRIMARY_INDEPENDENT,0.9572829415226336
GSE236713,SIG033,T1,T24,HALLMARK_ESTROGEN_RESPONSE_LATE,HALLMARK_SECONDARY,SSGSEA_RANK_WALK,93,0.12146757781027123,0.24611042034912933,0.12207031531248003,0.10540925533894598,NO_KNOWN_OVERLAP,INCLUDE_PRIMARY_INDEPENDENT,0.9572829415226336
GSE236713,SIG033,T1,T24,HALLMARK_FATTY_ACID_METABOLISM,HALLMARK_SECONDARY,SSGSEA_RANK_WALK,93,0.013741756438184476,0.8959853006746579,0.013742621515045255,0.10540925533894598,NO_KNOWN_OVERLAP,INCLUDE_PRIMARY_INDEPENDENT,0.9572829415226336
GSE236713,SIG033,T1,T24,HALLMARK_G2M_CHECKPOINT,HALLMARK_SECONDARY,SSGSEA_RANK_WALK,93,0.004118050789293067,0.9687499923665854,0.004118074067968231,0.10540925533894598,NO_KNOWN_OVERLAP,INCLUDE_PRIMARY_INDEPENDENT,0.9687499923665855
GSE236713,SIG033,T1,T24,HALLMARK_GLYCOLYSIS,HALLMARK_SECONDARY,SSGSEA_RANK_WALK,93,0.06849989555668287,0.5141291332300895,0.06860733742307866,0.10540925533894598,NO_KNOWN_OVERLAP,INCLUDE_PRIMARY_INDEPENDENT,0.9572829415226336
GSE236713,SIG033,T1,T24,HALLMARK_HEDGEHOG_SIGNALING,HALLMARK_SECONDARY,SSGSEA_RANK_WALK,93,0.08080928650293932,0.44128964552871675,0.0809858775923768,0.10540925533894598,NO_KNOWN_OVERLAP,INCLUDE_PRIMARY_INDEPENDENT,0.9572829415226336
GSE236713,SIG033,T1,T24,HALLMARK_HEME_METABOLISM,HALLMARK_SECONDARY,SSGSEA_RANK_WALK,93,-0.05195309003013936,0.6208997661338406,-0.051999908477994634,0.10540925533894598,NO_KNOWN_OVERLAP,INCLUDE_PRIMARY_INDEPENDENT,0.9572829415226336
GSE236713,SIG033,T1,T24,HALLMARK_HYPOXIA,HALLMARK_SECONDARY,SSGSEA_RANK_WALK,93,-0.032511712571991286,0.7570378274241218,-0.0325231749265705,0.10540925533894598,NO_KNOWN_OVERLAP,INCLUDE_PRIMARY_INDEPENDENT,0.9572829415226336
GSE236713,SIG033,T1,T24,HALLMARK_IL2_STAT5_SIGNALING,HALLMARK_SECONDARY,SSGSEA_RANK_WALK,93,-0.07561696159470024,0.4712828388959188,-0.07576158211280543,0.10540925533894598,NO_KNOWN_OVERLAP,INCLUDE_PRIMARY_INDEPENDENT,0.9572829415226336
GSE236713,SIG033,T1,T24,HALLMARK_IL6_JAK_STAT3_SIGNALING,HALLMARK_SECONDARY,SSGSEA_RANK_WALK,93,-0.20218734146996503,0.05194650536276782,-0.20501207746848207,0.10540925533894598,NO_KNOWN_OVERLAP,INCLUDE_PRIMARY_INDEPENDENT,0.9572829415226336
GSE236713,SIG033,T1,T24,HALLMARK_INFLAMMATORY_RESPONSE,PRESET_PRIMARY,SSGSEA_RANK_WALK,93,-0.10565187550356599,0.3134956753982818,-0.10604763610655166,0.10540925533894598,NO_KNOWN_OVERLAP,INCLUDE_PRIMARY_INDEPENDENT,0.6746536657994888
GSE236713,SIG033,T1,T24,HALLMARK_INTERFERON_ALPHA_RESPONSE,PRESET_PRIMARY,SSGSEA_RANK_WALK,93,-0.1911909522246426,0.066384800391121,-0.19357301575908076,0.10540925533894598,NO_KNOWN_OVERLAP,INCLUDE_PRIMARY_INDEPENDENT,0.29873160176004454
GSE236713,SIG033,T1,T24,HALLMARK_INTERFERON_GAMMA_RESPONSE,PRESET_PRIMARY,SSGSEA_RANK_WALK,93,-0.19868103010951624,0.0562393195018818,-0.20135900365238096,0.10540925533894598,NO_KNOWN_OVERLAP,INCLUDE_PRIMARY_INDEPENDENT,0.29873160176004454
GSE236713,SIG033,T1,T24,HALLMARK_KRAS_SIGNALING_DN,HALLMARK_SECONDARY,SSGSEA_RANK_WALK,93,0.09162663006177076,0.3823884377480482,0.09188434476102142,0.10540925533894598,NO_KNOWN_OVERLAP,INCLUDE_PRIMARY_INDEPENDENT,0.9572829415226336
GSE236713,SIG033,T1,T24,HALLMARK_KRAS_SIGNALING_UP,HALLMARK_SECONDARY,SSGSEA_RANK_WALK,93,-0.05319148936170212,0.6125890552553563,-0.05324174020122504,0.10540925533894598,NO_KNOWN_OVERLAP,INCLUDE_PRIMARY_INDEPENDENT,0.9572829415226336
GSE236713,SIG033,T1,T24,HALLMARK_MITOTIC_SPINDLE,HALLMARK_SECONDARY,SSGSEA_RANK_WALK,93,-0.05984602070961773,0.568786443251464,-0.05991762173405439,0.10540925533894598,NO_KNOWN_OVERLAP,INCLUDE_PRIMARY_INDEPENDENT,0.9572829415226336
GSE236713,SIG033,T1,T24,HALLMARK_MTORC1_SIGNALING,HALLMARK_SECONDARY,SSGSEA_RANK_WALK,93,-0.008713556742562143,0.9339345770952523,-0.008713777281318622,0.10540925533894598,NO_KNOWN_OVERLAP,INCLUDE_PRIMARY_INDEPENDENT,0.9572829415226336
GSE236713,SIG033,T1,T24,HALLMARK_MYC_TARGETS_V1,HALLMARK_SECONDARY,SSGSEA_RANK_WALK,93,0.01709886305989078,0.8707726214789135,0.017100529756846426,0.10540925533894598,NO_KNOWN_OVERLAP,INCLUDE_PRIMARY_INDEPENDENT,0.9572829415226336
GSE236713,SIG033,T1,T24,HALLMARK_MYC_TARGETS_V2,HALLMARK_SECONDARY,SSGSEA_RANK_WALK,93,-0.010026558443496163,0.9240072271628921,-0.010026894460002054,0.10540925533894598,NO_KNOWN_OVERLAP,INCLUDE_PRIMARY_INDEPENDENT,0.9572829415226336
GSE236713,SIG033,T1,T24,HALLMARK_MYOGENESIS,HALLMARK_SECONDARY,SSGSEA_RANK_WALK,93,0.11057563188206856,0.2913473957403404,0.11102963554386817,0.10540925533894598,NO_KNOWN_OVERLAP,INCLUDE_PRIMARY_INDEPENDENT,0.9572829415226336
GSE236713,SIG033,T1,T24,HALLMARK_NOTCH_SIGNALING,HALLMARK_SECONDARY,SSGSEA_RANK_WALK,93,-0.026394318283548684,0.8017068128690561,-0.026400450135765748,0.10540925533894598,NO_KNOWN_OVERLAP,INCLUDE_PRIMARY_INDEPENDENT,0.9572829415226336
GSE236713,SIG033,T1,T24,HALLMARK_OXIDATIVE_PHOSPHORYLATION,PRESET_PRIMARY,SSGSEA_RANK_WALK,93,-0.04138939452717018,0.6936434889287688,-0.04141305332491122,0.10540925533894598,NO_KNOWN_OVERLAP,INCLUDE_PRIMARY_INDEPENDENT,0.6936434889287688
GSE236713,SIG033,T1,T24,HALLMARK_P53_PATHWAY,HALLMARK_SECONDARY,SSGSEA_RANK_WALK,93,-0.07281191250634118,0.4879347210653897,-0.07294099595850893,0.10540925533894598,NO_KNOWN_OVERLAP,INCLUDE_PRIMARY_INDEPENDENT,0.9572829415226336
GSE236713,SIG033,T1,T24,HALLMARK_PANCREAS_BETA_CELLS,HALLMARK_SECONDARY,SSGSEA_RANK_WALK,93,-0.06793291754946136,0.5176260883760877,-0.06803770864525635,0.10540925533894598,NO_KNOWN_OVERLAP,INCLUDE_PRIMARY_INDEPENDENT,0.9572829415226336
GSE236713,SIG033,T1,T24,HALLMARK_PEROXISOME,HALLMARK_SECONDARY,SSGSEA_RANK_WALK,93,-0.030780937602578256,0.7696021554438148,-0.030790664431185246,0.10540925533894598,NO_KNOWN_OVERLAP,INCLUDE_PRIMARY_INDEPENDENT,0.9572829415226336
GSE236713,SIG033,T1,T24,HALLMARK_PI3K_AKT_MTOR_SIGNALING,HALLMARK_SECONDARY,SSGSEA_RANK_WALK,93,-0.10244397362060217,0.32849678329364074,-0.10280462255135908,0.10540925533894598,NO_KNOWN_OVERLAP,INCLUDE_PRIMARY_INDEPENDENT,0.9572829415226336
GSE236713,SIG033,T1,T24,HALLMARK_PROTEIN_SECRETION,HALLMARK_SECONDARY,SSGSEA_RANK_WALK,93,-0.06354629823043179,0.5450845177893908,-0.06363204218761036,0.10540925533894598,NO_KNOWN_OVERLAP,INCLUDE_PRIMARY_INDEPENDENT,0.9572829415226336
GSE236713,SIG033,T1,T24,HALLMARK_REACTIVE_OXYGEN_SPECIES_PATHWAY,HALLMARK_SECONDARY,SSGSEA_RANK_WALK,93,-0.08370385843454388,0.4250476685575595,-0.08390017013640172,0.10540925533894598,NO_KNOWN_OVERLAP,INCLUDE_PRIMARY_INDEPENDENT,0.9572829415226336
GSE236713,SIG033,T1,T24,HALLMARK_SPERMATOGENESIS,HALLMARK_SECONDARY,SSGSEA_RANK_WALK,93,0.33406941004446294,0.00106549869219863,0.3474019054081817,0.10540925533894598,NO_KNOWN_OVERLAP,INCLUDE_PRIMARY_INDEPENDENT,0.04368544638014383
GSE236713,SIG033,T1,T24,HALLMARK_TGF_BETA_SIGNALING,HALLMARK_SECONDARY,SSGSEA_RANK_WALK,93,-0.107263286681985,0.3061302726301219,-0.10767751947503039,0.10540925533894598,NO_KNOWN_OVERLAP,INCLUDE_PRIMARY_INDEPENDENT,0.9572829415226336
GSE236713,SIG033,T1,T24,HALLMARK_TNFA_SIGNALING_VIA_NFKB,PRESET_PRIMARY,SSGSEA_RANK_WALK,93,-0.07057384142520365,0.5014413596798422,-0.07069136109130483,0.10540925533894598,NO_KNOWN_OVERLAP,INCLUDE_PRIMARY_INDEPENDENT,0.6936434889287688
GSE236713,SIG033,T1,T24,HALLMARK_UNFOLDED_PROTEIN_RESPONSE,HALLMARK_SECONDARY,SSGSEA_RANK_WALK,93,0.012488436632747454,0.9054259656960425,0.012489085930069003,0.10540925533894598,NO_KNOWN_OVERLAP,INCLUDE_PRIMARY_INDEPENDENT,0.9572829415226336
GSE236713,SIG033,T1,T24,HALLMARK_UV_RESPONSE_DN,HALLMARK_SECONDARY,SSGSEA_RANK_WALK,93,0.019769627883381574,0.8508051248083558,0.019772204062700995,0.10540925533894598,NO_KNOWN_OVERLAP,INCLUDE_PRIMARY_INDEPENDENT,0.9572829415226336
GSE236713,SIG033,T1,T24,HALLMARK_UV_RESPONSE_UP,HALLMARK_SECONDARY,SSGSEA_RANK_WALK,93,-0.10314523589269194,0.3251790020843077,-0.10351337403989487,0.10540925533894598,NO_KNOWN_OVERLAP,INCLUDE_PRIMARY_INDEPENDENT,0.9572829415226336
GSE236713,SIG033,T1,T24,HALLMARK_WNT_BETA_CATENIN_SIGNALING,HALLMARK_SECONDARY,SSGSEA_RANK_WALK,93,-0.06321804780519828,0.5471674624153882,-0.06330246776006938,0.10540925533894598,NO_KNOWN_OVERLAP,INCLUDE_PRIMARY_INDEPENDENT,0.9572829415226336
GSE236713,SIG033,T1,T24,HALLMARK_XENOBIOTIC_METABOLISM,HALLMARK_SECONDARY,SSGSEA_RANK_WALK,93,-0.024245770045656645,0.8175561725404658,-0.0242505227402779,0.10540925533894598,NO_KNOWN_OVERLAP,INCLUDE_PRIMARY_INDEPENDENT,0.9572829415226336
GSE236713,SIG033,T1,T24,Neutrophil degranulation,REACTOME_SUPPLEMENT,SSGSEA_RANK_WALK,93,-0.13001700934021665,0.21417713957823414,-0.13075715180741193,0.10540925533894598,NO_KNOWN_OVERLAP,INCLUDE_PRIMARY_INDEPENDENT,0.2552852637741213
GSE236713,SIG033,T1,T24,TCR signaling,REACTOME_SUPPLEMENT,SSGSEA_RANK_WALK,93,-0.11915490435976245,0.2552852637741213,-0.11972367359748161,0.10540925533894598,NO_KNOWN_OVERLAP,INCLUDE_PRIMARY_INDEPENDENT,0.2552852637741213
GSE236713,SIG034,T1,T24,HALLMARK_ADIPOGENESIS,HALLMARK_SECONDARY,SSGSEA_RANK_WALK,93,-0.21406403867386825,0.03936150867466922,-0.217426702700598,0.10540925533894598,NO_KNOWN_OVERLAP,INCLUDE_PRIMARY_INDEPENDENT,0.1546299479647891
GSE236713,SIG034,T1,T24,HALLMARK_ALLOGRAFT_REJECTION,PRESET_PRIMARY,SSGSEA_RANK_WALK,93,-0.26840440452388764,0.009286878022342513,-0.27514355953120007,0.10540925533894598,NO_KNOWN_OVERLAP,INCLUDE_PRIMARY_INDEPENDENT,0.04179095110054131
GSE236713,SIG034,T1,T24,HALLMARK_ANDROGEN_RESPONSE,HALLMARK_SECONDARY,SSGSEA_RANK_WALK,93,-0.05034167885172032,0.6317852165265281,-0.05038427034820139,0.10540925533894598,NO_KNOWN_OVERLAP,INCLUDE_PRIMARY_INDEPENDENT,0.7618586434584603
GSE236713,SIG034,T1,T24,HALLMARK_ANGIOGENESIS,HALLMARK_SECONDARY,SSGSEA_RANK_WALK,93,-0.05893587180328846,0.574689677443062,-0.05900425104551162,0.10540925533894598,NO_KNOWN_OVERLAP,INCLUDE_PRIMARY_INDEPENDENT,0.7140083871262286
GSE236713,SIG034,T1,T24,HALLMARK_APICAL_JUNCTION,HALLMARK_SECONDARY,SSGSEA_RANK_WALK,93,-0.06893258929903613,0.5114685575870166,-0.06904208401181376,0.10540925533894598,NO_KNOWN_OVERLAP,INCLUDE_PRIMARY_INDEPENDENT,0.6803266709214378
GSE236713,SIG034,T1,T24,HALLMARK_APICAL_SURFACE,HALLMARK_SECONDARY,SSGSEA_RANK_WALK,93,-0.12005013279221748,0.25170635880009856,-0.12063189397080668,0.10540925533894598,NO_KNOWN_OVERLAP,INCLUDE_PRIMARY_INDEPENDENT,0.46908912321836554
GSE236713,SIG034,T1,T24,HALLMARK_APOPTOSIS,PRESET_PRIMARY,SSGSEA_RANK_WALK,93,-0.10230968935573392,0.32913455699553806,-0.10266891594319763,0.10540925533894598,NO_KNOWN_OVERLAP,INCLUDE_PRIMARY_INDEPENDENT,0.42317300185140605
GSE236713,SIG034,T1,T24,HALLMARK_BILE_ACID_METABOLISM,HALLMARK_SECONDARY,SSGSEA_RANK_WALK,93,-0.14422130046850287,0.16782331824774097,-0.14523389178224133,0.10540925533894598,NO_KNOWN_OVERLAP,INCLUDE_PRIMARY_INDEPENDENT,0.32765504991225614
GSE236713,SIG034,T1,T24,HALLMARK_CHOLESTEROL_HOMEOSTASIS,HALLMARK_SECONDARY,SSGSEA_RANK_WALK,93,-0.06656023395303035,0.5261422412556782,-0.06665878921412195,0.10540925533894598,NO_KNOWN_OVERLAP,INCLUDE_PRIMARY_INDEPENDENT,0.6803266709214378
GSE236713,SIG034,T1,T24,HALLMARK_COAGULATION,PRESET_PRIMARY,SSGSEA_RANK_WALK,93,-0.03283996299722479,0.7546619332164138,-0.03285177620576215,0.10540925533894598,NO_KNOWN_OVERLAP,INCLUDE_PRIMARY_INDEPENDENT,0.7546619332164138
GSE236713,SIG034,T1,T24,HALLMARK_COMPLEMENT,PRESET_PRIMARY,SSGSEA_RANK_WALK,93,-0.05268419324997761,0.6159876007468164,-0.052733018428920996,0.10540925533894598,NO_KNOWN_OVERLAP,INCLUDE_PRIMARY_INDEPENDENT,0.6929860508401684
GSE236713,SIG034,T1,T24,HALLMARK_DNA_REPAIR,HALLMARK_SECONDARY,SSGSEA_RANK_WALK,93,-0.3262660022082301,0.0014145891739071968,-0.33864369231408226,0.10540925533894598,NO_KNOWN_OVERLAP,INCLUDE_PRIMARY_INDEPENDENT,0.019315298179090626
GSE236713,SIG034,T1,T24,HALLMARK_E2F_TARGETS,HALLMARK_SECONDARY,SSGSEA_RANK_WALK,93,-0.31168869923308756,0.0023555241681817835,-0.32241473089046524,0.10540925533894598,NO_KNOWN_OVERLAP,INCLUDE_PRIMARY_INDEPENDENT,0.019315298179090626
GSE236713,SIG034,T1,T24,HALLMARK_EPITHELIAL_MESENCHYMAL_TRANSITION,HALLMARK_SECONDARY,SSGSEA_RANK_WALK,93,0.007415475515502371,0.9437590643605117,0.007415611443866529,0.10540925533894598,NO_KNOWN_OVERLAP,INCLUDE_PRIMARY_INDEPENDENT,0.9673530409695245
GSE236713,SIG034,T1,T24,HALLMARK_ESTROGEN_RESPONSE_EARLY,HALLMARK_SECONDARY,SSGSEA_RANK_WALK,93,-0.08083912745068782,0.44112043892136865,-0.08101591475949675,0.10540925533894598,NO_KNOWN_OVERLAP,INCLUDE_PRIMARY_INDEPENDENT,0.6462980272932297
GSE236713,SIG034,T1,T24,HALLMARK_ESTROGEN_RESPONSE_LATE,HALLMARK_SECONDARY,SSGSEA_RANK_WALK,93,-0.2074542687475754,0.04600771135550032,-0.2105096514998916,0.10540925533894598,NO_KNOWN_OVERLAP,INCLUDE_PRIMARY_INDEPENDENT,0.1546299479647891
GSE236713,SIG034,T1,T24,HALLMARK_FATTY_ACID_METABOLISM,HALLMARK_SECONDARY,SSGSEA_RANK_WALK,93,-0.26549491211840887,0.010109904456568996,-0.27201081846768,0.10540925533894598,NO_KNOWN_OVERLAP,INCLUDE_PRIMARY_INDEPENDENT,0.05921515467418983
GSE236713,SIG034,T1,T24,HALLMARK_G2M_CHECKPOINT,HALLMARK_SECONDARY,SSGSEA_RANK_WALK,93,-0.19418996747336692,0.0621576256556613,-0.19668767998050635,0.10540925533894598,NO_KNOWN_OVERLAP,INCLUDE_PRIMARY_INDEPENDENT,0.16989751012547422
GSE236713,SIG034,T1,T24,HALLMARK_GLYCOLYSIS,HALLMARK_SECONDARY,SSGSEA_RANK_WALK,93,-0.15888812628689084,0.12820477710240594,-0.16024581842872754,0.10540925533894598,NO_KNOWN_OVERLAP,INCLUDE_PRIMARY_INDEPENDENT,0.29045869121425644
GSE236713,SIG034,T1,T24,HALLMARK_HEDGEHOG_SIGNALING,HALLMARK_SECONDARY,SSGSEA_RANK_WALK,93,-0.024186088150159647,0.8179975131582939,-0.024190805826094508,0.10540925533894598,NO_KNOWN_OVERLAP,INCLUDE_PRIMARY_INDEPENDENT,0.9316082788747236
GSE236713,SIG034,T1,T24,HALLMARK_HEME_METABOLISM,HALLMARK_SECONDARY,SSGSEA_RANK_WALK,93,-0.08726985169048967,0.4055183564627509,-0.08749241947789396,0.10540925533894598,NO_KNOWN_OVERLAP,INCLUDE_PRIMARY_INDEPENDENT,0.6394712544220303
GSE236713,SIG034,T1,T24,HALLMARK_HYPOXIA,HALLMARK_SECONDARY,SSGSEA_RANK_WALK,93,-0.014965235295872997,0.8867833534820466,-0.014966352642076528,0.10540925533894598,NO_KNOWN_OVERLAP,INCLUDE_PRIMARY_INDEPENDENT,0.9511486769853739
GSE236713,SIG034,T1,T24,HALLMARK_IL2_STAT5_SIGNALING,HALLMARK_SECONDARY,SSGSEA_RANK_WALK,93,-0.21008027214944344,0.04326369928453971,-0.21325532351354093,0.10540925533894598,NO_KNOWN_OVERLAP,INCLUDE_PRIMARY_INDEPENDENT,0.1546299479647891
GSE236713,SIG034,T1,T24,HALLMARK_IL6_JAK_STAT3_SIGNALING,HALLMARK_SECONDARY,SSGSEA_RANK_WALK,93,0.17909044791262566,0.08586163760769312,0.18104283898971943,0.10540925533894598,NO_KNOWN_OVERLAP,INCLUDE_PRIMARY_INDEPENDENT,0.20707806717149518
GSE236713,SIG034,T1,T24,HALLMARK_INFLAMMATORY_RESPONSE,PRESET_PRIMARY,SSGSEA_RANK_WALK,93,0.1280773477365641,0.2211505559871465,0.12878464097678816,0.10540925533894598,NO_KNOWN_OVERLAP,INCLUDE_PRIMARY_INDEPENDENT,0.33172583398071975
GSE236713,SIG034,T1,T24,HALLMARK_INTERFERON_ALPHA_RESPONSE,PRESET_PRIMARY,SSGSEA_RANK_WALK,93,-0.20311241085016857,0.050860019171230876,-0.20597676367082182,0.10540925533894598,NO_KNOWN_OVERLAP,INCLUDE_PRIMARY_INDEPENDENT,0.15258005751369264
GSE236713,SIG034,T1,T24,HALLMARK_INTERFERON_GAMMA_RESPONSE,PRESET_PRIMARY,SSGSEA_RANK_WALK,93,-0.16129032258064513,0.12246188394376417,-0.16271120021731394,0.10540925533894598,NO_KNOWN_OVERLAP,INCLUDE_PRIMARY_INDEPENDENT,0.2204313910987755
GSE236713,SIG034,T1,T24,HALLMARK_KRAS_SIGNALING_DN,HALLMARK_SECONDARY,SSGSEA_RANK_WALK,93,0.18935573393810984,0.06908444799546318,0.19166885886622118,0.10540925533894598,NO_KNOWN_OVERLAP,INCLUDE_PRIMARY_INDEPENDENT,0.1770288979883744
GSE236713,SIG034,T1,T24,HALLMARK_KRAS_SIGNALING_UP,HALLMARK_SECONDARY,SSGSEA_RANK_WALK,93,-0.10974008534511055,0.2950311134671558,-0.11018382525566366,0.10540925533894598,NO_KNOWN_OVERLAP,INCLUDE_PRIMARY_INDEPENDENT,0.5259250283544952
GSE236713,SIG034,T1,T24,HALLMARK_MITOTIC_SPINDLE,HALLMARK_SECONDARY,SSGSEA_RANK_WALK,93,0.012577959475992955,0.9047511805470629,0.01257862283792615,0.10540925533894598,NO_KNOWN_OVERLAP,INCLUDE_PRIMARY_INDEPENDENT,0.9511486769853739
GSE236713,SIG034,T1,T24,HALLMARK_MTORC1_SIGNALING,HALLMARK_SECONDARY,SSGSEA_RANK_WALK,93,-0.20470890155471333,0.049029007891274595,-0.20764251603374498,0.10540925533894598,NO_KNOWN_OVERLAP,INCLUDE_PRIMARY_INDEPENDENT,0.1546299479647891
GSE236713,SIG034,T1,T24,HALLMARK_MYC_TARGETS_V1,HALLMARK_SECONDARY,SSGSEA_RANK_WALK,93,-0.4099549401688998,4.4866503737950706e-05,-0.4355570594779671,0.10540925533894598,NO_KNOWN_OVERLAP,INCLUDE_PRIMARY_INDEPENDENT,0.0009197633266279895
GSE236713,SIG034,T1,T24,HALLMARK_MYC_TARGETS_V2,HALLMARK_SECONDARY,SSGSEA_RANK_WALK,93,-0.4620124735161588,3.13464415425252e-06,-0.49986689858569516,0.10540925533894598,NO_KNOWN_OVERLAP,INCLUDE_PRIMARY_INDEPENDENT,0.00012852041032435332
GSE236713,SIG034,T1,T24,HALLMARK_MYOGENESIS,HALLMARK_SECONDARY,SSGSEA_RANK_WALK,93,0.0036107546775685597,0.9725980376486167,0.003610770369488733,0.10540925533894598,NO_KNOWN_OVERLAP,INCLUDE_PRIMARY_INDEPENDENT,0.9725980376486169
GSE236713,SIG034,T1,T24,HALLMARK_NOTCH_SIGNALING,HALLMARK_SECONDARY,SSGSEA_RANK_WALK,93,-0.25061919966578133,0.015392920296838808,-0.2560734006989347,0.10540925533894598,NO_KNOWN_OVERLAP,INCLUDE_PRIMARY_INDEPENDENT,0.07888871652129889
GSE236713,SIG034,T1,T24,HALLMARK_OXIDATIVE_PHOSPHORYLATION,PRESET_PRIMARY,SSGSEA_RANK_WALK,93,-0.3567485303333233,0.0004479894473213924,-0.37315529690295207,0.10540925533894598,NO_KNOWN_OVERLAP,INCLUDE_PRIMARY_INDEPENDENT,0.004031905025892532
GSE236713,SIG034,T1,T24,HALLMARK_P53_PATHWAY,HALLMARK_SECONDARY,SSGSEA_RANK_WALK,93,-0.15630688430664555,0.13460280812367983,-0.15759883168908087,0.10540925533894598,NO_KNOWN_OVERLAP,INCLUDE_PRIMARY_INDEPENDENT,0.29045869121425644
GSE236713,SIG034,T1,T24,HALLMARK_PANCREAS_BETA_CELLS,HALLMARK_SECONDARY,SSGSEA_RANK_WALK,93,-0.30516845215004024,0.0029353158358601133,-0.3152089772706678,0.10540925533894598,NO_KNOWN_OVERLAP,INCLUDE_PRIMARY_INDEPENDENT,0.020057991545044108
GSE236713,SIG034,T1,T24,HALLMARK_PEROXISOME,HALLMARK_SECONDARY,SSGSEA_RANK_WALK,93,-0.1988749962698815,0.05599448578905416,-0.20156094922813741,0.10540925533894598,NO_KNOWN_OVERLAP,INCLUDE_PRIMARY_INDEPENDENT,0.1639838512393729
GSE236713,SIG034,T1,T24,HALLMARK_PI3K_AKT_MTOR_SIGNALING,HALLMARK_SECONDARY,SSGSEA_RANK_WALK,93,-0.036018023932440094,0.7317799645227541,-0.03603361143793786,0.10540925533894598,NO_KNOWN_OVERLAP,INCLUDE_PRIMARY_INDEPENDENT,0.8572279584409405
GSE236713,SIG034,T1,T24,HALLMARK_PROTEIN_SECRETION,HALLMARK_SECONDARY,SSGSEA_RANK_WALK,93,-0.06578436931156932,0.5309866699874637,-0.06587951225558392,0.10540925533894598,NO_KNOWN_OVERLAP,INCLUDE_PRIMARY_INDEPENDENT,0.6803266709214378
GSE236713,SIG034,T1,T24,HALLMARK_REACTIVE_OXYGEN_SPECIES_PATHWAY,HALLMARK_SECONDARY,SSGSEA_RANK_WALK,93,-0.0966846707051416,0.35655719299405664,-0.0969876388378948,0.10540925533894598,NO_KNOWN_OVERLAP,INCLUDE_PRIMARY_INDEPENDENT,0.6091185380315134
GSE236713,SIG034,T1,T24,HALLMARK_SPERMATOGENESIS,HALLMARK_SECONDARY,SSGSEA_RANK_WALK,93,-0.08079436602906508,0.44137426254171785,-0.08097085906350153,0.10540925533894598,NO_KNOWN_OVERLAP,INCLUDE_PRIMARY_INDEPENDENT,0.6462980272932297
GSE236713,SIG034,T1,T24,HALLMARK_TGF_BETA_SIGNALING,HALLMARK_SECONDARY,SSGSEA_RANK_WALK,93,-0.013562710751693472,0.8973331119163598,-0.013563542450695904,0.10540925533894598,NO_KNOWN_OVERLAP,INCLUDE_PRIMARY_INDEPENDENT,0.9511486769853739
GSE236713,SIG034,T1,T24,HALLMARK_TNFA_SIGNALING_VIA_NFKB,PRESET_PRIMARY,SSGSEA_RANK_WALK,93,0.16980991316284205,0.10367738469381328,0.17147092617756346,0.10540925533894598,NO_KNOWN_OVERLAP,INCLUDE_PRIMARY_INDEPENDENT,0.2204313910987755
GSE236713,SIG034,T1,T24,HALLMARK_UNFOLDED_PROTEIN_RESPONSE,HALLMARK_SECONDARY,SSGSEA_RANK_WALK,93,-0.3146429530601891,0.0021285493819375124,-0.32569022514220747,0.10540925533894598,NO_KNOWN_OVERLAP,INCLUDE_PRIMARY_INDEPENDENT,0.019315298179090626
GSE236713,SIG034,T1,T24,HALLMARK_UV_RESPONSE_DN,HALLMARK_SECONDARY,SSGSEA_RANK_WALK,93,-0.07205096833875443,0.4925052056507726,-0.07217603854678879,0.10540925533894598,NO_KNOWN_OVERLAP,INCLUDE_PRIMARY_INDEPENDENT,0.6803266709214378
GSE236713,SIG034,T1,T24,HALLMARK_UV_RESPONSE_UP,HALLMARK_SECONDARY,SSGSEA_RANK_WALK,93,-0.0889409447644057,0.3965510608415662,-0.08917658640483773,0.10540925533894598,NO_KNOWN_OVERLAP,INCLUDE_PRIMARY_INDEPENDENT,0.6394712544220303
GSE236713,SIG034,T1,T24,HALLMARK_WNT_BETA_CATENIN_SIGNALING,HALLMARK_SECONDARY,SSGSEA_RANK_WALK,93,-0.23423651935185458,0.023828570028593038,-0.23866725244049247,0.10540925533894598,NO_KNOWN_OVERLAP,INCLUDE_PRIMARY_INDEPENDENT,0.10855237457470163
GSE236713,SIG034,T1,T24,HALLMARK_XENOBIOTIC_METABOLISM,HALLMARK_SECONDARY,SSGSEA_RANK_WALK,93,-0.15072662707767595,0.14926029518303763,-0.15188387147774887,0.10540925533894598,NO_KNOWN_OVERLAP,INCLUDE_PRIMARY_INDEPENDENT,0.30598360512522715
GSE236713,SIG034,T1,T24,Neutrophil degranulation,REACTOME_SUPPLEMENT,SSGSEA_RANK_WALK,93,0.1329861836411924,0.2038069253375472,0.13377857699266604,0.10540925533894598,NO_KNOWN_OVERLAP,INCLUDE_PRIMARY_INDEPENDENT,0.2038069253375472
GSE236713,SIG034,T1,T24,TCR signaling,REACTOME_SUPPLEMENT,SSGSEA_RANK_WALK,93,-0.28272805944316787,0.0060341988677941735,-0.2906446705689685,0.10540925533894598,NO_KNOWN_OVERLAP,INCLUDE_PRIMARY_INDEPENDENT,0.012068397735588347
GSE54514,SIG001,T1,T24,HALLMARK_ADIPOGENESIS,HALLMARK_SECONDARY,SSGSEA_RANK_WALK,31,-0.08991935483870969,0.6304792283251961,-0.09016288472945597,0.1889822365046136,POSSIBLE_PRIOR_EXTERNAL_BENCHMARK,INCLUDE_PRIMARY;EXCLUDE_STRICT_NEVER_USED_SENSITIVITY,0.767691207403178
GSE54514,SIG001,T1,T24,HALLMARK_ALLOGRAFT_REJECTION,PRESET_PRIMARY,SSGSEA_RANK_WALK,31,-0.617741935483871,0.0002133613524269401,-0.7213453234134022,0.1889822365046136,POSSIBLE_PRIOR_EXTERNAL_BENCHMARK,INCLUDE_PRIMARY;EXCLUDE_STRICT_NEVER_USED_SENSITIVITY,0.0017068908194155209
GSE54514,SIG001,T1,T24,HALLMARK_ANDROGEN_RESPONSE,HALLMARK_SECONDARY,SSGSEA_RANK_WALK,31,-0.09556451612903226,0.6090792182133721,-0.09585703745306971,0.1889822365046136,POSSIBLE_PRIOR_EXTERNAL_BENCHMARK,INCLUDE_PRIMARY;EXCLUDE_STRICT_NEVER_USED_SENSITIVITY,0.767691207403178
GSE54514,SIG001,T1,T24,HALLMARK_APICAL_JUNCTION,HALLMARK_SECONDARY,SSGSEA_RANK_WALK,31,-0.08750000000000001,0.6397426728359816,-0.0877243387530963,0.1889822365046136,POSSIBLE_PRIOR_EXTERNAL_BENCHMARK,INCLUDE_PRIMARY;EXCLUDE_STRICT_NEVER_USED_SENSITIVITY,0.767691207403178
GSE54514,SIG001,T1,T24,HALLMARK_APICAL_SURFACE,HALLMARK_SECONDARY,SSGSEA_RANK_WALK,31,-0.5725806451612904,0.0007624264137441116,-0.6513538225058125,0.1889822365046136,POSSIBLE_PRIOR_EXTERNAL_BENCHMARK,INCLUDE_PRIMARY;EXCLUDE_STRICT_NEVER_USED_SENSITIVITY,0.02744735089478802
GSE54514,SIG001,T1,T24,HALLMARK_APOPTOSIS,PRESET_PRIMARY,SSGSEA_RANK_WALK,31,-0.26895161290322583,0.14345755248921416,-0.275733343154778,0.1889822365046136,POSSIBLE_PRIOR_EXTERNAL_BENCHMARK,INCLUDE_PRIMARY;EXCLUDE_STRICT_NEVER_USED_SENSITIVITY,0.38255347330457107
GSE54514,SIG001,T1,T24,HALLMARK_BILE_ACID_METABOLISM,HALLMARK_SECONDARY,SSGSEA_RANK_WALK,31,0.10322580645161292,0.5805384684951491,0.10359481168598406,0.1889822365046136,POSSIBLE_PRIOR_EXTERNAL_BENCHMARK,INCLUDE_PRIMARY;EXCLUDE_STRICT_NEVER_USED_SENSITIVITY,0.767691207403178
GSE54514,SIG001,T1,T24,HALLMARK_CHOLESTEROL_HOMEOSTASIS,HALLMARK_SECONDARY,SSGSEA_RANK_WALK,31,0.5000000000000001,0.00418063851495458,0.549306144334055,0.1889822365046136,POSSIBLE_PRIOR_EXTERNAL_BENCHMARK,INCLUDE_PRIMARY;EXCLUDE_STRICT_NEVER_USED_SENSITIVITY,0.04483565834788138
GSE54514,SIG001,T1,T24,HALLMARK_COMPLEMENT,PRESET_PRIMARY,SSGSEA_RANK_WALK,31,-0.3838709677419355,0.03301381679038476,-0.4045917454406936,0.1889822365046136,POSSIBLE_PRIOR_EXTERNAL_BENCHMARK,INCLUDE_PRIMARY;EXCLUDE_STRICT_NEVER_USED_SENSITIVITY,0.13205526716153904
GSE54514,SIG001,T1,T24,HALLMARK_DNA_REPAIR,HALLMARK_SECONDARY,SSGSEA_RANK_WALK,31,-0.12137096774193548,0.5154299073510364,-0.12197225964467248,0.1889822365046136,POSSIBLE_PRIOR_EXTERNAL_BENCHMARK,INCLUDE_PRIMARY;EXCLUDE_STRICT_NEVER_USED_SENSITIVITY,0.767691207403178
GSE54514,SIG001,T1,T24,HALLMARK_E2F_TARGETS,HALLMARK_SECONDARY,SSGSEA_RANK_WALK,31,0.14193548387096774,0.44626506214142414,0.1429003021760377,0.1889822365046136,POSSIBLE_PRIOR_EXTERNAL_BENCHMARK,INCLUDE_PRIMARY;EXCLUDE_STRICT_NEVER_USED_SENSITIVITY,0.7302519198677849
GSE54514,SIG001,T1,T24,HALLMARK_EPITHELIAL_MESENCHYMAL_TRANSITION,HALLMARK_SECONDARY,SSGSEA_RANK_WALK,31,-0.0653225806451613,0.7269932495537902,-0.06541573059128682,0.1889822365046136,POSSIBLE_PRIOR_EXTERNAL_BENCHMARK,INCLUDE_PRIMARY;EXCLUDE_STRICT_NEVER_USED_SENSITIVITY,0.7930835449677711
GSE54514,SIG001,T1,T24,HALLMARK_ESTROGEN_RESPONSE_LATE,HALLMARK_SECONDARY,SSGSEA_RANK_WALK,31,0.29435483870967744,0.10796864769303649,0.30332757460325094,0.1889822365046136,POSSIBLE_PRIOR_EXTERNAL_BENCHMARK,INCLUDE_PRIMARY;EXCLUDE_STRICT_NEVER_USED_SENSITIVITY,0.32390594307910947
GSE54514,SIG001,T1,T24,HALLMARK_FATTY_ACID_METABOLISM,HALLMARK_SECONDARY,SSGSEA_RANK_WALK,31,-0.2185483870967742,0.23753664996125692,-0.22213117519098666,0.1889822365046136,POSSIBLE_PRIOR_EXTERNAL_BENCHMARK,INCLUDE_PRIMARY;EXCLUDE_STRICT_NEVER_USED_SENSITIVITY,0.5700879599070167
GSE54514,SIG001,T1,T24,HALLMARK_G2M_CHECKPOINT,HALLMARK_SECONDARY,SSGSEA_RANK_WALK,31,0.25000000000000006,0.17497390386838457,0.2554128118829954,0.1889822365046136,POSSIBLE_PRIOR_EXTERNAL_BENCHMARK,INCLUDE_PRIMARY;EXCLUDE_STRICT_NEVER_USED_SENSITIVITY,0.47441395397613695
GSE54514,SIG001,T1,T24,HALLMARK_GLYCOLYSIS,HALLMARK_SECONDARY,SSGSEA_RANK_WALK,31,0.3794354838709678,0.03527010295246455,0.3994000255693628,0.1889822365046136,POSSIBLE_PRIOR_EXTERNAL_BENCHMARK,INCLUDE_PRIMARY;EXCLUDE_STRICT_NEVER_USED_SENSITIVITY,0.1410804118098582
GSE54514,SIG001,T1,T24,HALLMARK_HEDGEHOG_SIGNALING,HALLMARK_SECONDARY,SSGSEA_RANK_WALK,31,-0.07580645161290324,0.6852483330342398,-0.07595216460044209,0.1889822365046136,POSSIBLE_PRIOR_EXTERNAL_BENCHMARK,INCLUDE_PRIMARY;EXCLUDE_STRICT_NEVER_USED_SENSITIVITY,0.7709043746635198
GSE54514,SIG001,T1,T24,HALLMARK_HEME_METABOLISM,HALLMARK_SECONDARY,SSGSEA_RANK_WALK,31,-0.322983870967742,0.07635414290197155,-0.33497493794178046,0.1889822365046136,POSSIBLE_PRIOR_EXTERNAL_BENCHMARK,INCLUDE_PRIMARY;EXCLUDE_STRICT_NEVER_USED_SENSITIVITY,0.2735722628646898
GSE54514,SIG001,T1,T24,HALLMARK_HYPOXIA,HALLMARK_SECONDARY,SSGSEA_RANK_WALK,31,-0.1713709677419355,0.35663940348354806,-0.17307877117783832,0.1889822365046136,POSSIBLE_PRIOR_EXTERNAL_BENCHMARK,INCLUDE_PRIMARY;EXCLUDE_STRICT_NEVER_USED_SENSITIVITY,0.7201904648668263
GSE54514,SIG001,T1,T24,HALLMARK_IL2_STAT5_SIGNALING,HALLMARK_SECONDARY,SSGSEA_RANK_WALK,31,-0.4766129032258065,0.006714267884258436,-0.5185924139852104,0.1889822365046136,POSSIBLE_PRIOR_EXTERNAL_BENCHMARK,INCLUDE_PRIMARY;EXCLUDE_STRICT_NEVER_USED_SENSITIVITY,0.048342728766660736
GSE54514,SIG001,T1,T24,HALLMARK_IL6_JAK_STAT3_SIGNALING,HALLMARK_SECONDARY,SSGSEA_RANK_WALK,31,0.1528225806451613,0.41178793916869205,0.1540292457386557,0.1889822365046136,POSSIBLE_PRIOR_EXTERNAL_BENCHMARK,INCLUDE_PRIMARY;EXCLUDE_STRICT_NEVER_USED_SENSITIVITY,0.7302519198677849
GSE54514,SIG001,T1,T24,HALLMARK_INFLAMMATORY_RESPONSE,PRESET_PRIMARY,SSGSEA_RANK_WALK,31,-0.09354838709677421,0.616686972815505,-0.09382271902335226,0.1889822365046136,POSSIBLE_PRIOR_EXTERNAL_BENCHMARK,INCLUDE_PRIMARY;EXCLUDE_STRICT_NEVER_USED_SENSITIVITY,0.82224929708734
GSE54514,SIG001,T1,T24,HALLMARK_INTERFERON_ALPHA_RESPONSE,PRESET_PRIMARY,SSGSEA_RANK_WALK,31,0.18870967741935485,0.30930312482867456,0.1909988610447987,0.1889822365046136,POSSIBLE_PRIOR_EXTERNAL_BENCHMARK,INCLUDE_PRIMARY;EXCLUDE_STRICT_NEVER_USED_SENSITIVITY,0.49826114842842995
GSE54514,SIG001,T1,T24,HALLMARK_INTERFERON_GAMMA_RESPONSE,PRESET_PRIMARY,SSGSEA_RANK_WALK,31,-0.04879032258064517,0.7943664758649132,-0.04882909302048827,0.1889822365046136,POSSIBLE_PRIOR_EXTERNAL_BENCHMARK,INCLUDE_PRIMARY;EXCLUDE_STRICT_NEVER_USED_SENSITIVITY,0.9078474009884722
GSE54514,SIG001,T1,T24,HALLMARK_KRAS_SIGNALING_UP,HALLMARK_SECONDARY,SSGSEA_RANK_WALK,31,-0.49153225806451617,0.004981739816431264,-0.5380787279337672,0.1889822365046136,POSSIBLE_PRIOR_EXTERNAL_BENCHMARK,INCLUDE_PRIMARY;EXCLUDE_STRICT_NEVER_USED_SENSITIVITY,0.04483565834788138
GSE54514,SIG001,T1,T24,HALLMARK_MITOTIC_SPINDLE,HALLMARK_SECONDARY,SSGSEA_RANK_WALK,31,0.4540322580645162,0.010298085168880084,0.48976797514552123,0.1889822365046136,POSSIBLE_PRIOR_EXTERNAL_BENCHMARK,INCLUDE_PRIMARY;EXCLUDE_STRICT_NEVER_USED_SENSITIVITY,0.05296158086852615
GSE54514,SIG001,T1,T24,HALLMARK_MTORC1_SIGNALING,HALLMARK_SECONDARY,SSGSEA_RANK_WALK,31,0.16048387096774194,0.3884526452954692,0.16188331913619947,0.1889822365046136,POSSIBLE_PRIOR_EXTERNAL_BENCHMARK,INCLUDE_PRIMARY;EXCLUDE_STRICT_NEVER_USED_SENSITIVITY,0.7302519198677849
GSE54514,SIG001,T1,T24,HALLMARK_MYC_TARGETS_V1,HALLMARK_SECONDARY,SSGSEA_RANK_WALK,31,-0.24475806451612908,0.18449431543516437,-0.24982916102903546,0.1889822365046136,POSSIBLE_PRIOR_EXTERNAL_BENCHMARK,INCLUDE_PRIMARY;EXCLUDE_STRICT_NEVER_USED_SENSITIVITY,0.47441395397613695
GSE54514,SIG001,T1,T24,HALLMARK_MYC_TARGETS_V2,HALLMARK_SECONDARY,SSGSEA_RANK_WALK,31,-0.10645161290322583,0.5687017083310181,-0.10685647048930073,0.1889822365046136,POSSIBLE_PRIOR_EXTERNAL_BENCHMARK,INCLUDE_PRIMARY;EXCLUDE_STRICT_NEVER_USED_SENSITIVITY,0.767691207403178
GSE54514,SIG001,T1,T24,HALLMARK_MYOGENESIS,HALLMARK_SECONDARY,SSGSEA_RANK_WALK,31,-0.12943548387096776,0.4876953542337762,-0.1301656723726506,0.1889822365046136,POSSIBLE_PRIOR_EXTERNAL_BENCHMARK,INCLUDE_PRIMARY;EXCLUDE_STRICT_NEVER_USED_SENSITIVITY,0.763349250105041
GSE54514,SIG001,T1,T24,HALLMARK_NOTCH_SIGNALING,HALLMARK_SECONDARY,SSGSEA_RANK_WALK,31,-0.3951612903225806,0.02779445823156319,-0.41790174048073425,0.1889822365046136,POSSIBLE_PRIOR_EXTERNAL_BENCHMARK,INCLUDE_PRIMARY;EXCLUDE_STRICT_NEVER_USED_SENSITIVITY,0.12507506204203436
GSE54514,SIG001,T1,T24,HALLMARK_OXIDATIVE_PHOSPHORYLATION,PRESET_PRIMARY,SSGSEA_RANK_WALK,31,-0.004838709677419356,0.9793899192479512,-0.004838747441032666,0.1889822365046136,POSSIBLE_PRIOR_EXTERNAL_BENCHMARK,INCLUDE_PRIMARY;EXCLUDE_STRICT_NEVER_USED_SENSITIVITY,0.9793899192479512
GSE54514,SIG001,T1,T24,HALLMARK_P53_PATHWAY,HALLMARK_SECONDARY,SSGSEA_RANK_WALK,31,-0.01895161290322581,0.9193989840247143,-0.01895388230233581,0.1889822365046136,POSSIBLE_PRIOR_EXTERNAL_BENCHMARK,INCLUDE_PRIMARY;EXCLUDE_STRICT_NEVER_USED_SENSITIVITY,0.9456675264254203
GSE54514,SIG001,T1,T24,HALLMARK_PEROXISOME,HALLMARK_SECONDARY,SSGSEA_RANK_WALK,31,0.020967741935483872,0.9108566601908678,0.020970815542338966,0.1889822365046136,POSSIBLE_PRIOR_EXTERNAL_BENCHMARK,INCLUDE_PRIMARY;EXCLUDE_STRICT_NEVER_USED_SENSITIVITY,0.9456675264254203
GSE54514,SIG001,T1,T24,HALLMARK_PI3K_AKT_MTOR_SIGNALING,HALLMARK_SECONDARY,SSGSEA_RANK_WALK,31,0.20362903225806453,0.2718861566199884,0.20651567424574013,0.1889822365046136,POSSIBLE_PRIOR_EXTERNAL_BENCHMARK,INCLUDE_PRIMARY;EXCLUDE_STRICT_NEVER_USED_SENSITIVITY,0.6117438523949739
GSE54514,SIG001,T1,T24,HALLMARK_PROTEIN_SECRETION,HALLMARK_SECONDARY,SSGSEA_RANK_WALK,31,-0.07822580645161291,0.6757376148674648,-0.07838595665356626,0.1889822365046136,POSSIBLE_PRIOR_EXTERNAL_BENCHMARK,INCLUDE_PRIMARY;EXCLUDE_STRICT_NEVER_USED_SENSITIVITY,0.7709043746635198
GSE54514,SIG001,T1,T24,HALLMARK_REACTIVE_OXYGEN_SPECIES_PATHWAY,HALLMARK_SECONDARY,SSGSEA_RANK_WALK,31,-0.09475806451612903,0.6121175760038214,-0.09504321609584057,0.1889822365046136,POSSIBLE_PRIOR_EXTERNAL_BENCHMARK,INCLUDE_PRIMARY;EXCLUDE_STRICT_NEVER_USED_SENSITIVITY,0.767691207403178
GSE54514,SIG001,T1,T24,HALLMARK_TGF_BETA_SIGNALING,HALLMARK_SECONDARY,SSGSEA_RANK_WALK,31,-0.5423387096774195,0.0016226573805435851,-0.6074629081725668,0.1889822365046136,POSSIBLE_PRIOR_EXTERNAL_BENCHMARK,INCLUDE_PRIMARY;EXCLUDE_STRICT_NEVER_USED_SENSITIVITY,0.029207832849784534
GSE54514,SIG001,T1,T24,HALLMARK_TNFA_SIGNALING_VIA_NFKB,PRESET_PRIMARY,SSGSEA_RANK_WALK,31,-0.18790322580645163,0.3114132177677687,-0.19016276187203404,0.1889822365046136,POSSIBLE_PRIOR_EXTERNAL_BENCHMARK,INCLUDE_PRIMARY;EXCLUDE_STRICT_NEVER_USED_SENSITIVITY,0.49826114842842995
GSE54514,SIG001,T1,T24,HALLMARK_UNFOLDED_PROTEIN_RESPONSE,HALLMARK_SECONDARY,SSGSEA_RANK_WALK,31,0.14233870967741935,0.44496104932632896,0.1433118423151397,0.1889822365046136,POSSIBLE_PRIOR_EXTERNAL_BENCHMARK,INCLUDE_PRIMARY;EXCLUDE_STRICT_NEVER_USED_SENSITIVITY,0.7302519198677849
GSE54514,SIG001,T1,T24,HALLMARK_UV_RESPONSE_DN,HALLMARK_SECONDARY,SSGSEA_RANK_WALK,31,-0.00846774193548387,0.9639401943189245,-0.008467944330713243,0.1889822365046136,POSSIBLE_PRIOR_EXTERNAL_BENCHMARK,INCLUDE_PRIMARY;EXCLUDE_STRICT_NEVER_USED_SENSITIVITY,0.9639401943189245
GSE54514,SIG001,T1,T24,HALLMARK_UV_RESPONSE_UP,HALLMARK_SECONDARY,SSGSEA_RANK_WALK,31,-0.3157258064516129,0.08359152476421076,-0.32689251567954714,0.1889822365046136,POSSIBLE_PRIOR_EXTERNAL_BENCHMARK,INCLUDE_PRIMARY;EXCLUDE_STRICT_NEVER_USED_SENSITIVITY,0.2735722628646898
GSE54514,SIG001,T1,T24,HALLMARK_WNT_BETA_CATENIN_SIGNALING,HALLMARK_SECONDARY,SSGSEA_RANK_WALK,31,-0.4556451612903226,0.009997407526931899,-0.4918015899472258,0.1889822365046136,POSSIBLE_PRIOR_EXTERNAL_BENCHMARK,INCLUDE_PRIMARY;EXCLUDE_STRICT_NEVER_USED_SENSITIVITY,0.05296158086852615
GSE54514,SIG001,T1,T24,HALLMARK_XENOBIOTIC_METABOLISM,HALLMARK_SECONDARY,SSGSEA_RANK_WALK,31,-0.17016129032258065,0.3600952324334131,-0.17183275852506913,0.1889822365046136,POSSIBLE_PRIOR_EXTERNAL_BENCHMARK,INCLUDE_PRIMARY;EXCLUDE_STRICT_NEVER_USED_SENSITIVITY,0.7201904648668263
GSE54514,SIG001,T1,T24,Neutrophil degranulation,REACTOME_SUPPLEMENT,SSGSEA_RANK_WALK,31,0.4391129032258065,0.013458671315386824,0.4711312657833588,0.1889822365046136,POSSIBLE_PRIOR_EXTERNAL_BENCHMARK,INCLUDE_PRIMARY;EXCLUDE_STRICT_NEVER_USED_SENSITIVITY,0.013458671315386824
GSE54514,SIG001,T1,T24,TCR signaling,REACTOME_SUPPLEMENT,SSGSEA_RANK_WALK,31,-0.4991935483870968,0.004251834314511522,-0.5482314528939827,0.1889822365046136,POSSIBLE_PRIOR_EXTERNAL_BENCHMARK,INCLUDE_PRIMARY;EXCLUDE_STRICT_NEVER_USED_SENSITIVITY,0.008503668629023044
GSE54514,SIG001,T2,T48,HALLMARK_ADIPOGENESIS,HALLMARK_SECONDARY,SSGSEA_RANK_WALK,28,0.30103995621237,0.11954404228119095,0.3106628056638273,0.2,POSSIBLE_PRIOR_EXTERNAL_BENCHMARK,INCLUDE_PRIMARY;EXCLUDE_STRICT_NEVER_USED_SENSITIVITY,0.1793160634217864
GSE54514,SIG001,T2,T48,HALLMARK_ALLOGRAFT_REJECTION,PRESET_PRIMARY,SSGSEA_RANK_WALK,28,-0.6912972085385879,4.633060865763976e-05,-0.8504360591968663,0.2,POSSIBLE_PRIOR_EXTERNAL_BENCHMARK,INCLUDE_PRIMARY;EXCLUDE_STRICT_NEVER_USED_SENSITIVITY,0.00037064486926111805
GSE54514,SIG001,T2,T48,HALLMARK_ANDROGEN_RESPONSE,HALLMARK_SECONDARY,SSGSEA_RANK_WALK,28,0.36124794745484395,0.05892652123449108,0.3783204057584243,0.2,POSSIBLE_PRIOR_EXTERNAL_BENCHMARK,INCLUDE_PRIMARY;EXCLUDE_STRICT_NEVER_USED_SENSITIVITY,0.10606773822208396
GSE54514,SIG001,T2,T48,HALLMARK_APICAL_JUNCTION,HALLMARK_SECONDARY,SSGSEA_RANK_WALK,28,-0.0870279146141215,0.6596836377202193,-0.08724863084321291,0.2,POSSIBLE_PRIOR_EXTERNAL_BENCHMARK,INCLUDE_PRIMARY;EXCLUDE_STRICT_NEVER_USED_SENSITIVITY,0.7196548775129665
GSE54514,SIG001,T2,T48,HALLMARK_APICAL_SURFACE,HALLMARK_SECONDARY,SSGSEA_RANK_WALK,28,-0.6190476190476191,0.00044460302310044843,-0.7234594914681628,0.2,POSSIBLE_PRIOR_EXTERNAL_BENCHMARK,INCLUDE_PRIMARY;EXCLUDE_STRICT_NEVER_USED_SENSITIVITY,0.007167592351326312
GSE54514,SIG001,T2,T48,HALLMARK_APOPTOSIS,PRESET_PRIMARY,SSGSEA_RANK_WALK,28,-0.014230979748221127,0.942702597621653,-0.01423194055470185,0.2,POSSIBLE_PRIOR_EXTERNAL_BENCHMARK,INCLUDE_PRIMARY;EXCLUDE_STRICT_NEVER_USED_SENSITIVITY,0.942702597621653
GSE54514,SIG001,T2,T48,HALLMARK_BILE_ACID_METABOLISM,HALLMARK_SECONDARY,SSGSEA_RANK_WALK,28,0.19485495347564313,0.32040149070853063,0.1973788179742532,0.2,POSSIBLE_PRIOR_EXTERNAL_BENCHMARK,INCLUDE_PRIMARY;EXCLUDE_STRICT_NEVER_USED_SENSITIVITY,0.3977397815692104
GSE54514,SIG001,T2,T48,HALLMARK_CHOLESTEROL_HOMEOSTASIS,HALLMARK_SECONDARY,SSGSEA_RANK_WALK,28,0.6819923371647509,6.41960086542846e-05,0.8328294026392867,0.2,POSSIBLE_PRIOR_EXTERNAL_BENCHMARK,INCLUDE_PRIMARY;EXCLUDE_STRICT_NEVER_USED_SENSITIVITY,0.0023110563115542456
GSE54514,SIG001,T2,T48,HALLMARK_COMPLEMENT,PRESET_PRIMARY,SSGSEA_RANK_WALK,28,-0.031198686371100168,0.8747725876513837,-0.031208814784216776,0.2,POSSIBLE_PRIOR_EXTERNAL_BENCHMARK,INCLUDE_PRIMARY;EXCLUDE_STRICT_NEVER_USED_SENSITIVITY,0.942702597621653
GSE54514,SIG001,T2,T48,HALLMARK_DNA_REPAIR,HALLMARK_SECONDARY,SSGSEA_RANK_WALK,28,-0.4564860426929392,0.01461677169417059,-0.4928633034662582,0.2,POSSIBLE_PRIOR_EXTERNAL_BENCHMARK,INCLUDE_PRIMARY;EXCLUDE_STRICT_NEVER_USED_SENSITIVITY,0.042747592782286285
GSE54514,SIG001,T2,T48,HALLMARK_E2F_TARGETS,HALLMARK_SECONDARY,SSGSEA_RANK_WALK,28,0.270935960591133,0.1631550211322279,0.27787365557875116,0.2,POSSIBLE_PRIOR_EXTERNAL_BENCHMARK,INCLUDE_PRIMARY;EXCLUDE_STRICT_NEVER_USED_SENSITIVITY,0.21754002817630388
GSE54514,SIG001,T2,T48,HALLMARK_EPITHELIAL_MESENCHYMAL_TRANSITION,HALLMARK_SECONDARY,SSGSEA_RANK_WALK,28,0.009852216748768473,0.9603158381197108,0.009852535539666214,0.2,POSSIBLE_PRIOR_EXTERNAL_BENCHMARK,INCLUDE_PRIMARY;EXCLUDE_STRICT_NEVER_USED_SENSITIVITY,0.9603158381197107
GSE54514,SIG001,T2,T48,HALLMARK_ESTROGEN_RESPONSE_LATE,HALLMARK_SECONDARY,SSGSEA_RANK_WALK,28,0.4756431308155446,0.010521135259736646,0.5173383470306686,0.2,POSSIBLE_PRIOR_EXTERNAL_BENCHMARK,INCLUDE_PRIMARY;EXCLUDE_STRICT_NEVER_USED_SENSITIVITY,0.042747592782286285
GSE54514,SIG001,T2,T48,HALLMARK_FATTY_ACID_METABOLISM,HALLMARK_SECONDARY,SSGSEA_RANK_WALK,28,0.1423097974822113,0.47005499298271947,0.14328233236059,0.2,POSSIBLE_PRIOR_EXTERNAL_BENCHMARK,INCLUDE_PRIMARY;EXCLUDE_STRICT_NEVER_USED_SENSITIVITY,0.5640659915792633
GSE54514,SIG001,T2,T48,HALLMARK_G2M_CHECKPOINT,HALLMARK_SECONDARY,SSGSEA_RANK_WALK,28,0.4532019704433497,0.015436630726936714,0.48872257751374276,0.2,POSSIBLE_PRIOR_EXTERNAL_BENCHMARK,INCLUDE_PRIMARY;EXCLUDE_STRICT_NEVER_USED_SENSITIVITY,0.042747592782286285
GSE54514,SIG001,T2,T48,HALLMARK_GLYCOLYSIS,HALLMARK_SECONDARY,SSGSEA_RANK_WALK,28,0.5686918445539135,0.0015903709690330487,0.6455872592651191,0.2,POSSIBLE_PRIOR_EXTERNAL_BENCHMARK,INCLUDE_PRIMARY;EXCLUDE_STRICT_NEVER_USED_SENSITIVITY,0.01145067097703795
GSE54514,SIG001,T2,T48,HALLMARK_HEDGEHOG_SIGNALING,HALLMARK_SECONDARY,SSGSEA_RANK_WALK,28,-0.12151067323481116,0.5379284030998412,-0.12211405633739175,0.2,POSSIBLE_PRIOR_EXTERNAL_BENCHMARK,INCLUDE_PRIMARY;EXCLUDE_STRICT_NEVER_USED_SENSITIVITY,0.624691048761106
GSE54514,SIG001,T2,T48,HALLMARK_HEME_METABOLISM,HALLMARK_SECONDARY,SSGSEA_RANK_WALK,28,-0.27805145046524354,0.15195491691160512,-0.2855690086928415,0.2,POSSIBLE_PRIOR_EXTERNAL_BENCHMARK,INCLUDE_PRIMARY;EXCLUDE_STRICT_NEVER_USED_SENSITIVITY,0.2127338915361152
GSE54514,SIG001,T2,T48,HALLMARK_HYPOXIA,HALLMARK_SECONDARY,SSGSEA_RANK_WALK,28,0.4001094690749863,0.03488507802539843,0.4237792573154135,0.2,POSSIBLE_PRIOR_EXTERNAL_BENCHMARK,INCLUDE_PRIMARY;EXCLUDE_STRICT_NEVER_USED_SENSITIVITY,0.08372418726095623
GSE54514,SIG001,T2,T48,HALLMARK_IL2_STAT5_SIGNALING,HALLMARK_SECONDARY,SSGSEA_RANK_WALK,28,-0.3771209633278598,0.04789599020323551,-0.3966990015670274,0.2,POSSIBLE_PRIOR_EXTERNAL_BENCHMARK,INCLUDE_PRIMARY;EXCLUDE_STRICT_NEVER_USED_SENSITIVITY,0.09862419407023536
GSE54514,SIG001,T2,T48,HALLMARK_IL6_JAK_STAT3_SIGNALING,HALLMARK_SECONDARY,SSGSEA_RANK_WALK,28,0.5046524356869184,0.006168731372424083,0.5555287722326597,0.2,POSSIBLE_PRIOR_EXTERNAL_BENCHMARK,INCLUDE_PRIMARY;EXCLUDE_STRICT_NEVER_USED_SENSITIVITY,0.03172490420103814
GSE54514,SIG001,T2,T48,HALLMARK_INFLAMMATORY_RESPONSE,PRESET_PRIMARY,SSGSEA_RANK_WALK,28,-0.06349206349206349,0.7482294019132718,-0.0635775877426233,0.2,POSSIBLE_PRIOR_EXTERNAL_BENCHMARK,INCLUDE_PRIMARY;EXCLUDE_STRICT_NEVER_USED_SENSITIVITY,0.942702597621653
GSE54514,SIG001,T2,T48,HALLMARK_INTERFERON_ALPHA_RESPONSE,PRESET_PRIMARY,SSGSEA_RANK_WALK,28,-0.42528735632183906,0.024061683388757082,-0.4541292800884454,0.2,POSSIBLE_PRIOR_EXTERNAL_BENCHMARK,INCLUDE_PRIMARY;EXCLUDE_STRICT_NEVER_USED_SENSITIVITY,0.06416448903668555
GSE54514,SIG001,T2,T48,HALLMARK_INTERFERON_GAMMA_RESPONSE,PRESET_PRIMARY,SSGSEA_RANK_WALK,28,-0.43623426382047065,0.020302084326031967,-0.467570534420149,0.2,POSSIBLE_PRIOR_EXTERNAL_BENCHMARK,INCLUDE_PRIMARY;EXCLUDE_STRICT_NEVER_USED_SENSITIVITY,0.06416448903668555
GSE54514,SIG001,T2,T48,HALLMARK_KRAS_SIGNALING_UP,HALLMARK_SECONDARY,SSGSEA_RANK_WALK,28,-0.2769567597153804,0.1536411438871943,-0.2843829837495523,0.2,POSSIBLE_PRIOR_EXTERNAL_BENCHMARK,INCLUDE_PRIMARY;EXCLUDE_STRICT_NEVER_USED_SENSITIVITY,0.2127338915361152
GSE54514,SIG001,T2,T48,HALLMARK_MITOTIC_SPINDLE,HALLMARK_SECONDARY,SSGSEA_RANK_WALK,28,0.6081007115489874,0.000597299362610526,0.7059020948865884,0.2,POSSIBLE_PRIOR_EXTERNAL_BENCHMARK,INCLUDE_PRIMARY;EXCLUDE_STRICT_NEVER_USED_SENSITIVITY,0.007167592351326312
GSE54514,SIG001,T2,T48,HALLMARK_MTORC1_SIGNALING,HALLMARK_SECONDARY,SSGSEA_RANK_WALK,28,0.46798029556650245,0.012026034443145883,0.5074811296905923,0.2,POSSIBLE_PRIOR_EXTERNAL_BENCHMARK,INCLUDE_PRIMARY;EXCLUDE_STRICT_NEVER_USED_SENSITIVITY,0.042747592782286285
GSE54514,SIG001,T2,T48,HALLMARK_MYC_TARGETS_V1,HALLMARK_SECONDARY,SSGSEA_RANK_WALK,28,-0.31910235358511224,0.0978955608304375,-0.33064737659278803,0.2,POSSIBLE_PRIOR_EXTERNAL_BENCHMARK,INCLUDE_PRIMARY;EXCLUDE_STRICT_NEVER_USED_SENSITIVITY,0.16782096142360714
GSE54514,SIG001,T2,T48,HALLMARK_MYC_TARGETS_V2,HALLMARK_SECONDARY,SSGSEA_RANK_WALK,28,-0.3749315818281335,0.04931209703511768,-0.39414906868606686,0.2,POSSIBLE_PRIOR_EXTERNAL_BENCHMARK,INCLUDE_PRIMARY;EXCLUDE_STRICT_NEVER_USED_SENSITIVITY,0.09862419407023536
GSE54514,SIG001,T2,T48,HALLMARK_MYOGENESIS,HALLMARK_SECONDARY,SSGSEA_RANK_WALK,28,-0.11548987411056376,0.5584020093324432,-0.11600748735081472,0.2,POSSIBLE_PRIOR_EXTERNAL_BENCHMARK,INCLUDE_PRIMARY;EXCLUDE_STRICT_NEVER_USED_SENSITIVITY,0.6282022604989986
GSE54514,SIG001,T2,T48,HALLMARK_NOTCH_SIGNALING,HALLMARK_SECONDARY,SSGSEA_RANK_WALK,28,-0.5145046524356869,0.005091596164439543,-0.5688369987386732,0.2,POSSIBLE_PRIOR_EXTERNAL_BENCHMARK,INCLUDE_PRIMARY;EXCLUDE_STRICT_NEVER_USED_SENSITIVITY,0.030549576986637256
GSE54514,SIG001,T2,T48,HALLMARK_OXIDATIVE_PHOSPHORYLATION,PRESET_PRIMARY,SSGSEA_RANK_WALK,28,0.10180623973727422,0.606210787359985,0.10216016727485029,0.2,POSSIBLE_PRIOR_EXTERNAL_BENCHMARK,INCLUDE_PRIMARY;EXCLUDE_STRICT_NEVER_USED_SENSITIVITY,0.942702597621653
GSE54514,SIG001,T2,T48,HALLMARK_P53_PATHWAY,HALLMARK_SECONDARY,SSGSEA_RANK_WALK,28,-0.041050903119868636,0.8356939585960415,-0.04107398580449943,0.2,POSSIBLE_PRIOR_EXTERNAL_BENCHMARK,INCLUDE_PRIMARY;EXCLUDE_STRICT_NEVER_USED_SENSITIVITY,0.8595709288416427
GSE54514,SIG001,T2,T48,HALLMARK_PEROXISOME,HALLMARK_SECONDARY,SSGSEA_RANK_WALK,28,0.3043240284619595,0.11536667821514839,0.31427810295464403,0.2,POSSIBLE_PRIOR_EXTERNAL_BENCHMARK,INCLUDE_PRIMARY;EXCLUDE_STRICT_NEVER_USED_SENSITIVITY,0.1793160634217864
GSE54514,SIG001,T2,T48,HALLMARK_PI3K_AKT_MTOR_SIGNALING,HALLMARK_SECONDARY,SSGSEA_RANK_WALK,28,0.4570333880678708,0.01448370395097355,0.493554945835092,0.2,POSSIBLE_PRIOR_EXTERNAL_BENCHMARK,INCLUDE_PRIMARY;EXCLUDE_STRICT_NEVER_USED_SENSITIVITY,0.042747592782286285
GSE54514,SIG001,T2,T48,HALLMARK_PROTEIN_SECRETION,HALLMARK_SECONDARY,SSGSEA_RANK_WALK,28,0.3021346469622332,0.11813938896024895,0.3118670263552156,0.2,POSSIBLE_PRIOR_EXTERNAL_BENCHMARK,INCLUDE_PRIMARY;EXCLUDE_STRICT_NEVER_USED_SENSITIVITY,0.1793160634217864
GSE54514,SIG001,T2,T48,HALLMARK_REACTIVE_OXYGEN_SPECIES_PATHWAY,HALLMARK_SECONDARY,SSGSEA_RANK_WALK,28,0.42419266557197594,0.02446695223141791,0.45279363288739766,0.2,POSSIBLE_PRIOR_EXTERNAL_BENCHMARK,INCLUDE_PRIMARY;EXCLUDE_STRICT_NEVER_USED_SENSITIVITY,0.06291502002364605
GSE54514,SIG001,T2,T48,HALLMARK_TGF_BETA_SIGNALING,HALLMARK_SECONDARY,SSGSEA_RANK_WALK,28,-0.4734537493158183,0.010934076776356987,-0.514512620049456,0.2,POSSIBLE_PRIOR_EXTERNAL_BENCHMARK,INCLUDE_PRIMARY;EXCLUDE_STRICT_NEVER_USED_SENSITIVITY,0.042747592782286285
GSE54514,SIG001,T2,T48,HALLMARK_TNFA_SIGNALING_VIA_NFKB,PRESET_PRIMARY,SSGSEA_RANK_WALK,28,0.13136288998357964,0.5052114962738277,0.13212641957767962,0.2,POSSIBLE_PRIOR_EXTERNAL_BENCHMARK,INCLUDE_PRIMARY;EXCLUDE_STRICT_NEVER_USED_SENSITIVITY,0.942702597621653
GSE54514,SIG001,T2,T48,HALLMARK_UNFOLDED_PROTEIN_RESPONSE,HALLMARK_SECONDARY,SSGSEA_RANK_WALK,28,-0.0629447181171319,0.7503314527898621,-0.0630280460747914,0.2,POSSIBLE_PRIOR_EXTERNAL_BENCHMARK,INCLUDE_PRIMARY;EXCLUDE_STRICT_NEVER_USED_SENSITIVITY,0.7944685970716187
GSE54514,SIG001,T2,T48,HALLMARK_UV_RESPONSE_DN,HALLMARK_SECONDARY,SSGSEA_RANK_WALK,28,0.3661740558292282,0.05530987936550814,0.3839975356781888,0.2,POSSIBLE_PRIOR_EXTERNAL_BENCHMARK,INCLUDE_PRIMARY;EXCLUDE_STRICT_NEVER_USED_SENSITIVITY,0.10479766616622595
GSE54514,SIG001,T2,T48,HALLMARK_UV_RESPONSE_UP,HALLMARK_SECONDARY,SSGSEA_RANK_WALK,28,-0.22112753147235906,0.25813161005535395,-0.22484129817134008,0.2,POSSIBLE_PRIOR_EXTERNAL_BENCHMARK,INCLUDE_PRIMARY;EXCLUDE_STRICT_NEVER_USED_SENSITIVITY,0.3318834986425979
GSE54514,SIG001,T2,T48,HALLMARK_WNT_BETA_CATENIN_SIGNALING,HALLMARK_SECONDARY,SSGSEA_RANK_WALK,28,-0.5905856595511768,0.0009373823506388938,-0.6785649330778755,0.2,POSSIBLE_PRIOR_EXTERNAL_BENCHMARK,INCLUDE_PRIMARY;EXCLUDE_STRICT_NEVER_USED_SENSITIVITY,0.008436441155750044
GSE54514,SIG001,T2,T48,HALLMARK_XENOBIOTIC_METABOLISM,HALLMARK_SECONDARY,SSGSEA_RANK_WALK,28,0.3820470717022441,0.04482723192712048,0.4024543887798991,0.2,POSSIBLE_PRIOR_EXTERNAL_BENCHMARK,INCLUDE_PRIMARY;EXCLUDE_STRICT_NEVER_USED_SENSITIVITY,0.09862419407023536
GSE54514,SIG001,T2,T48,Neutrophil degranulation,REACTOME_SUPPLEMENT,SSGSEA_RANK_WALK,28,0.6524356869184454,0.0001682033164570745,0.7795279654070734,0.2,POSSIBLE_PRIOR_EXTERNAL_BENCHMARK,INCLUDE_PRIMARY;EXCLUDE_STRICT_NEVER_USED_SENSITIVITY,0.000336406632914149
GSE54514,SIG001,T2,T48,TCR signaling,REACTOME_SUPPLEMENT,SSGSEA_RANK_WALK,28,-0.5101258894362343,0.005548745741610691,-0.5628999279712154,0.2,POSSIBLE_PRIOR_EXTERNAL_BENCHMARK,INCLUDE_PRIMARY;EXCLUDE_STRICT_NEVER_USED_SENSITIVITY,0.005548745741610691
GSE54514,SIG002,T1,T24,HALLMARK_ADIPOGENESIS,HALLMARK_SECONDARY,SSGSEA_RANK_WALK,31,-0.0008064516129032259,0.996564634679463,-0.0008064517877323813,0.1889822365046136,POSSIBLE_SAME_MARS_PROGRAM,EXCLUDE_PRIMARY_INDEPENDENT_AND_STRICT_SENSITIVITY,0.9965646346794629
GSE54514,SIG002,T1,T24,HALLMARK_ALLOGRAFT_REJECTION,PRESET_PRIMARY,SSGSEA_RANK_WALK,31,-0.33306451612903226,0.06711671251505523,-0.3462712013986664,0.1889822365046136,POSSIBLE_SAME_MARS_PROGRAM,EXCLUDE_PRIMARY_INDEPENDENT_AND_STRICT_SENSITIVITY,0.2684668500602209
GSE54514,SIG002,T1,T24,HALLMARK_ANDROGEN_RESPONSE,HALLMARK_SECONDARY,SSGSEA_RANK_WALK,31,-0.16330645161290325,0.38005181203439187,-0.16478187313870066,0.1889822365046136,POSSIBLE_SAME_MARS_PROGRAM,EXCLUDE_PRIMARY_INDEPENDENT_AND_STRICT_SENSITIVITY,0.5507153059000406
GSE54514,SIG002,T1,T24,HALLMARK_APICAL_JUNCTION,HALLMARK_SECONDARY,SSGSEA_RANK_WALK,31,-0.04435483870967742,0.8127148311998212,-0.04438396028220328,0.1889822365046136,POSSIBLE_SAME_MARS_PROGRAM,EXCLUDE_PRIMARY_INDEPENDENT_AND_STRICT_SENSITIVITY,0.8605215859762814
GSE54514,SIG002,T1,T24,HALLMARK_APICAL_SURFACE,HALLMARK_SECONDARY,SSGSEA_RANK_WALK,31,-0.36935483870967745,0.04086278241132758,-0.3876758131629908,0.1889822365046136,POSSIBLE_SAME_MARS_PROGRAM,EXCLUDE_PRIMARY_INDEPENDENT_AND_STRICT_SENSITIVITY,0.182287515340668
GSE54514,SIG002,T1,T24,HALLMARK_APOPTOSIS,PRESET_PRIMARY,SSGSEA_RANK_WALK,31,-0.22580645161290325,0.22192586970608896,-0.2297661646892201,0.1889822365046136,POSSIBLE_SAME_MARS_PROGRAM,EXCLUDE_PRIMARY_INDEPENDENT_AND_STRICT_SENSITIVITY,0.4438517394121779
GSE54514,SIG002,T1,T24,HALLMARK_BILE_ACID_METABOLISM,HALLMARK_SECONDARY,SSGSEA_RANK_WALK,31,0.2056451612903226,0.2670655075690904,0.208619922326349,0.1889822365046136,POSSIBLE_SAME_MARS_PROGRAM,EXCLUDE_PRIMARY_INDEPENDENT_AND_STRICT_SENSITIVITY,0.5060188564466976
GSE54514,SIG002,T1,T24,HALLMARK_CHOLESTEROL_HOMEOSTASIS,HALLMARK_SECONDARY,SSGSEA_RANK_WALK,31,0.4879032258064517,0.0053633238527600385,0.533304778790968,0.1889822365046136,POSSIBLE_SAME_MARS_PROGRAM,EXCLUDE_PRIMARY_INDEPENDENT_AND_STRICT_SENSITIVITY,0.03603885333685426
GSE54514,SIG002,T1,T24,HALLMARK_COMPLEMENT,PRESET_PRIMARY,SSGSEA_RANK_WALK,31,-0.12903225806451615,0.4890637048008697,-0.1297555977425423,0.1889822365046136,POSSIBLE_SAME_MARS_PROGRAM,EXCLUDE_PRIMARY_INDEPENDENT_AND_STRICT_SENSITIVITY,0.7387485349613439
GSE54514,SIG002,T1,T24,HALLMARK_DNA_REPAIR,HALLMARK_SECONDARY,SSGSEA_RANK_WALK,31,0.1088709677419355,0.5598965125718905,0.10930419807440926,0.1889822365046136,POSSIBLE_SAME_MARS_PROGRAM,EXCLUDE_PRIMARY_INDEPENDENT_AND_STRICT_SENSITIVITY,0.6718758150862687
GSE54514,SIG002,T1,T24,HALLMARK_E2F_TARGETS,HALLMARK_SECONDARY,SSGSEA_RANK_WALK,31,0.3141129032258065,0.08526900604534206,0.32510204322084996,0.1889822365046136,POSSIBLE_SAME_MARS_PROGRAM,EXCLUDE_PRIMARY_INDEPENDENT_AND_STRICT_SENSITIVITY,0.2357089265279205
GSE54514,SIG002,T1,T24,HALLMARK_EPITHELIAL_MESENCHYMAL_TRANSITION,HALLMARK_SECONDARY,SSGSEA_RANK_WALK,31,-0.11008064516129033,0.5555175321771062,-0.11052854944293547,0.1889822365046136,POSSIBLE_SAME_MARS_PROGRAM,EXCLUDE_PRIMARY_INDEPENDENT_AND_STRICT_SENSITIVITY,0.6718758150862687
GSE54514,SIG002,T1,T24,HALLMARK_ESTROGEN_RESPONSE_LATE,HALLMARK_SECONDARY,SSGSEA_RANK_WALK,31,0.23750000000000004,0.1982672770608081,0.24212299298063938,0.1889822365046136,POSSIBLE_SAME_MARS_PROGRAM,EXCLUDE_PRIMARY_INDEPENDENT_AND_STRICT_SENSITIVITY,0.41986011612877006
GSE54514,SIG002,T1,T24,HALLMARK_FATTY_ACID_METABOLISM,HALLMARK_SECONDARY,SSGSEA_RANK_WALK,31,0.1028225806451613,0.5820257117422453,0.10318726012787051,0.1889822365046136,POSSIBLE_SAME_MARS_PROGRAM,EXCLUDE_PRIMARY_INDEPENDENT_AND_STRICT_SENSITIVITY,0.6759008265393817
GSE54514,SIG002,T1,T24,HALLMARK_G2M_CHECKPOINT,HALLMARK_SECONDARY,SSGSEA_RANK_WALK,31,0.33709677419354844,0.06367562309909644,0.35081347031953025,0.1889822365046136,POSSIBLE_SAME_MARS_PROGRAM,EXCLUDE_PRIMARY_INDEPENDENT_AND_STRICT_SENSITIVITY,0.19102686929728932
GSE54514,SIG002,T1,T24,HALLMARK_GLYCOLYSIS,HALLMARK_SECONDARY,SSGSEA_RANK_WALK,31,0.34395161290322585,0.058144098092099986,0.358567485544351,0.1889822365046136,POSSIBLE_SAME_MARS_PROGRAM,EXCLUDE_PRIMARY_INDEPENDENT_AND_STRICT_SENSITIVITY,0.19102686929728932
GSE54514,SIG002,T1,T24,HALLMARK_HEDGEHOG_SIGNALING,HALLMARK_SECONDARY,SSGSEA_RANK_WALK,31,-0.30322580645161296,0.0972743596820805,-0.3130682351384926,0.1889822365046136,POSSIBLE_SAME_MARS_PROGRAM,EXCLUDE_PRIMARY_INDEPENDENT_AND_STRICT_SENSITIVITY,0.2357089265279205
GSE54514,SIG002,T1,T24,HALLMARK_HEME_METABOLISM,HALLMARK_SECONDARY,SSGSEA_RANK_WALK,31,-0.26008064516129037,0.15765204586475265,-0.2661949008409157,0.1889822365046136,POSSIBLE_SAME_MARS_PROGRAM,EXCLUDE_PRIMARY_INDEPENDENT_AND_STRICT_SENSITIVITY,0.35471710319569344
GSE54514,SIG002,T1,T24,HALLMARK_HYPOXIA,HALLMARK_SECONDARY,SSGSEA_RANK_WALK,31,-0.5161290322580646,0.0029567259704205064,-0.5710487003039244,0.1889822365046136,POSSIBLE_SAME_MARS_PROGRAM,EXCLUDE_PRIMARY_INDEPENDENT_AND_STRICT_SENSITIVITY,0.03548071164504608
GSE54514,SIG002,T1,T24,HALLMARK_IL2_STAT5_SIGNALING,HALLMARK_SECONDARY,SSGSEA_RANK_WALK,31,-0.11975806451612905,0.5210682941323059,-0.12033556537842784,0.1889822365046136,POSSIBLE_SAME_MARS_PROGRAM,EXCLUDE_PRIMARY_INDEPENDENT_AND_STRICT_SENSITIVITY,0.669944949598679
GSE54514,SIG002,T1,T24,HALLMARK_IL6_JAK_STAT3_SIGNALING,HALLMARK_SECONDARY,SSGSEA_RANK_WALK,31,-0.12459677419354842,0.5042438807488963,-0.1252476088745986,0.1889822365046136,POSSIBLE_SAME_MARS_PROGRAM,EXCLUDE_PRIMARY_INDEPENDENT_AND_STRICT_SENSITIVITY,0.669944949598679
GSE54514,SIG002,T1,T24,HALLMARK_INFLAMMATORY_RESPONSE,PRESET_PRIMARY,SSGSEA_RANK_WALK,31,-0.07379032258064516,0.6932102605295571,-0.07392469156241699,0.1889822365046136,POSSIBLE_SAME_MARS_PROGRAM,EXCLUDE_PRIMARY_INDEPENDENT_AND_STRICT_SENSITIVITY,0.7922402977480653
GSE54514,SIG002,T1,T24,HALLMARK_INTERFERON_ALPHA_RESPONSE,PRESET_PRIMARY,SSGSEA_RANK_WALK,31,0.11048387096774194,0.5540614012210079,0.1109367397375762,0.1889822365046136,POSSIBLE_SAME_MARS_PROGRAM,EXCLUDE_PRIMARY_INDEPENDENT_AND_STRICT_SENSITIVITY,0.7387485349613439
GSE54514,SIG002,T1,T24,HALLMARK_INTERFERON_GAMMA_RESPONSE,PRESET_PRIMARY,SSGSEA_RANK_WALK,31,-0.03346774193548387,0.8581475135178092,-0.03348024596484338,0.1889822365046136,POSSIBLE_SAME_MARS_PROGRAM,EXCLUDE_PRIMARY_INDEPENDENT_AND_STRICT_SENSITIVITY,0.8581475135178092
GSE54514,SIG002,T1,T24,HALLMARK_KRAS_SIGNALING_UP,HALLMARK_SECONDARY,SSGSEA_RANK_WALK,31,-0.48225806451612907,0.006006475556142377,-0.5259224996128357,0.1889822365046136,POSSIBLE_SAME_MARS_PROGRAM,EXCLUDE_PRIMARY_INDEPENDENT_AND_STRICT_SENSITIVITY,0.03603885333685426
GSE54514,SIG002,T1,T24,HALLMARK_MITOTIC_SPINDLE,HALLMARK_SECONDARY,SSGSEA_RANK_WALK,31,0.5020161290322581,0.004007111447569066,0.5519979408757912,0.1889822365046136,POSSIBLE_SAME_MARS_PROGRAM,EXCLUDE_PRIMARY_INDEPENDENT_AND_STRICT_SENSITIVITY,0.03603885333685426
GSE54514,SIG002,T1,T24,HALLMARK_MTORC1_SIGNALING,HALLMARK_SECONDARY,SSGSEA_RANK_WALK,31,0.30241935483870974,0.09821205271996687,0.31218036436243884,0.1889822365046136,POSSIBLE_SAME_MARS_PROGRAM,EXCLUDE_PRIMARY_INDEPENDENT_AND_STRICT_SENSITIVITY,0.2357089265279205
GSE54514,SIG002,T1,T24,HALLMARK_MYC_TARGETS_V1,HALLMARK_SECONDARY,SSGSEA_RANK_WALK,31,0.1342741935483871,0.47142898795379495,0.1350900053055379,0.1889822365046136,POSSIBLE_SAME_MARS_PROGRAM,EXCLUDE_PRIMARY_INDEPENDENT_AND_STRICT_SENSITIVITY,0.6527478294744853
GSE54514,SIG002,T1,T24,HALLMARK_MYC_TARGETS_V2,HALLMARK_SECONDARY,SSGSEA_RANK_WALK,31,0.1866935483870968,0.31459517166493095,0.18890910513963055,0.1889822365046136,POSSIBLE_SAME_MARS_PROGRAM,EXCLUDE_PRIMARY_INDEPENDENT_AND_STRICT_SENSITIVITY,0.5147920990880688
GSE54514,SIG002,T1,T24,HALLMARK_MYOGENESIS,HALLMARK_SECONDARY,SSGSEA_RANK_WALK,31,-0.18870967741935485,0.30930312482867456,-0.1909988610447987,0.1889822365046136,POSSIBLE_SAME_MARS_PROGRAM,EXCLUDE_PRIMARY_INDEPENDENT_AND_STRICT_SENSITIVITY,0.5147920990880688
GSE54514,SIG002,T1,T24,HALLMARK_NOTCH_SIGNALING,HALLMARK_SECONDARY,SSGSEA_RANK_WALK,31,-0.5564516129032259,0.001150799473509473,-0.6276785018362074,0.1889822365046136,POSSIBLE_SAME_MARS_PROGRAM,EXCLUDE_PRIMARY_INDEPENDENT_AND_STRICT_SENSITIVITY,0.020714390523170513
GSE54514,SIG002,T1,T24,HALLMARK_OXIDATIVE_PHOSPHORYLATION,PRESET_PRIMARY,SSGSEA_RANK_WALK,31,0.28024193548387105,0.12676479037493318,0.28794460855652637,0.1889822365046136,POSSIBLE_SAME_MARS_PROGRAM,EXCLUDE_PRIMARY_INDEPENDENT_AND_STRICT_SENSITIVITY,0.3380394409998218
GSE54514,SIG002,T1,T24,HALLMARK_P53_PATHWAY,HALLMARK_SECONDARY,SSGSEA_RANK_WALK,31,-0.2145161290322581,0.2465192121172609,-0.21790055235865197,0.1889822365046136,POSSIBLE_SAME_MARS_PROGRAM,EXCLUDE_PRIMARY_INDEPENDENT_AND_STRICT_SENSITIVITY,0.4930384242345218
GSE54514,SIG002,T1,T24,HALLMARK_PEROXISOME,HALLMARK_SECONDARY,SSGSEA_RANK_WALK,31,0.1625,0.38244118465280597,0.16395343688114494,0.1889822365046136,POSSIBLE_SAME_MARS_PROGRAM,EXCLUDE_PRIMARY_INDEPENDENT_AND_STRICT_SENSITIVITY,0.5507153059000406
GSE54514,SIG002,T1,T24,HALLMARK_PI3K_AKT_MTOR_SIGNALING,HALLMARK_SECONDARY,SSGSEA_RANK_WALK,31,-0.09475806451612903,0.6121175760038214,-0.09504321609584057,0.1889822365046136,POSSIBLE_SAME_MARS_PROGRAM,EXCLUDE_PRIMARY_INDEPENDENT_AND_STRICT_SENSITIVITY,0.6886322730042991
GSE54514,SIG002,T1,T24,HALLMARK_PROTEIN_SECRETION,HALLMARK_SECONDARY,SSGSEA_RANK_WALK,31,-0.019758064516129034,0.9159809440004958,-0.019760636176920896,0.1889822365046136,POSSIBLE_SAME_MARS_PROGRAM,EXCLUDE_PRIMARY_INDEPENDENT_AND_STRICT_SENSITIVITY,0.9421518281147956
GSE54514,SIG002,T1,T24,HALLMARK_REACTIVE_OXYGEN_SPECIES_PATHWAY,HALLMARK_SECONDARY,SSGSEA_RANK_WALK,31,0.05725806451612903,0.7596429762524395,0.05732076114581572,0.1889822365046136,POSSIBLE_SAME_MARS_PROGRAM,EXCLUDE_PRIMARY_INDEPENDENT_AND_STRICT_SENSITIVITY,0.8287014286390249
GSE54514,SIG002,T1,T24,HALLMARK_TGF_BETA_SIGNALING,HALLMARK_SECONDARY,SSGSEA_RANK_WALK,31,-0.5725806451612904,0.0007624264137441116,-0.6513538225058125,0.1889822365046136,POSSIBLE_SAME_MARS_PROGRAM,EXCLUDE_PRIMARY_INDEPENDENT_AND_STRICT_SENSITIVITY,0.020714390523170513
GSE54514,SIG002,T1,T24,HALLMARK_TNFA_SIGNALING_VIA_NFKB,PRESET_PRIMARY,SSGSEA_RANK_WALK,31,-0.4088709677419355,0.022382995156207112,-0.43425480412370254,0.1889822365046136,POSSIBLE_SAME_MARS_PROGRAM,EXCLUDE_PRIMARY_INDEPENDENT_AND_STRICT_SENSITIVITY,0.1790639612496569
GSE54514,SIG002,T1,T24,HALLMARK_UNFOLDED_PROTEIN_RESPONSE,HALLMARK_SECONDARY,SSGSEA_RANK_WALK,31,0.42298387096774204,0.01774996577345879,0.4513205220594097,0.1889822365046136,POSSIBLE_SAME_MARS_PROGRAM,EXCLUDE_PRIMARY_INDEPENDENT_AND_STRICT_SENSITIVITY,0.09128553826350234
GSE54514,SIG002,T1,T24,HALLMARK_UV_RESPONSE_DN,HALLMARK_SECONDARY,SSGSEA_RANK_WALK,31,-0.19516129032258067,0.29274554486212945,-0.19769726477228414,0.1889822365046136,POSSIBLE_SAME_MARS_PROGRAM,EXCLUDE_PRIMARY_INDEPENDENT_AND_STRICT_SENSITIVITY,0.5147920990880688
GSE54514,SIG002,T1,T24,HALLMARK_UV_RESPONSE_UP,HALLMARK_SECONDARY,SSGSEA_RANK_WALK,31,-0.3399193548387097,0.0613501198980395,-0.35400134549172974,0.1889822365046136,POSSIBLE_SAME_MARS_PROGRAM,EXCLUDE_PRIMARY_INDEPENDENT_AND_STRICT_SENSITIVITY,0.19102686929728932
GSE54514,SIG002,T1,T24,HALLMARK_WNT_BETA_CATENIN_SIGNALING,HALLMARK_SECONDARY,SSGSEA_RANK_WALK,31,-0.1649193548387097,0.37529921962674617,-0.16643941953532557,0.1889822365046136,POSSIBLE_SAME_MARS_PROGRAM,EXCLUDE_PRIMARY_INDEPENDENT_AND_STRICT_SENSITIVITY,0.5507153059000406
GSE54514,SIG002,T1,T24,HALLMARK_XENOBIOTIC_METABOLISM,HALLMARK_SECONDARY,SSGSEA_RANK_WALK,31,-0.3616935483870968,0.045571878835167,-0.3788329802522778,0.1889822365046136,POSSIBLE_SAME_MARS_PROGRAM,EXCLUDE_PRIMARY_INDEPENDENT_AND_STRICT_SENSITIVITY,0.182287515340668
GSE54514,SIG002,T1,T24,Neutrophil degranulation,REACTOME_SUPPLEMENT,SSGSEA_RANK_WALK,31,0.35040322580645167,0.05329020976512388,0.3659033448086152,0.1889822365046136,POSSIBLE_SAME_MARS_PROGRAM,EXCLUDE_PRIMARY_INDEPENDENT_AND_STRICT_SENSITIVITY,0.10658041953024776
GSE54514,SIG002,T1,T24,TCR signaling,REACTOME_SUPPLEMENT,SSGSEA_RANK_WALK,31,-0.08185483870967743,0.6615633818161167,-0.08203839218094228,0.1889822365046136,POSSIBLE_SAME_MARS_PROGRAM,EXCLUDE_PRIMARY_INDEPENDENT_AND_STRICT_SENSITIVITY,0.6615633818161167
GSE54514,SIG002,T2,T48,HALLMARK_ADIPOGENESIS,HALLMARK_SECONDARY,SSGSEA_RANK_WALK,28,0.3382594417077176,0.07830373495153653,0.3521257756470899,0.2,POSSIBLE_SAME_MARS_PROGRAM,EXCLUDE_PRIMARY_INDEPENDENT_AND_STRICT_SENSITIVITY,0.15660746990307306
GSE54514,SIG002,T2,T48,HALLMARK_ALLOGRAFT_REJECTION,PRESET_PRIMARY,SSGSEA_RANK_WALK,28,-0.3393541324575807,0.07728256059648708,-0.35336242117257005,0.2,POSSIBLE_SAME_MARS_PROGRAM,EXCLUDE_PRIMARY_INDEPENDENT_AND_STRICT_SENSITIVITY,0.2810581348252321
GSE54514,SIG002,T2,T48,HALLMARK_ANDROGEN_RESPONSE,HALLMARK_SECONDARY,SSGSEA_RANK_WALK,28,0.5041050903119868,0.006233834170957069,0.5547946736496302,0.2,POSSIBLE_SAME_MARS_PROGRAM,EXCLUDE_PRIMARY_INDEPENDENT_AND_STRICT_SENSITIVITY,0.024935336683828278
GSE54514,SIG002,T2,T48,HALLMARK_APICAL_JUNCTION,HALLMARK_SECONDARY,SSGSEA_RANK_WALK,28,-0.14066776135741652,0.4752459253959842,-0.14160675226545189,0.2,POSSIBLE_SAME_MARS_PROGRAM,EXCLUDE_PRIMARY_INDEPENDENT_AND_STRICT_SENSITIVITY,0.6336612338613122
GSE54514,SIG002,T2,T48,HALLMARK_APICAL_SURFACE,HALLMARK_SECONDARY,SSGSEA_RANK_WALK,28,-0.4969896004378763,0.007134516017657197,-0.5453002962501973,0.2,POSSIBLE_SAME_MARS_PROGRAM,EXCLUDE_PRIMARY_INDEPENDENT_AND_STRICT_SENSITIVITY,0.025594110709468373
GSE54514,SIG002,T2,T48,HALLMARK_APOPTOSIS,PRESET_PRIMARY,SSGSEA_RANK_WALK,28,0.31253420908593316,0.10539680055946204,0.3233514942796577,0.2,POSSIBLE_SAME_MARS_PROGRAM,EXCLUDE_PRIMARY_INDEPENDENT_AND_STRICT_SENSITIVITY,0.2810581348252321
GSE54514,SIG002,T2,T48,HALLMARK_BILE_ACID_METABOLISM,HALLMARK_SECONDARY,SSGSEA_RANK_WALK,28,0.06787082649151616,0.7314774945128185,0.06797532998021148,0.2,POSSIBLE_SAME_MARS_PROGRAM,EXCLUDE_PRIMARY_INDEPENDENT_AND_STRICT_SENSITIVITY,0.7979754485594384
GSE54514,SIG002,T2,T48,HALLMARK_CHOLESTEROL_HOMEOSTASIS,HALLMARK_SECONDARY,SSGSEA_RANK_WALK,28,0.5960591133004925,0.0008164951632822981,0.6870121342640381,0.2,POSSIBLE_SAME_MARS_PROGRAM,EXCLUDE_PRIMARY_INDEPENDENT_AND_STRICT_SENSITIVITY,0.011019465434560786
GSE54514,SIG002,T2,T48,HALLMARK_COMPLEMENT,PRESET_PRIMARY,SSGSEA_RANK_WALK,28,0.2824302134646962,0.14534253756814086,0.2903209773720479,0.2,POSSIBLE_SAME_MARS_PROGRAM,EXCLUDE_PRIMARY_INDEPENDENT_AND_STRICT_SENSITIVITY,0.2906850751362817
GSE54514,SIG002,T2,T48,HALLMARK_DNA_REPAIR,HALLMARK_SECONDARY,SSGSEA_RANK_WALK,28,-0.15873015873015872,0.41980409121516815,-0.16008376379813463,0.2,POSSIBLE_SAME_MARS_PROGRAM,EXCLUDE_PRIMARY_INDEPENDENT_AND_STRICT_SENSITIVITY,0.581267203221002
GSE54514,SIG002,T2,T48,HALLMARK_E2F_TARGETS,HALLMARK_SECONDARY,SSGSEA_RANK_WALK,28,0.47837985769020247,0.010023376837100117,0.5208812250692068,0.2,POSSIBLE_SAME_MARS_PROGRAM,EXCLUDE_PRIMARY_INDEPENDENT_AND_STRICT_SENSITIVITY,0.03007013051130035
GSE54514,SIG002,T2,T48,HALLMARK_EPITHELIAL_MESENCHYMAL_TRANSITION,HALLMARK_SECONDARY,SSGSEA_RANK_WALK,28,0.019704433497536946,0.9207240119137842,0.01970698427043834,0.2,POSSIBLE_SAME_MARS_PROGRAM,EXCLUDE_PRIMARY_INDEPENDENT_AND_STRICT_SENSITIVITY,0.9651117456185675
GSE54514,SIG002,T2,T48,HALLMARK_ESTROGEN_RESPONSE_LATE,HALLMARK_SECONDARY,SSGSEA_RANK_WALK,28,0.5714285714285714,0.0014916482945692383,0.6496414920651304,0.2,POSSIBLE_SAME_MARS_PROGRAM,EXCLUDE_PRIMARY_INDEPENDENT_AND_STRICT_SENSITIVITY,0.011019465434560786
GSE54514,SIG002,T2,T48,HALLMARK_FATTY_ACID_METABOLISM,HALLMARK_SECONDARY,SSGSEA_RANK_WALK,28,0.4920634920634921,0.007820422716782002,0.5387794397351388,0.2,POSSIBLE_SAME_MARS_PROGRAM,EXCLUDE_PRIMARY_INDEPENDENT_AND_STRICT_SENSITIVITY,0.025594110709468373
GSE54514,SIG002,T2,T48,HALLMARK_G2M_CHECKPOINT,HALLMARK_SECONDARY,SSGSEA_RANK_WALK,28,0.46688560481663927,0.01225498275608866,0.5060803849311836,0.2,POSSIBLE_SAME_MARS_PROGRAM,EXCLUDE_PRIMARY_INDEPENDENT_AND_STRICT_SENSITIVITY,0.03151281280137084
GSE54514,SIG002,T2,T48,HALLMARK_GLYCOLYSIS,HALLMARK_SECONDARY,SSGSEA_RANK_WALK,28,0.6239737274220033,0.0003878932693408142,0.7314861640342363,0.2,POSSIBLE_SAME_MARS_PROGRAM,EXCLUDE_PRIMARY_INDEPENDENT_AND_STRICT_SENSITIVITY,0.011019465434560786
GSE54514,SIG002,T2,T48,HALLMARK_HEDGEHOG_SIGNALING,HALLMARK_SECONDARY,SSGSEA_RANK_WALK,28,-0.3962780514504652,0.036830096504715595,-0.41922584944415436,0.2,POSSIBLE_SAME_MARS_PROGRAM,EXCLUDE_PRIMARY_INDEPENDENT_AND_STRICT_SENSITIVITY,0.08286771713561009
GSE54514,SIG002,T2,T48,HALLMARK_HEME_METABOLISM,HALLMARK_SECONDARY,SSGSEA_RANK_WALK,28,-0.24247400109469072,0.21379096244194193,-0.2474009871489167,0.2,POSSIBLE_SAME_MARS_PROGRAM,EXCLUDE_PRIMARY_INDEPENDENT_AND_STRICT_SENSITIVITY,0.3498397567231777
GSE54514,SIG002,T2,T48,HALLMARK_HYPOXIA,HALLMARK_SECONDARY,SSGSEA_RANK_WALK,28,0.16037219485495346,0.4149484299322993,0.1617686928694283,0.2,POSSIBLE_SAME_MARS_PROGRAM,EXCLUDE_PRIMARY_INDEPENDENT_AND_STRICT_SENSITIVITY,0.581267203221002
GSE54514,SIG002,T2,T48,HALLMARK_IL2_STAT5_SIGNALING,HALLMARK_SECONDARY,SSGSEA_RANK_WALK,28,0.01532567049808429,0.9383030860180518,0.015326870545501206,0.2,POSSIBLE_SAME_MARS_PROGRAM,EXCLUDE_PRIMARY_INDEPENDENT_AND_STRICT_SENSITIVITY,0.9651117456185675
GSE54514,SIG002,T2,T48,HALLMARK_IL6_JAK_STAT3_SIGNALING,HALLMARK_SECONDARY,SSGSEA_RANK_WALK,28,0.5446086480569239,0.0027317927226199693,0.6106843457957754,0.2,POSSIBLE_SAME_MARS_PROGRAM,EXCLUDE_PRIMARY_INDEPENDENT_AND_STRICT_SENSITIVITY,0.016390756335719816
GSE54514,SIG002,T2,T48,HALLMARK_INFLAMMATORY_RESPONSE,PRESET_PRIMARY,SSGSEA_RANK_WALK,28,0.06732348111658455,0.7335650843023231,0.0674254720842657,0.2,POSSIBLE_SAME_MARS_PROGRAM,EXCLUDE_PRIMARY_INDEPENDENT_AND_STRICT_SENSITIVITY,0.7335650843023231
GSE54514,SIG002,T2,T48,HALLMARK_INTERFERON_ALPHA_RESPONSE,PRESET_PRIMARY,SSGSEA_RANK_WALK,28,-0.11932129173508485,0.5453321466404526,-0.11989246074225947,0.2,POSSIBLE_SAME_MARS_PROGRAM,EXCLUDE_PRIMARY_INDEPENDENT_AND_STRICT_SENSITIVITY,0.7271095288539368
GSE54514,SIG002,T2,T48,HALLMARK_INTERFERON_GAMMA_RESPONSE,PRESET_PRIMARY,SSGSEA_RANK_WALK,28,-0.11986863711001641,0.5434767589543557,-0.12044774838633003,0.2,POSSIBLE_SAME_MARS_PROGRAM,EXCLUDE_PRIMARY_INDEPENDENT_AND_STRICT_SENSITIVITY,0.7271095288539368
GSE54514,SIG002,T2,T48,HALLMARK_KRAS_SIGNALING_UP,HALLMARK_SECONDARY,SSGSEA_RANK_WALK,28,-0.07060755336617405,0.7210678505632018,-0.07072524186173501,0.2,POSSIBLE_SAME_MARS_PROGRAM,EXCLUDE_PRIMARY_INDEPENDENT_AND_STRICT_SENSITIVITY,0.7979754485594384
GSE54514,SIG002,T2,T48,HALLMARK_MITOTIC_SPINDLE,HALLMARK_SECONDARY,SSGSEA_RANK_WALK,28,0.5123152709359605,0.005316000040971159,0.5658639487263035,0.2,POSSIBLE_SAME_MARS_PROGRAM,EXCLUDE_PRIMARY_INDEPENDENT_AND_STRICT_SENSITIVITY,0.023922000184370216
GSE54514,SIG002,T2,T48,HALLMARK_MTORC1_SIGNALING,HALLMARK_SECONDARY,SSGSEA_RANK_WALK,28,0.5128626163108921,0.005259126523274758,0.5666063610806875,0.2,POSSIBLE_SAME_MARS_PROGRAM,EXCLUDE_PRIMARY_INDEPENDENT_AND_STRICT_SENSITIVITY,0.023922000184370216
GSE54514,SIG002,T2,T48,HALLMARK_MYC_TARGETS_V1,HALLMARK_SECONDARY,SSGSEA_RANK_WALK,28,0.10946907498631636,0.579224826864696,0.1099095196164811,0.2,POSSIBLE_SAME_MARS_PROGRAM,EXCLUDE_PRIMARY_INDEPENDENT_AND_STRICT_SENSITIVITY,0.6996567540443198
GSE54514,SIG002,T2,T48,HALLMARK_MYC_TARGETS_V2,HALLMARK_SECONDARY,SSGSEA_RANK_WALK,28,-0.10837438423645321,0.5830472950369332,-0.1088016854692972,0.2,POSSIBLE_SAME_MARS_PROGRAM,EXCLUDE_PRIMARY_INDEPENDENT_AND_STRICT_SENSITIVITY,0.6996567540443198
GSE54514,SIG002,T2,T48,HALLMARK_MYOGENESIS,HALLMARK_SECONDARY,SSGSEA_RANK_WALK,28,-0.17515051997810618,0.37267520557043277,-0.17697529962614278,0.2,POSSIBLE_SAME_MARS_PROGRAM,EXCLUDE_PRIMARY_INDEPENDENT_AND_STRICT_SENSITIVITY,0.5590128083556491
GSE54514,SIG002,T2,T48,HALLMARK_NOTCH_SIGNALING,HALLMARK_SECONDARY,SSGSEA_RANK_WALK,28,-0.5703338806787082,0.0015304813103556645,-0.6480175490994781,0.2,POSSIBLE_SAME_MARS_PROGRAM,EXCLUDE_PRIMARY_INDEPENDENT_AND_STRICT_SENSITIVITY,0.011019465434560786
GSE54514,SIG002,T2,T48,HALLMARK_OXIDATIVE_PHOSPHORYLATION,PRESET_PRIMARY,SSGSEA_RANK_WALK,28,0.4072249589490969,0.031492131616535184,0.43227998013244945,0.2,POSSIBLE_SAME_MARS_PROGRAM,EXCLUDE_PRIMARY_INDEPENDENT_AND_STRICT_SENSITIVITY,0.25193705293228147
GSE54514,SIG002,T2,T48,HALLMARK_P53_PATHWAY,HALLMARK_SECONDARY,SSGSEA_RANK_WALK,28,-0.0049261083743842365,0.980152141145451,-0.004926148221505815,0.2,POSSIBLE_SAME_MARS_PROGRAM,EXCLUDE_PRIMARY_INDEPENDENT_AND_STRICT_SENSITIVITY,0.980152141145451
GSE54514,SIG002,T2,T48,HALLMARK_PEROXISOME,HALLMARK_SECONDARY,SSGSEA_RANK_WALK,28,0.5779967159277504,0.0012760846663872677,0.6594491620375363,0.2,POSSIBLE_SAME_MARS_PROGRAM,EXCLUDE_PRIMARY_INDEPENDENT_AND_STRICT_SENSITIVITY,0.011019465434560786
GSE54514,SIG002,T2,T48,HALLMARK_PI3K_AKT_MTOR_SIGNALING,HALLMARK_SECONDARY,SSGSEA_RANK_WALK,28,0.30706075533661736,0.11196884988225884,0.31729693590418556,0.2,POSSIBLE_SAME_MARS_PROGRAM,EXCLUDE_PRIMARY_INDEPENDENT_AND_STRICT_SENSITIVITY,0.2015439297880659
GSE54514,SIG002,T2,T48,HALLMARK_PROTEIN_SECRETION,HALLMARK_SECONDARY,SSGSEA_RANK_WALK,28,0.33169129720853857,0.08464920691559424,0.34472743433640896,0.2,POSSIBLE_SAME_MARS_PROGRAM,EXCLUDE_PRIMARY_INDEPENDENT_AND_STRICT_SENSITIVITY,0.16038797099796803
GSE54514,SIG002,T2,T48,HALLMARK_REACTIVE_OXYGEN_SPECIES_PATHWAY,HALLMARK_SECONDARY,SSGSEA_RANK_WALK,28,0.4712643678160919,0.011360473815688086,0.511694433715261,0.2,POSSIBLE_SAME_MARS_PROGRAM,EXCLUDE_PRIMARY_INDEPENDENT_AND_STRICT_SENSITIVITY,0.031459773643443927
GSE54514,SIG002,T2,T48,HALLMARK_TGF_BETA_SIGNALING,HALLMARK_SECONDARY,SSGSEA_RANK_WALK,28,-0.25068418171866447,0.19820592438472365,-0.25614273901992807,0.2,POSSIBLE_SAME_MARS_PROGRAM,EXCLUDE_PRIMARY_INDEPENDENT_AND_STRICT_SENSITIVITY,0.33978158465952624
GSE54514,SIG002,T2,T48,HALLMARK_TNFA_SIGNALING_VIA_NFKB,PRESET_PRIMARY,SSGSEA_RANK_WALK,28,0.07334428024083196,0.7107066108811115,0.07347622203160548,0.2,POSSIBLE_SAME_MARS_PROGRAM,EXCLUDE_PRIMARY_INDEPENDENT_AND_STRICT_SENSITIVITY,0.7335650843023231
GSE54514,SIG002,T2,T48,HALLMARK_UNFOLDED_PROTEIN_RESPONSE,HALLMARK_SECONDARY,SSGSEA_RANK_WALK,28,0.18117131910235357,0.3562012351135724,0.18319349364182871,0.2,POSSIBLE_SAME_MARS_PROGRAM,EXCLUDE_PRIMARY_INDEPENDENT_AND_STRICT_SENSITIVITY,0.5575323680038524
GSE54514,SIG002,T2,T48,HALLMARK_UV_RESPONSE_DN,HALLMARK_SECONDARY,SSGSEA_RANK_WALK,28,0.4258347016967706,0.023861111325843728,0.454797672895585,0.2,POSSIBLE_SAME_MARS_PROGRAM,EXCLUDE_PRIMARY_INDEPENDENT_AND_STRICT_SENSITIVITY,0.05726666718202495
GSE54514,SIG002,T2,T48,HALLMARK_UV_RESPONSE_UP,HALLMARK_SECONDARY,SSGSEA_RANK_WALK,28,-0.0810071154898741,0.6819666675712523,-0.0811850101288407,0.2,POSSIBLE_SAME_MARS_PROGRAM,EXCLUDE_PRIMARY_INDEPENDENT_AND_STRICT_SENSITIVITY,0.7919612913730673
GSE54514,SIG002,T2,T48,HALLMARK_WNT_BETA_CATENIN_SIGNALING,HALLMARK_SECONDARY,SSGSEA_RANK_WALK,28,-0.350848385331144,0.06716651496367786,-0.3664109027338039,0.2,POSSIBLE_SAME_MARS_PROGRAM,EXCLUDE_PRIMARY_INDEPENDENT_AND_STRICT_SENSITIVITY,0.14223497286425899
GSE54514,SIG002,T2,T48,HALLMARK_XENOBIOTIC_METABOLISM,HALLMARK_SECONDARY,SSGSEA_RANK_WALK,28,0.11658456486042693,0.554653187273154,0.11711711900418396,0.2,POSSIBLE_SAME_MARS_PROGRAM,EXCLUDE_PRIMARY_INDEPENDENT_AND_STRICT_SENSITIVITY,0.6996567540443198
GSE54514,SIG002,T2,T48,Neutrophil degranulation,REACTOME_SUPPLEMENT,SSGSEA_RANK_WALK,28,0.6174055829228243,0.00046505797537760253,0.7208015938031942,0.2,POSSIBLE_SAME_MARS_PROGRAM,EXCLUDE_PRIMARY_INDEPENDENT_AND_STRICT_SENSITIVITY,0.0009301159507552051
GSE54514,SIG002,T2,T48,TCR signaling,REACTOME_SUPPLEMENT,SSGSEA_RANK_WALK,28,-0.011494252873563218,0.9537083000670102,-0.01149475911234937,0.2,POSSIBLE_SAME_MARS_PROGRAM,EXCLUDE_PRIMARY_INDEPENDENT_AND_STRICT_SENSITIVITY,0.9537083000670102
GSE54514,SIG003,T1,T24,HALLMARK_ADIPOGENESIS,HALLMARK_SECONDARY,SSGSEA_RANK_WALK,31,0.11935483870967743,0.5224825746823831,0.11992649238094974,0.1889822365046136,POSSIBLE_SAME_MARS_PROGRAM,EXCLUDE_PRIMARY_INDEPENDENT_AND_STRICT_SENSITIVITY,0.6772327629721081
GSE54514,SIG003,T1,T24,HALLMARK_ALLOGRAFT_REJECTION,PRESET_PRIMARY,SSGSEA_RANK_WALK,31,-0.7568548387096775,8.351981819905513e-07,-0.9888109146951286,0.1889822365046136,POSSIBLE_SAME_MARS_PROGRAM,EXCLUDE_PRIMARY_INDEPENDENT_AND_STRICT_SENSITIVITY,6.68158545592441e-06
GSE54514,SIG003,T1,T24,HALLMARK_ANDROGEN_RESPONSE,HALLMARK_SECONDARY,SSGSEA_RANK_WALK,31,0.18750000000000003,0.31247162755420493,0.1897448108524519,0.1889822365046136,POSSIBLE_SAME_MARS_PROGRAM,EXCLUDE_PRIMARY_INDEPENDENT_AND_STRICT_SENSITIVITY,0.5126470603345978
GSE54514,SIG003,T1,T24,HALLMARK_APICAL_JUNCTION,HALLMARK_SECONDARY,SSGSEA_RANK_WALK,31,-0.2685483870967742,0.14408187701688063,-0.2752987264715706,0.1889822365046136,POSSIBLE_SAME_MARS_PROGRAM,EXCLUDE_PRIMARY_INDEPENDENT_AND_STRICT_SENSITIVITY,0.3060611129582947
GSE54514,SIG003,T1,T24,HALLMARK_APICAL_SURFACE,HALLMARK_SECONDARY,SSGSEA_RANK_WALK,31,-0.672983870967742,3.351754599096233e-05,-0.8161772831087277,0.1889822365046136,POSSIBLE_SAME_MARS_PROGRAM,EXCLUDE_PRIMARY_INDEPENDENT_AND_STRICT_SENSITIVITY,0.001206631655674644
GSE54514,SIG003,T1,T24,HALLMARK_APOPTOSIS,PRESET_PRIMARY,SSGSEA_RANK_WALK,31,-0.4012096774193548,0.02528843657176633,-0.4250898533810462,0.1889822365046136,POSSIBLE_SAME_MARS_PROGRAM,EXCLUDE_PRIMARY_INDEPENDENT_AND_STRICT_SENSITIVITY,0.10115374628706532
GSE54514,SIG003,T1,T24,HALLMARK_BILE_ACID_METABOLISM,HALLMARK_SECONDARY,SSGSEA_RANK_WALK,31,0.1495967741935484,0.42184387561797,0.1507279542169487,0.1889822365046136,POSSIBLE_SAME_MARS_PROGRAM,EXCLUDE_PRIMARY_INDEPENDENT_AND_STRICT_SENSITIVITY,0.6017585170831107
GSE54514,SIG003,T1,T24,HALLMARK_CHOLESTEROL_HOMEOSTASIS,HALLMARK_SECONDARY,SSGSEA_RANK_WALK,31,0.5604838709677421,0.0010402703030454334,0.6335384054003192,0.1889822365046136,POSSIBLE_SAME_MARS_PROGRAM,EXCLUDE_PRIMARY_INDEPENDENT_AND_STRICT_SENSITIVITY,0.009362432727408901
GSE54514,SIG003,T1,T24,HALLMARK_COMPLEMENT,PRESET_PRIMARY,SSGSEA_RANK_WALK,31,-0.23306451612903228,0.20702620826443913,-0.23742757169183604,0.1889822365046136,POSSIBLE_SAME_MARS_PROGRAM,EXCLUDE_PRIMARY_INDEPENDENT_AND_STRICT_SENSITIVITY,0.41405241652887825
GSE54514,SIG003,T1,T24,HALLMARK_DNA_REPAIR,HALLMARK_SECONDARY,SSGSEA_RANK_WALK,31,-0.26451612903225813,0.15043394585351025,-0.27095810541801096,0.1889822365046136,POSSIBLE_SAME_MARS_PROGRAM,EXCLUDE_PRIMARY_INDEPENDENT_AND_STRICT_SENSITIVITY,0.3060611129582947
GSE54514,SIG003,T1,T24,HALLMARK_E2F_TARGETS,HALLMARK_SECONDARY,SSGSEA_RANK_WALK,31,0.0814516129032258,0.6631327445062498,0.0816324599172482,0.1889822365046136,POSSIBLE_SAME_MARS_PROGRAM,EXCLUDE_PRIMARY_INDEPENDENT_AND_STRICT_SENSITIVITY,0.7957592934074997
GSE54514,SIG003,T1,T24,HALLMARK_EPITHELIAL_MESENCHYMAL_TRANSITION,HALLMARK_SECONDARY,SSGSEA_RANK_WALK,31,-0.11814516129032258,0.5267365934227508,-0.11869951246950511,0.1889822365046136,POSSIBLE_SAME_MARS_PROGRAM,EXCLUDE_PRIMARY_INDEPENDENT_AND_STRICT_SENSITIVITY,0.6772327629721081
GSE54514,SIG003,T1,T24,HALLMARK_ESTROGEN_RESPONSE_LATE,HALLMARK_SECONDARY,SSGSEA_RANK_WALK,31,0.27862903225806457,0.12905744050543946,0.28619509551481415,0.1889822365046136,POSSIBLE_SAME_MARS_PROGRAM,EXCLUDE_PRIMARY_INDEPENDENT_AND_STRICT_SENSITIVITY,0.3060611129582947
GSE54514,SIG003,T1,T24,HALLMARK_FATTY_ACID_METABOLISM,HALLMARK_SECONDARY,SSGSEA_RANK_WALK,31,-0.1842741935483871,0.3210195660694438,-0.18640354701543732,0.1889822365046136,POSSIBLE_SAME_MARS_PROGRAM,EXCLUDE_PRIMARY_INDEPENDENT_AND_STRICT_SENSITIVITY,0.5126470603345978
GSE54514,SIG003,T1,T24,HALLMARK_G2M_CHECKPOINT,HALLMARK_SECONDARY,SSGSEA_RANK_WALK,31,0.26290322580645165,0.15303055647914734,0.26922465254829925,0.1889822365046136,POSSIBLE_SAME_MARS_PROGRAM,EXCLUDE_PRIMARY_INDEPENDENT_AND_STRICT_SENSITIVITY,0.3060611129582947
GSE54514,SIG003,T1,T24,HALLMARK_GLYCOLYSIS,HALLMARK_SECONDARY,SSGSEA_RANK_WALK,31,0.4044354838709678,0.024029539557076093,0.42894049391731076,0.1889822365046136,POSSIBLE_SAME_MARS_PROGRAM,EXCLUDE_PRIMARY_INDEPENDENT_AND_STRICT_SENSITIVITY,0.12358048915067706
GSE54514,SIG003,T1,T24,HALLMARK_HEDGEHOG_SIGNALING,HALLMARK_SECONDARY,SSGSEA_RANK_WALK,31,-0.011290322580645162,0.9519323200315777,-0.011290802348354648,0.1889822365046136,POSSIBLE_SAME_MARS_PROGRAM,EXCLUDE_PRIMARY_INDEPENDENT_AND_STRICT_SENSITIVITY,0.9553621998932846
GSE54514,SIG003,T1,T24,HALLMARK_HEME_METABOLISM,HALLMARK_SECONDARY,SSGSEA_RANK_WALK,31,-0.15000000000000002,0.4205794798521948,-0.15114043593646684,0.1889822365046136,POSSIBLE_SAME_MARS_PROGRAM,EXCLUDE_PRIMARY_INDEPENDENT_AND_STRICT_SENSITIVITY,0.6017585170831107
GSE54514,SIG003,T1,T24,HALLMARK_HYPOXIA,HALLMARK_SECONDARY,SSGSEA_RANK_WALK,31,-0.014516129032258067,0.9382218324805423,-0.014517148764422602,0.1889822365046136,POSSIBLE_SAME_MARS_PROGRAM,EXCLUDE_PRIMARY_INDEPENDENT_AND_STRICT_SENSITIVITY,0.9553621998932846
GSE54514,SIG003,T1,T24,HALLMARK_IL2_STAT5_SIGNALING,HALLMARK_SECONDARY,SSGSEA_RANK_WALK,31,-0.6092741935483872,0.0002749159865572194,-0.7077662465789839,0.1889822365046136,POSSIBLE_SAME_MARS_PROGRAM,EXCLUDE_PRIMARY_INDEPENDENT_AND_STRICT_SENSITIVITY,0.003298991838686633
GSE54514,SIG003,T1,T24,HALLMARK_IL6_JAK_STAT3_SIGNALING,HALLMARK_SECONDARY,SSGSEA_RANK_WALK,31,0.06975806451612904,0.7092300152993535,0.069871547981993,0.1889822365046136,POSSIBLE_SAME_MARS_PROGRAM,EXCLUDE_PRIMARY_INDEPENDENT_AND_STRICT_SENSITIVITY,0.8236219532508621
GSE54514,SIG003,T1,T24,HALLMARK_INFLAMMATORY_RESPONSE,PRESET_PRIMARY,SSGSEA_RANK_WALK,31,-0.2995967741935484,0.10154787342356654,-0.3090765577871665,0.1889822365046136,POSSIBLE_SAME_MARS_PROGRAM,EXCLUDE_PRIMARY_INDEPENDENT_AND_STRICT_SENSITIVITY,0.2707943291295108
GSE54514,SIG003,T1,T24,HALLMARK_INTERFERON_ALPHA_RESPONSE,PRESET_PRIMARY,SSGSEA_RANK_WALK,31,-0.004838709677419356,0.9793899192479512,-0.004838747441032666,0.1889822365046136,POSSIBLE_SAME_MARS_PROGRAM,EXCLUDE_PRIMARY_INDEPENDENT_AND_STRICT_SENSITIVITY,0.9793899192479512
GSE54514,SIG003,T1,T24,HALLMARK_INTERFERON_GAMMA_RESPONSE,PRESET_PRIMARY,SSGSEA_RANK_WALK,31,-0.19475806451612906,0.29376355274670485,-0.19727810707887505,0.1889822365046136,POSSIBLE_SAME_MARS_PROGRAM,EXCLUDE_PRIMARY_INDEPENDENT_AND_STRICT_SENSITIVITY,0.47002168439472775
GSE54514,SIG003,T1,T24,HALLMARK_KRAS_SIGNALING_UP,HALLMARK_SECONDARY,SSGSEA_RANK_WALK,31,-0.2923387096774194,0.11051756123251046,-0.3011216167274021,0.1889822365046136,POSSIBLE_SAME_MARS_PROGRAM,EXCLUDE_PRIMARY_INDEPENDENT_AND_STRICT_SENSITIVITY,0.3060611129582947
GSE54514,SIG003,T1,T24,HALLMARK_MITOTIC_SPINDLE,HALLMARK_SECONDARY,SSGSEA_RANK_WALK,31,0.5459677419354839,0.001487559366847387,0.6126185574529771,0.1889822365046136,POSSIBLE_SAME_MARS_PROGRAM,EXCLUDE_PRIMARY_INDEPENDENT_AND_STRICT_SENSITIVITY,0.010710427441301186
GSE54514,SIG003,T1,T24,HALLMARK_MTORC1_SIGNALING,HALLMARK_SECONDARY,SSGSEA_RANK_WALK,31,0.2016129032258065,0.2767628754985212,0.20441322790543465,0.1889822365046136,POSSIBLE_SAME_MARS_PROGRAM,EXCLUDE_PRIMARY_INDEPENDENT_AND_STRICT_SENSITIVITY,0.5126470603345978
GSE54514,SIG003,T1,T24,HALLMARK_MYC_TARGETS_V1,HALLMARK_SECONDARY,SSGSEA_RANK_WALK,31,-0.28024193548387105,0.12676479037493318,-0.28794460855652637,0.1889822365046136,POSSIBLE_SAME_MARS_PROGRAM,EXCLUDE_PRIMARY_INDEPENDENT_AND_STRICT_SENSITIVITY,0.3060611129582947
GSE54514,SIG003,T1,T24,HALLMARK_MYC_TARGETS_V2,HALLMARK_SECONDARY,SSGSEA_RANK_WALK,31,-0.28709677419354845,0.11735514439325474,-0.2953993576860554,0.1889822365046136,POSSIBLE_SAME_MARS_PROGRAM,EXCLUDE_PRIMARY_INDEPENDENT_AND_STRICT_SENSITIVITY,0.3060611129582947
GSE54514,SIG003,T1,T24,HALLMARK_MYOGENESIS,HALLMARK_SECONDARY,SSGSEA_RANK_WALK,31,-0.30846774193548393,0.09134369863150149,-0.3188511347690751,0.1889822365046136,POSSIBLE_SAME_MARS_PROGRAM,EXCLUDE_PRIMARY_INDEPENDENT_AND_STRICT_SENSITIVITY,0.3060611129582947
GSE54514,SIG003,T1,T24,HALLMARK_NOTCH_SIGNALING,HALLMARK_SECONDARY,SSGSEA_RANK_WALK,31,-0.3233870967741936,0.07596673839260024,-0.3354251923114424,0.1889822365046136,POSSIBLE_SAME_MARS_PROGRAM,EXCLUDE_PRIMARY_INDEPENDENT_AND_STRICT_SENSITIVITY,0.3060611129582947
GSE54514,SIG003,T1,T24,HALLMARK_OXIDATIVE_PHOSPHORYLATION,PRESET_PRIMARY,SSGSEA_RANK_WALK,31,-0.04516129032258065,0.8093712112440687,-0.04519203073413451,0.1889822365046136,POSSIBLE_SAME_MARS_PROGRAM,EXCLUDE_PRIMARY_INDEPENDENT_AND_STRICT_SENSITIVITY,0.9249956699932215
GSE54514,SIG003,T1,T24,HALLMARK_P53_PATHWAY,HALLMARK_SECONDARY,SSGSEA_RANK_WALK,31,-0.09354838709677421,0.616686972815505,-0.09382271902335226,0.1889822365046136,POSSIBLE_SAME_MARS_PROGRAM,EXCLUDE_PRIMARY_INDEPENDENT_AND_STRICT_SENSITIVITY,0.765542449012351
GSE54514,SIG003,T1,T24,HALLMARK_PEROXISOME,HALLMARK_SECONDARY,SSGSEA_RANK_WALK,31,-0.1455645161290323,0.4346033734489133,-0.14660591179294447,0.1889822365046136,POSSIBLE_SAME_MARS_PROGRAM,EXCLUDE_PRIMARY_INDEPENDENT_AND_STRICT_SENSITIVITY,0.6017585170831107
GSE54514,SIG003,T1,T24,HALLMARK_PI3K_AKT_MTOR_SIGNALING,HALLMARK_SECONDARY,SSGSEA_RANK_WALK,31,0.31088709677419357,0.08870115395933177,0.3215271185941572,0.1889822365046136,POSSIBLE_SAME_MARS_PROGRAM,EXCLUDE_PRIMARY_INDEPENDENT_AND_STRICT_SENSITIVITY,0.3060611129582947
GSE54514,SIG003,T1,T24,HALLMARK_PROTEIN_SECRETION,HALLMARK_SECONDARY,SSGSEA_RANK_WALK,31,0.3056451612903226,0.09450192924994572,0.31573472462495217,0.1889822365046136,POSSIBLE_SAME_MARS_PROGRAM,EXCLUDE_PRIMARY_INDEPENDENT_AND_STRICT_SENSITIVITY,0.3060611129582947
GSE54514,SIG003,T1,T24,HALLMARK_REACTIVE_OXYGEN_SPECIES_PATHWAY,HALLMARK_SECONDARY,SSGSEA_RANK_WALK,31,0.04556451612903226,0.8077006326714742,0.045596088012340226,0.1889822365046136,POSSIBLE_SAME_MARS_PROGRAM,EXCLUDE_PRIMARY_INDEPENDENT_AND_STRICT_SENSITIVITY,0.9030549496907478
GSE54514,SIG003,T1,T24,HALLMARK_TGF_BETA_SIGNALING,HALLMARK_SECONDARY,SSGSEA_RANK_WALK,31,-0.4637096774193549,0.00860268185186722,-0.5020268530215486,0.1889822365046136,POSSIBLE_SAME_MARS_PROGRAM,EXCLUDE_PRIMARY_INDEPENDENT_AND_STRICT_SENSITIVITY,0.05161609111120332
GSE54514,SIG003,T1,T24,HALLMARK_TNFA_SIGNALING_VIA_NFKB,PRESET_PRIMARY,SSGSEA_RANK_WALK,31,-0.12661290322580646,0.4973147635433742,-0.1272960561279856,0.1889822365046136,POSSIBLE_SAME_MARS_PROGRAM,EXCLUDE_PRIMARY_INDEPENDENT_AND_STRICT_SENSITIVITY,0.6630863513911657
GSE54514,SIG003,T1,T24,HALLMARK_UNFOLDED_PROTEIN_RESPONSE,HALLMARK_SECONDARY,SSGSEA_RANK_WALK,31,-0.0407258064516129,0.8278003705498522,-0.040748344707828094,0.1889822365046136,POSSIBLE_SAME_MARS_PROGRAM,EXCLUDE_PRIMARY_INDEPENDENT_AND_STRICT_SENSITIVITY,0.9030549496907478
GSE54514,SIG003,T1,T24,HALLMARK_UV_RESPONSE_DN,HALLMARK_SECONDARY,SSGSEA_RANK_WALK,31,0.18870967741935485,0.30930312482867456,0.1909988610447987,0.1889822365046136,POSSIBLE_SAME_MARS_PROGRAM,EXCLUDE_PRIMARY_INDEPENDENT_AND_STRICT_SENSITIVITY,0.5126470603345978
GSE54514,SIG003,T1,T24,HALLMARK_UV_RESPONSE_UP,HALLMARK_SECONDARY,SSGSEA_RANK_WALK,31,-0.18185483870967745,0.3275245107693264,-0.18390030044253886,0.1889822365046136,POSSIBLE_SAME_MARS_PROGRAM,EXCLUDE_PRIMARY_INDEPENDENT_AND_STRICT_SENSITIVITY,0.5126470603345978
GSE54514,SIG003,T1,T24,HALLMARK_WNT_BETA_CATENIN_SIGNALING,HALLMARK_SECONDARY,SSGSEA_RANK_WALK,31,-0.6358870967741936,0.00012084618906177042,-0.7512382548947311,0.1889822365046136,POSSIBLE_SAME_MARS_PROGRAM,EXCLUDE_PRIMARY_INDEPENDENT_AND_STRICT_SENSITIVITY,0.0021752314031118674
GSE54514,SIG003,T1,T24,HALLMARK_XENOBIOTIC_METABOLISM,HALLMARK_SECONDARY,SSGSEA_RANK_WALK,31,0.010483870967741936,0.9553621998932846,0.010484255092578432,0.1889822365046136,POSSIBLE_SAME_MARS_PROGRAM,EXCLUDE_PRIMARY_INDEPENDENT_AND_STRICT_SENSITIVITY,0.9553621998932846
GSE54514,SIG003,T1,T24,Neutrophil degranulation,REACTOME_SUPPLEMENT,SSGSEA_RANK_WALK,31,0.5733870967741936,0.0007464766257705172,0.652554454382406,0.1889822365046136,POSSIBLE_SAME_MARS_PROGRAM,EXCLUDE_PRIMARY_INDEPENDENT_AND_STRICT_SENSITIVITY,0.001487559366847387
GSE54514,SIG003,T1,T24,TCR signaling,REACTOME_SUPPLEMENT,SSGSEA_RANK_WALK,31,-0.5459677419354839,0.001487559366847387,-0.6126185574529771,0.1889822365046136,POSSIBLE_SAME_MARS_PROGRAM,EXCLUDE_PRIMARY_INDEPENDENT_AND_STRICT_SENSITIVITY,0.001487559366847387
GSE54514,SIG003,T2,T48,HALLMARK_ADIPOGENESIS,HALLMARK_SECONDARY,SSGSEA_RANK_WALK,28,0.2386425834701697,0.22134107055192595,0.24333422685504727,0.2,POSSIBLE_SAME_MARS_PROGRAM,EXCLUDE_PRIMARY_INDEPENDENT_AND_STRICT_SENSITIVITY,0.27476822551273566
GSE54514,SIG003,T2,T48,HALLMARK_ALLOGRAFT_REJECTION,PRESET_PRIMARY,SSGSEA_RANK_WALK,28,-0.7153804050355775,1.8797105694398515e-05,-0.8981183056702468,0.2,POSSIBLE_SAME_MARS_PROGRAM,EXCLUDE_PRIMARY_INDEPENDENT_AND_STRICT_SENSITIVITY,0.00015037684555518812
GSE54514,SIG003,T2,T48,HALLMARK_ANDROGEN_RESPONSE,HALLMARK_SECONDARY,SSGSEA_RANK_WALK,28,0.4389709906951286,0.019441712969244164,0.47095546657868637,0.2,POSSIBLE_SAME_MARS_PROGRAM,EXCLUDE_PRIMARY_INDEPENDENT_AND_STRICT_SENSITIVITY,0.04666011112618599
GSE54514,SIG003,T2,T48,HALLMARK_APICAL_JUNCTION,HALLMARK_SECONDARY,SSGSEA_RANK_WALK,28,-0.29337712096332785,0.1297231167959181,-0.30225744317013264,0.2,POSSIBLE_SAME_MARS_PROGRAM,EXCLUDE_PRIMARY_INDEPENDENT_AND_STRICT_SENSITIVITY,0.19458467519387715
GSE54514,SIG003,T2,T48,HALLMARK_APICAL_SURFACE,HALLMARK_SECONDARY,SSGSEA_RANK_WALK,28,-0.666119321291735,0.00010910489450881361,-0.8037343809071097,0.2,POSSIBLE_SAME_MARS_PROGRAM,EXCLUDE_PRIMARY_INDEPENDENT_AND_STRICT_SENSITIVITY,0.001963888101158645
GSE54514,SIG003,T2,T48,HALLMARK_APOPTOSIS,PRESET_PRIMARY,SSGSEA_RANK_WALK,28,-0.22495894909688013,0.24976255741854586,-0.22887330730910274,0.2,POSSIBLE_SAME_MARS_PROGRAM,EXCLUDE_PRIMARY_INDEPENDENT_AND_STRICT_SENSITIVITY,0.4995251148370917
GSE54514,SIG003,T2,T48,HALLMARK_BILE_ACID_METABOLISM,HALLMARK_SECONDARY,SSGSEA_RANK_WALK,28,0.3333333333333333,0.08302735681557931,0.34657359027997264,0.2,POSSIBLE_SAME_MARS_PROGRAM,EXCLUDE_PRIMARY_INDEPENDENT_AND_STRICT_SENSITIVITY,0.14233261168385022
GSE54514,SIG003,T2,T48,HALLMARK_CHOLESTEROL_HOMEOSTASIS,HALLMARK_SECONDARY,SSGSEA_RANK_WALK,28,0.5648604269293924,0.0017380543339452405,0.6399425388339899,0.2,POSSIBLE_SAME_MARS_PROGRAM,EXCLUDE_PRIMARY_INDEPENDENT_AND_STRICT_SENSITIVITY,0.008327994489219094
GSE54514,SIG003,T2,T48,HALLMARK_COMPLEMENT,PRESET_PRIMARY,SSGSEA_RANK_WALK,28,0.05582922824302135,0.7778118952527077,0.05588734172013448,0.2,POSSIBLE_SAME_MARS_PROGRAM,EXCLUDE_PRIMARY_INDEPENDENT_AND_STRICT_SENSITIVITY,0.801272087786034
GSE54514,SIG003,T2,T48,HALLMARK_DNA_REPAIR,HALLMARK_SECONDARY,SSGSEA_RANK_WALK,28,-0.6403940886699507,0.00024198233342723378,-0.7588415244160264,0.2,POSSIBLE_SAME_MARS_PROGRAM,EXCLUDE_PRIMARY_INDEPENDENT_AND_STRICT_SENSITIVITY,0.0022858553286311447
GSE54514,SIG003,T2,T48,HALLMARK_E2F_TARGETS,HALLMARK_SECONDARY,SSGSEA_RANK_WALK,28,0.18500273672687464,0.3459466143517801,0.1871578038762906,0.2,POSSIBLE_SAME_MARS_PROGRAM,EXCLUDE_PRIMARY_INDEPENDENT_AND_STRICT_SENSITIVITY,0.3891899411457526
GSE54514,SIG003,T2,T48,HALLMARK_EPITHELIAL_MESENCHYMAL_TRANSITION,HALLMARK_SECONDARY,SSGSEA_RANK_WALK,28,-0.1417624521072797,0.4717820209116317,-0.1427237173251823,0.2,POSSIBLE_SAME_MARS_PROGRAM,EXCLUDE_PRIMARY_INDEPENDENT_AND_STRICT_SENSITIVITY,0.5013660007545697
GSE54514,SIG003,T2,T48,HALLMARK_ESTROGEN_RESPONSE_LATE,HALLMARK_SECONDARY,SSGSEA_RANK_WALK,28,0.37766830870279144,0.047547035822892145,0.3973372506923899,0.2,POSSIBLE_SAME_MARS_PROGRAM,EXCLUDE_PRIMARY_INDEPENDENT_AND_STRICT_SENSITIVITY,0.09008912050653249
GSE54514,SIG003,T2,T48,HALLMARK_FATTY_ACID_METABOLISM,HALLMARK_SECONDARY,SSGSEA_RANK_WALK,28,0.061850027367268745,0.7545407778923472,0.061929076449824365,0.2,POSSIBLE_SAME_MARS_PROGRAM,EXCLUDE_PRIMARY_INDEPENDENT_AND_STRICT_SENSITIVITY,0.7545407778923472
GSE54514,SIG003,T2,T48,HALLMARK_G2M_CHECKPOINT,HALLMARK_SECONDARY,SSGSEA_RANK_WALK,28,0.3393541324575807,0.07728256059648708,0.35336242117257005,0.2,POSSIBLE_SAME_MARS_PROGRAM,EXCLUDE_PRIMARY_INDEPENDENT_AND_STRICT_SENSITIVITY,0.13910860907367675
GSE54514,SIG003,T2,T48,HALLMARK_GLYCOLYSIS,HALLMARK_SECONDARY,SSGSEA_RANK_WALK,28,0.5621237000547346,0.0018506654420486874,0.6359325351844273,0.2,POSSIBLE_SAME_MARS_PROGRAM,EXCLUDE_PRIMARY_INDEPENDENT_AND_STRICT_SENSITIVITY,0.008327994489219094
GSE54514,SIG003,T2,T48,HALLMARK_HEDGEHOG_SIGNALING,HALLMARK_SECONDARY,SSGSEA_RANK_WALK,28,-0.08374384236453201,0.6718042744345669,-0.08394043631958015,0.2,POSSIBLE_SAME_MARS_PROGRAM,EXCLUDE_PRIMARY_INDEPENDENT_AND_STRICT_SENSITIVITY,0.6909986822755546
GSE54514,SIG003,T2,T48,HALLMARK_HEME_METABOLISM,HALLMARK_SECONDARY,SSGSEA_RANK_WALK,28,-0.20142309797482214,0.30403452841109274,-0.20421538849324308,0.2,POSSIBLE_SAME_MARS_PROGRAM,EXCLUDE_PRIMARY_INDEPENDENT_AND_STRICT_SENSITIVITY,0.3530723555741722
GSE54514,SIG003,T2,T48,HALLMARK_HYPOXIA,HALLMARK_SECONDARY,SSGSEA_RANK_WALK,28,0.4521072796934866,0.015718230464180298,0.48734578741125956,0.2,POSSIBLE_SAME_MARS_PROGRAM,EXCLUDE_PRIMARY_INDEPENDENT_AND_STRICT_SENSITIVITY,0.0404183069078922
GSE54514,SIG003,T2,T48,HALLMARK_IL2_STAT5_SIGNALING,HALLMARK_SECONDARY,SSGSEA_RANK_WALK,28,-0.46469622331691296,0.012723781450159921,-0.5032843756066508,0.2,POSSIBLE_SAME_MARS_PROGRAM,EXCLUDE_PRIMARY_INDEPENDENT_AND_STRICT_SENSITIVITY,0.0404183069078922
GSE54514,SIG003,T2,T48,HALLMARK_IL6_JAK_STAT3_SIGNALING,HALLMARK_SECONDARY,SSGSEA_RANK_WALK,28,0.45265462506841814,0.015576904110953398,0.4880339679550078,0.2,POSSIBLE_SAME_MARS_PROGRAM,EXCLUDE_PRIMARY_INDEPENDENT_AND_STRICT_SENSITIVITY,0.0404183069078922
GSE54514,SIG003,T2,T48,HALLMARK_INFLAMMATORY_RESPONSE,PRESET_PRIMARY,SSGSEA_RANK_WALK,28,-0.08483853311439518,0.6677549486123326,-0.08504296062264319,0.2,POSSIBLE_SAME_MARS_PROGRAM,EXCLUDE_PRIMARY_INDEPENDENT_AND_STRICT_SENSITIVITY,0.801272087786034
GSE54514,SIG003,T2,T48,HALLMARK_INTERFERON_ALPHA_RESPONSE,PRESET_PRIMARY,SSGSEA_RANK_WALK,28,-0.3940886699507389,0.037979946272188043,-0.41663127113541,0.2,POSSIBLE_SAME_MARS_PROGRAM,EXCLUDE_PRIMARY_INDEPENDENT_AND_STRICT_SENSITIVITY,0.10127985672583478
GSE54514,SIG003,T2,T48,HALLMARK_INTERFERON_GAMMA_RESPONSE,PRESET_PRIMARY,SSGSEA_RANK_WALK,28,-0.42638204707170224,0.02366190508712098,-0.4554664464019015,0.2,POSSIBLE_SAME_MARS_PROGRAM,EXCLUDE_PRIMARY_INDEPENDENT_AND_STRICT_SENSITIVITY,0.09464762034848392
GSE54514,SIG003,T2,T48,HALLMARK_KRAS_SIGNALING_UP,HALLMARK_SECONDARY,SSGSEA_RANK_WALK,28,-0.2616310892172961,0.17866818689980496,-0.2678585496114965,0.2,POSSIBLE_SAME_MARS_PROGRAM,EXCLUDE_PRIMARY_INDEPENDENT_AND_STRICT_SENSITIVITY,0.23822424919973995
GSE54514,SIG003,T2,T48,HALLMARK_MITOTIC_SPINDLE,HALLMARK_SECONDARY,SSGSEA_RANK_WALK,28,0.5938697318007663,0.000863111591056506,0.6836230830745981,0.2,POSSIBLE_SAME_MARS_PROGRAM,EXCLUDE_PRIMARY_INDEPENDENT_AND_STRICT_SENSITIVITY,0.005178669546339036
GSE54514,SIG003,T2,T48,HALLMARK_MTORC1_SIGNALING,HALLMARK_SECONDARY,SSGSEA_RANK_WALK,28,0.4570333880678708,0.01448370395097355,0.493554945835092,0.2,POSSIBLE_SAME_MARS_PROGRAM,EXCLUDE_PRIMARY_INDEPENDENT_AND_STRICT_SENSITIVITY,0.0404183069078922
GSE54514,SIG003,T2,T48,HALLMARK_MYC_TARGETS_V1,HALLMARK_SECONDARY,SSGSEA_RANK_WALK,28,-0.38970990695128627,0.040365738507331446,-0.4114579489052297,0.2,POSSIBLE_SAME_MARS_PROGRAM,EXCLUDE_PRIMARY_INDEPENDENT_AND_STRICT_SENSITIVITY,0.08134436276594573
GSE54514,SIG003,T2,T48,HALLMARK_MYC_TARGETS_V2,HALLMARK_SECONDARY,SSGSEA_RANK_WALK,28,-0.6097427476737821,0.0005718169782113168,-0.7085117590698495,0.2,POSSIBLE_SAME_MARS_PROGRAM,EXCLUDE_PRIMARY_INDEPENDENT_AND_STRICT_SENSITIVITY,0.004117082243121481
GSE54514,SIG003,T2,T48,HALLMARK_MYOGENESIS,HALLMARK_SECONDARY,SSGSEA_RANK_WALK,28,-0.26327312534209085,0.1758582471470262,-0.2696220587116585,0.2,POSSIBLE_SAME_MARS_PROGRAM,EXCLUDE_PRIMARY_INDEPENDENT_AND_STRICT_SENSITIVITY,0.23822424919973995
GSE54514,SIG003,T2,T48,HALLMARK_NOTCH_SIGNALING,HALLMARK_SECONDARY,SSGSEA_RANK_WALK,28,-0.2742200328407225,0.15791517476134653,-0.2814213190527603,0.2,POSSIBLE_SAME_MARS_PROGRAM,EXCLUDE_PRIMARY_INDEPENDENT_AND_STRICT_SENSITIVITY,0.227397851656339
GSE54514,SIG003,T2,T48,HALLMARK_OXIDATIVE_PHOSPHORYLATION,PRESET_PRIMARY,SSGSEA_RANK_WALK,28,0.04980842911877395,0.801272087786034,0.049849680111544024,0.2,POSSIBLE_SAME_MARS_PROGRAM,EXCLUDE_PRIMARY_INDEPENDENT_AND_STRICT_SENSITIVITY,0.801272087786034
GSE54514,SIG003,T2,T48,HALLMARK_P53_PATHWAY,HALLMARK_SECONDARY,SSGSEA_RANK_WALK,28,-0.2430213464696223,0.21272682858849018,-0.2479826052204001,0.2,POSSIBLE_SAME_MARS_PROGRAM,EXCLUDE_PRIMARY_INDEPENDENT_AND_STRICT_SENSITIVITY,0.27350592247091593
GSE54514,SIG003,T2,T48,HALLMARK_PEROXISOME,HALLMARK_SECONDARY,SSGSEA_RANK_WALK,28,0.1412151067323481,0.4735123340459825,0.1421651907499346,0.2,POSSIBLE_SAME_MARS_PROGRAM,EXCLUDE_PRIMARY_INDEPENDENT_AND_STRICT_SENSITIVITY,0.5013660007545697
GSE54514,SIG003,T2,T48,HALLMARK_PI3K_AKT_MTOR_SIGNALING,HALLMARK_SECONDARY,SSGSEA_RANK_WALK,28,0.45539135194307606,0.014885948450377566,0.49148132704221353,0.2,POSSIBLE_SAME_MARS_PROGRAM,EXCLUDE_PRIMARY_INDEPENDENT_AND_STRICT_SENSITIVITY,0.0404183069078922
GSE54514,SIG003,T2,T48,HALLMARK_PROTEIN_SECRETION,HALLMARK_SECONDARY,SSGSEA_RANK_WALK,28,0.638752052545156,0.0002539839254034605,0.7560628649795512,0.2,POSSIBLE_SAME_MARS_PROGRAM,EXCLUDE_PRIMARY_INDEPENDENT_AND_STRICT_SENSITIVITY,0.0022858553286311447
GSE54514,SIG003,T2,T48,HALLMARK_REACTIVE_OXYGEN_SPECIES_PATHWAY,HALLMARK_SECONDARY,SSGSEA_RANK_WALK,28,0.31800766283524906,0.09911705906511584,0.3294290535406566,0.2,POSSIBLE_SAME_MARS_PROGRAM,EXCLUDE_PRIMARY_INDEPENDENT_AND_STRICT_SENSITIVITY,0.15513974462365956
GSE54514,SIG003,T2,T48,HALLMARK_TGF_BETA_SIGNALING,HALLMARK_SECONDARY,SSGSEA_RANK_WALK,28,-0.3891625615763547,0.04067218138297286,-0.4108127526665384,0.2,POSSIBLE_SAME_MARS_PROGRAM,EXCLUDE_PRIMARY_INDEPENDENT_AND_STRICT_SENSITIVITY,0.08134436276594573
GSE54514,SIG003,T2,T48,HALLMARK_TNFA_SIGNALING_VIA_NFKB,PRESET_PRIMARY,SSGSEA_RANK_WALK,28,0.1598248494800219,0.4165635018979432,0.16120694912350078,0.2,POSSIBLE_SAME_MARS_PROGRAM,EXCLUDE_PRIMARY_INDEPENDENT_AND_STRICT_SENSITIVITY,0.6665016030367091
GSE54514,SIG003,T2,T48,HALLMARK_UNFOLDED_PROTEIN_RESPONSE,HALLMARK_SECONDARY,SSGSEA_RANK_WALK,28,-0.2282430213464696,0.24273266653669612,-0.23233514163518645,0.2,POSSIBLE_SAME_MARS_PROGRAM,EXCLUDE_PRIMARY_INDEPENDENT_AND_STRICT_SENSITIVITY,0.29127919984403533
GSE54514,SIG003,T2,T48,HALLMARK_UV_RESPONSE_DN,HALLMARK_SECONDARY,SSGSEA_RANK_WALK,28,0.47016967706622875,0.011578822897968757,0.5102881449033029,0.2,POSSIBLE_SAME_MARS_PROGRAM,EXCLUDE_PRIMARY_INDEPENDENT_AND_STRICT_SENSITIVITY,0.0404183069078922
GSE54514,SIG003,T2,T48,HALLMARK_UV_RESPONSE_UP,HALLMARK_SECONDARY,SSGSEA_RANK_WALK,28,-0.3196496989600438,0.09728907104170116,-0.33125689333522995,0.2,POSSIBLE_SAME_MARS_PROGRAM,EXCLUDE_PRIMARY_INDEPENDENT_AND_STRICT_SENSITIVITY,0.15513974462365956
GSE54514,SIG003,T2,T48,HALLMARK_WNT_BETA_CATENIN_SIGNALING,HALLMARK_SECONDARY,SSGSEA_RANK_WALK,28,-0.6830870279146142,6.18168786825761e-05,-0.8348788513338116,0.2,POSSIBLE_SAME_MARS_PROGRAM,EXCLUDE_PRIMARY_INDEPENDENT_AND_STRICT_SENSITIVITY,0.001963888101158645
GSE54514,SIG003,T2,T48,HALLMARK_XENOBIOTIC_METABOLISM,HALLMARK_SECONDARY,SSGSEA_RANK_WALK,28,0.41160372194854955,0.02954005612745382,0.4375405326597908,0.2,POSSIBLE_SAME_MARS_PROGRAM,EXCLUDE_PRIMARY_INDEPENDENT_AND_STRICT_SENSITIVITY,0.06646512628677109
GSE54514,SIG003,T2,T48,Neutrophil degranulation,REACTOME_SUPPLEMENT,SSGSEA_RANK_WALK,28,0.5539135194307608,0.0022271128620490206,0.6240095216160543,0.2,POSSIBLE_SAME_MARS_PROGRAM,EXCLUDE_PRIMARY_INDEPENDENT_AND_STRICT_SENSITIVITY,0.004454225724098041
GSE54514,SIG003,T2,T48,TCR signaling,REACTOME_SUPPLEMENT,SSGSEA_RANK_WALK,28,-0.44991789819376027,0.016294184941779633,-0.4845973343894468,0.2,POSSIBLE_SAME_MARS_PROGRAM,EXCLUDE_PRIMARY_INDEPENDENT_AND_STRICT_SENSITIVITY,0.016294184941779633
GSE54514,SIG004,T1,T24,HALLMARK_ADIPOGENESIS,HALLMARK_SECONDARY,SSGSEA_RANK_WALK,31,0.07580645161290324,0.6852483330342398,0.07595216460044209,0.1889822365046136,POSSIBLE_SAME_MARS_PROGRAM,EXCLUDE_PRIMARY_INDEPENDENT_AND_STRICT_SENSITIVITY,0.7562293751231532
GSE54514,SIG004,T1,T24,HALLMARK_ALLOGRAFT_REJECTION,PRESET_PRIMARY,SSGSEA_RANK_WALK,31,0.6358870967741936,0.00012084618906177042,0.7512382548947311,0.1889822365046136,POSSIBLE_SAME_MARS_PROGRAM,EXCLUDE_PRIMARY_INDEPENDENT_AND_STRICT_SENSITIVITY,0.0009667695124941633
GSE54514,SIG004,T1,T24,HALLMARK_ANDROGEN_RESPONSE,HALLMARK_SECONDARY,SSGSEA_RANK_WALK,31,-0.0903225806451613,0.6289406065819896,-0.0905694122724526,0.1889822365046136,POSSIBLE_SAME_MARS_PROGRAM,EXCLUDE_PRIMARY_INDEPENDENT_AND_STRICT_SENSITIVITY,0.7562293751231532
GSE54514,SIG004,T1,T24,HALLMARK_APICAL_JUNCTION,HALLMARK_SECONDARY,SSGSEA_RANK_WALK,31,0.1528225806451613,0.41178793916869205,0.1540292457386557,0.1889822365046136,POSSIBLE_SAME_MARS_PROGRAM,EXCLUDE_PRIMARY_INDEPENDENT_AND_STRICT_SENSITIVITY,0.677927794444425
GSE54514,SIG004,T1,T24,HALLMARK_APICAL_SURFACE,HALLMARK_SECONDARY,SSGSEA_RANK_WALK,31,0.5689516129032259,0.0008379646541111084,0.6459712809797544,0.1889822365046136,POSSIBLE_SAME_MARS_PROGRAM,EXCLUDE_PRIMARY_INDEPENDENT_AND_STRICT_SENSITIVITY,0.0100555758493333
GSE54514,SIG004,T1,T24,HALLMARK_APOPTOSIS,PRESET_PRIMARY,SSGSEA_RANK_WALK,31,0.43629032258064515,0.014139670392290258,0.4676397705279257,0.1889822365046136,POSSIBLE_SAME_MARS_PROGRAM,EXCLUDE_PRIMARY_INDEPENDENT_AND_STRICT_SENSITIVITY,0.05655868156916103
GSE54514,SIG004,T1,T24,HALLMARK_BILE_ACID_METABOLISM,HALLMARK_SECONDARY,SSGSEA_RANK_WALK,31,-0.1810483870967742,0.32971070202871466,-0.1830663926236744,0.1889822365046136,POSSIBLE_SAME_MARS_PROGRAM,EXCLUDE_PRIMARY_INDEPENDENT_AND_STRICT_SENSITIVITY,0.6247150143701962
GSE54514,SIG004,T1,T24,HALLMARK_CHOLESTEROL_HOMEOSTASIS,HALLMARK_SECONDARY,SSGSEA_RANK_WALK,31,-0.360483870967742,0.046353474493935065,-0.37744193045556024,0.1889822365046136,POSSIBLE_SAME_MARS_PROGRAM,EXCLUDE_PRIMARY_INDEPENDENT_AND_STRICT_SENSITIVITY,0.2358759418440069
GSE54514,SIG004,T1,T24,HALLMARK_COMPLEMENT,PRESET_PRIMARY,SSGSEA_RANK_WALK,31,0.3536290322580646,0.05098653676804838,0.3695854221852411,0.1889822365046136,POSSIBLE_SAME_MARS_PROGRAM,EXCLUDE_PRIMARY_INDEPENDENT_AND_STRICT_SENSITIVITY,0.10197307353609676
GSE54514,SIG004,T1,T24,HALLMARK_DNA_REPAIR,HALLMARK_SECONDARY,SSGSEA_RANK_WALK,31,0.31693548387096776,0.08235011032018762,0.32823669915920534,0.1889822365046136,POSSIBLE_SAME_MARS_PROGRAM,EXCLUDE_PRIMARY_INDEPENDENT_AND_STRICT_SENSITIVITY,0.2468422468917737
GSE54514,SIG004,T1,T24,HALLMARK_E2F_TARGETS,HALLMARK_SECONDARY,SSGSEA_RANK_WALK,31,0.11088709677419356,0.5526070423345822,0.11134496685303426,0.1889822365046136,POSSIBLE_SAME_MARS_PROGRAM,EXCLUDE_PRIMARY_INDEPENDENT_AND_STRICT_SENSITIVITY,0.7562293751231532
GSE54514,SIG004,T1,T24,HALLMARK_EPITHELIAL_MESENCHYMAL_TRANSITION,HALLMARK_SECONDARY,SSGSEA_RANK_WALK,31,0.07379032258064516,0.6932102605295571,0.07392469156241699,0.1889822365046136,POSSIBLE_SAME_MARS_PROGRAM,EXCLUDE_PRIMARY_INDEPENDENT_AND_STRICT_SENSITIVITY,0.7562293751231532
GSE54514,SIG004,T1,T24,HALLMARK_ESTROGEN_RESPONSE_LATE,HALLMARK_SECONDARY,SSGSEA_RANK_WALK,31,-0.08306451612903226,0.6568637608973711,-0.08325635138635076,0.1889822365046136,POSSIBLE_SAME_MARS_PROGRAM,EXCLUDE_PRIMARY_INDEPENDENT_AND_STRICT_SENSITIVITY,0.7562293751231532
GSE54514,SIG004,T1,T24,HALLMARK_FATTY_ACID_METABOLISM,HALLMARK_SECONDARY,SSGSEA_RANK_WALK,31,0.3173387096774194,0.08193946664684124,0.32868501473396744,0.1889822365046136,POSSIBLE_SAME_MARS_PROGRAM,EXCLUDE_PRIMARY_INDEPENDENT_AND_STRICT_SENSITIVITY,0.2468422468917737
GSE54514,SIG004,T1,T24,HALLMARK_G2M_CHECKPOINT,HALLMARK_SECONDARY,SSGSEA_RANK_WALK,31,-0.051209677419354845,0.784402860023638,-0.05125451260306963,0.1889822365046136,POSSIBLE_SAME_MARS_PROGRAM,EXCLUDE_PRIMARY_INDEPENDENT_AND_STRICT_SENSITIVITY,0.8305442047309108
GSE54514,SIG004,T1,T24,HALLMARK_GLYCOLYSIS,HALLMARK_SECONDARY,SSGSEA_RANK_WALK,31,-0.29758064516129035,0.10398241067077973,-0.30686308506994026,0.1889822365046136,POSSIBLE_SAME_MARS_PROGRAM,EXCLUDE_PRIMARY_INDEPENDENT_AND_STRICT_SENSITIVITY,0.26738334172486217
GSE54514,SIG004,T1,T24,HALLMARK_HEDGEHOG_SIGNALING,HALLMARK_SECONDARY,SSGSEA_RANK_WALK,31,-0.08185483870967743,0.6615633818161167,-0.08203839218094228,0.1889822365046136,POSSIBLE_SAME_MARS_PROGRAM,EXCLUDE_PRIMARY_INDEPENDENT_AND_STRICT_SENSITIVITY,0.7562293751231532
GSE54514,SIG004,T1,T24,HALLMARK_HEME_METABOLISM,HALLMARK_SECONDARY,SSGSEA_RANK_WALK,31,0.2584677419354839,0.16033742308928525,0.2644657588332292,0.1889822365046136,POSSIBLE_SAME_MARS_PROGRAM,EXCLUDE_PRIMARY_INDEPENDENT_AND_STRICT_SENSITIVITY,0.3599870695260937
GSE54514,SIG004,T1,T24,HALLMARK_HYPOXIA,HALLMARK_SECONDARY,SSGSEA_RANK_WALK,31,-0.15201612903225808,0.4142892077160375,-0.15320361326403667,0.1889822365046136,POSSIBLE_SAME_MARS_PROGRAM,EXCLUDE_PRIMARY_INDEPENDENT_AND_STRICT_SENSITIVITY,0.677927794444425
GSE54514,SIG004,T1,T24,HALLMARK_IL2_STAT5_SIGNALING,HALLMARK_SECONDARY,SSGSEA_RANK_WALK,31,0.6185483870967743,0.00020819308919908263,0.7226504801522027,0.1889822365046136,POSSIBLE_SAME_MARS_PROGRAM,EXCLUDE_PRIMARY_INDEPENDENT_AND_STRICT_SENSITIVITY,0.007494951211166974
GSE54514,SIG004,T1,T24,HALLMARK_IL6_JAK_STAT3_SIGNALING,HALLMARK_SECONDARY,SSGSEA_RANK_WALK,31,-0.25282258064516133,0.1699938939428776,-0.25842584155384385,0.1889822365046136,POSSIBLE_SAME_MARS_PROGRAM,EXCLUDE_PRIMARY_INDEPENDENT_AND_STRICT_SENSITIVITY,0.3599870695260937
GSE54514,SIG004,T1,T24,HALLMARK_INFLAMMATORY_RESPONSE,PRESET_PRIMARY,SSGSEA_RANK_WALK,31,0.1810483870967742,0.32971070202871466,0.1830663926236744,0.1889822365046136,POSSIBLE_SAME_MARS_PROGRAM,EXCLUDE_PRIMARY_INDEPENDENT_AND_STRICT_SENSITIVITY,0.37681223088995963
GSE54514,SIG004,T1,T24,HALLMARK_INTERFERON_ALPHA_RESPONSE,PRESET_PRIMARY,SSGSEA_RANK_WALK,31,0.18508064516129033,0.31886914501293834,0.18723847450764816,0.1889822365046136,POSSIBLE_SAME_MARS_PROGRAM,EXCLUDE_PRIMARY_INDEPENDENT_AND_STRICT_SENSITIVITY,0.37681223088995963
GSE54514,SIG004,T1,T24,HALLMARK_INTERFERON_GAMMA_RESPONSE,PRESET_PRIMARY,SSGSEA_RANK_WALK,31,0.3685483870967742,0.04133927979879279,0.3867422846217116,0.1889822365046136,POSSIBLE_SAME_MARS_PROGRAM,EXCLUDE_PRIMARY_INDEPENDENT_AND_STRICT_SENSITIVITY,0.10197307353609676
GSE54514,SIG004,T1,T24,HALLMARK_KRAS_SIGNALING_UP,HALLMARK_SECONDARY,SSGSEA_RANK_WALK,31,0.48951612903225816,0.0051907547622266235,0.535423779027532,0.1889822365046136,POSSIBLE_SAME_MARS_PROGRAM,EXCLUDE_PRIMARY_INDEPENDENT_AND_STRICT_SENSITIVITY,0.04671679286003961
GSE54514,SIG004,T1,T24,HALLMARK_MITOTIC_SPINDLE,HALLMARK_SECONDARY,SSGSEA_RANK_WALK,31,-0.35161290322580646,0.05241687596533487,-0.36728300593153096,0.1889822365046136,POSSIBLE_SAME_MARS_PROGRAM,EXCLUDE_PRIMARY_INDEPENDENT_AND_STRICT_SENSITIVITY,0.2358759418440069
GSE54514,SIG004,T1,T24,HALLMARK_MTORC1_SIGNALING,HALLMARK_SECONDARY,SSGSEA_RANK_WALK,31,-0.01088709677419355,0.9536471583154607,-0.010887526949902046,0.1889822365046136,POSSIBLE_SAME_MARS_PROGRAM,EXCLUDE_PRIMARY_INDEPENDENT_AND_STRICT_SENSITIVITY,0.9808942199816166
GSE54514,SIG004,T1,T24,HALLMARK_MYC_TARGETS_V1,HALLMARK_SECONDARY,SSGSEA_RANK_WALK,31,0.4322580645161291,0.01516227243216439,0.46267028369703656,0.1889822365046136,POSSIBLE_SAME_MARS_PROGRAM,EXCLUDE_PRIMARY_INDEPENDENT_AND_STRICT_SENSITIVITY,0.1091683615115836
GSE54514,SIG004,T1,T24,HALLMARK_MYC_TARGETS_V2,HALLMARK_SECONDARY,SSGSEA_RANK_WALK,31,0.310483870967742,0.08913747804425161,0.3210808129135389,0.1889822365046136,POSSIBLE_SAME_MARS_PROGRAM,EXCLUDE_PRIMARY_INDEPENDENT_AND_STRICT_SENSITIVITY,0.2468422468917737
GSE54514,SIG004,T1,T24,HALLMARK_MYOGENESIS,HALLMARK_SECONDARY,SSGSEA_RANK_WALK,31,0.13266129032258067,0.4768193896351455,0.13344784891825684,0.1889822365046136,POSSIBLE_SAME_MARS_PROGRAM,EXCLUDE_PRIMARY_INDEPENDENT_AND_STRICT_SENSITIVITY,0.7152290844527182
GSE54514,SIG004,T1,T24,HALLMARK_NOTCH_SIGNALING,HALLMARK_SECONDARY,SSGSEA_RANK_WALK,31,0.1899193548387097,0.3061548076811116,0.19225350506400252,0.1889822365046136,POSSIBLE_SAME_MARS_PROGRAM,EXCLUDE_PRIMARY_INDEPENDENT_AND_STRICT_SENSITIVITY,0.6123096153622232
GSE54514,SIG004,T1,T24,HALLMARK_OXIDATIVE_PHOSPHORYLATION,PRESET_PRIMARY,SSGSEA_RANK_WALK,31,0.13991935483870968,0.4528159402963061,0.14084331961111987,0.1889822365046136,POSSIBLE_SAME_MARS_PROGRAM,EXCLUDE_PRIMARY_INDEPENDENT_AND_STRICT_SENSITIVITY,0.4528159402963061
GSE54514,SIG004,T1,T24,HALLMARK_P53_PATHWAY,HALLMARK_SECONDARY,SSGSEA_RANK_WALK,31,-0.004435483870967742,0.9811071080676426,-0.004435512958500459,0.1889822365046136,POSSIBLE_SAME_MARS_PROGRAM,EXCLUDE_PRIMARY_INDEPENDENT_AND_STRICT_SENSITIVITY,0.9811071080676427
GSE54514,SIG004,T1,T24,HALLMARK_PEROXISOME,HALLMARK_SECONDARY,SSGSEA_RANK_WALK,31,0.1717741935483871,0.35549187455410935,0.17349422682086232,0.1889822365046136,POSSIBLE_SAME_MARS_PROGRAM,EXCLUDE_PRIMARY_INDEPENDENT_AND_STRICT_SENSITIVITY,0.6398853741973969
GSE54514,SIG004,T1,T24,HALLMARK_PI3K_AKT_MTOR_SIGNALING,HALLMARK_SECONDARY,SSGSEA_RANK_WALK,31,-0.35887096774193555,0.04741218357779173,-0.37558936406606513,0.1889822365046136,POSSIBLE_SAME_MARS_PROGRAM,EXCLUDE_PRIMARY_INDEPENDENT_AND_STRICT_SENSITIVITY,0.2358759418440069
GSE54514,SIG004,T1,T24,HALLMARK_PROTEIN_SECRETION,HALLMARK_SECONDARY,SSGSEA_RANK_WALK,31,-0.09677419354838711,0.6045336455033253,-0.09707800722047875,0.1889822365046136,POSSIBLE_SAME_MARS_PROGRAM,EXCLUDE_PRIMARY_INDEPENDENT_AND_STRICT_SENSITIVITY,0.7562293751231532
GSE54514,SIG004,T1,T24,HALLMARK_REACTIVE_OXYGEN_SPECIES_PATHWAY,HALLMARK_SECONDARY,SSGSEA_RANK_WALK,31,0.0870967741935484,0.6412918148132429,0.08731801635456207,0.1889822365046136,POSSIBLE_SAME_MARS_PROGRAM,EXCLUDE_PRIMARY_INDEPENDENT_AND_STRICT_SENSITIVITY,0.7562293751231532
GSE54514,SIG004,T1,T24,HALLMARK_TGF_BETA_SIGNALING,HALLMARK_SECONDARY,SSGSEA_RANK_WALK,31,0.328225806451613,0.07143542219257844,0.3408385440053989,0.1889822365046136,POSSIBLE_SAME_MARS_PROGRAM,EXCLUDE_PRIMARY_INDEPENDENT_AND_STRICT_SENSITIVITY,0.2468422468917737
GSE54514,SIG004,T1,T24,HALLMARK_TNFA_SIGNALING_VIA_NFKB,PRESET_PRIMARY,SSGSEA_RANK_WALK,31,0.18387096774193548,0.322098133241914,0.18598617966352501,0.1889822365046136,POSSIBLE_SAME_MARS_PROGRAM,EXCLUDE_PRIMARY_INDEPENDENT_AND_STRICT_SENSITIVITY,0.37681223088995963
GSE54514,SIG004,T1,T24,HALLMARK_UNFOLDED_PROTEIN_RESPONSE,HALLMARK_SECONDARY,SSGSEA_RANK_WALK,31,0.09556451612903226,0.6090792182133721,0.09585703745306971,0.1889822365046136,POSSIBLE_SAME_MARS_PROGRAM,EXCLUDE_PRIMARY_INDEPENDENT_AND_STRICT_SENSITIVITY,0.7562293751231532
GSE54514,SIG004,T1,T24,HALLMARK_UV_RESPONSE_DN,HALLMARK_SECONDARY,SSGSEA_RANK_WALK,31,-0.27298387096774196,0.13732205471747821,-0.2800851326773372,0.1889822365046136,POSSIBLE_SAME_MARS_PROGRAM,EXCLUDE_PRIMARY_INDEPENDENT_AND_STRICT_SENSITIVITY,0.3295729313219477
GSE54514,SIG004,T1,T24,HALLMARK_UV_RESPONSE_UP,HALLMARK_SECONDARY,SSGSEA_RANK_WALK,31,0.5697580645161291,0.0008206334346550734,0.6471645481543512,0.1889822365046136,POSSIBLE_SAME_MARS_PROGRAM,EXCLUDE_PRIMARY_INDEPENDENT_AND_STRICT_SENSITIVITY,0.0100555758493333
GSE54514,SIG004,T1,T24,HALLMARK_WNT_BETA_CATENIN_SIGNALING,HALLMARK_SECONDARY,SSGSEA_RANK_WALK,31,0.3141129032258065,0.08526900604534206,0.32510204322084996,0.1889822365046136,POSSIBLE_SAME_MARS_PROGRAM,EXCLUDE_PRIMARY_INDEPENDENT_AND_STRICT_SENSITIVITY,0.2468422468917737
GSE54514,SIG004,T1,T24,HALLMARK_XENOBIOTIC_METABOLISM,HALLMARK_SECONDARY,SSGSEA_RANK_WALK,31,0.13870967741935486,0.4567710138270421,0.1396096992665236,0.1889822365046136,POSSIBLE_SAME_MARS_PROGRAM,EXCLUDE_PRIMARY_INDEPENDENT_AND_STRICT_SENSITIVITY,0.7149459346858051
GSE54514,SIG004,T1,T24,Neutrophil degranulation,REACTOME_SUPPLEMENT,SSGSEA_RANK_WALK,31,-0.4350806451612904,0.014440213598854628,-0.46614666958659295,0.1889822365046136,POSSIBLE_SAME_MARS_PROGRAM,EXCLUDE_PRIMARY_INDEPENDENT_AND_STRICT_SENSITIVITY,0.014440213598854628
GSE54514,SIG004,T1,T24,TCR signaling,REACTOME_SUPPLEMENT,SSGSEA_RANK_WALK,31,0.5165322580645162,0.0029306002299648195,0.5715985017214112,0.1889822365046136,POSSIBLE_SAME_MARS_PROGRAM,EXCLUDE_PRIMARY_INDEPENDENT_AND_STRICT_SENSITIVITY,0.005861200459929639
GSE54514,SIG004,T2,T48,HALLMARK_ADIPOGENESIS,HALLMARK_SECONDARY,SSGSEA_RANK_WALK,28,-0.14395183360700603,0.46489368946775367,-0.14495871192680015,0.2,POSSIBLE_SAME_MARS_PROGRAM,EXCLUDE_PRIMARY_INDEPENDENT_AND_STRICT_SENSITIVITY,0.5771094076151425
GSE54514,SIG004,T2,T48,HALLMARK_ALLOGRAFT_REJECTION,PRESET_PRIMARY,SSGSEA_RANK_WALK,28,0.6551724137931034,0.00015451836238987817,0.7843079589569226,0.2,POSSIBLE_SAME_MARS_PROGRAM,EXCLUDE_PRIMARY_INDEPENDENT_AND_STRICT_SENSITIVITY,0.0012361468991190254
GSE54514,SIG004,T2,T48,HALLMARK_ANDROGEN_RESPONSE,HALLMARK_SECONDARY,SSGSEA_RANK_WALK,28,-0.15216201423097975,0.4395378851533408,-0.15335295284980657,0.2,POSSIBLE_SAME_MARS_PROGRAM,EXCLUDE_PRIMARY_INDEPENDENT_AND_STRICT_SENSITIVITY,0.5651201380542953
GSE54514,SIG004,T2,T48,HALLMARK_APICAL_JUNCTION,HALLMARK_SECONDARY,SSGSEA_RANK_WALK,28,0.052545155993431854,0.7905861413646891,0.052593595206285246,0.2,POSSIBLE_SAME_MARS_PROGRAM,EXCLUDE_PRIMARY_INDEPENDENT_AND_STRICT_SENSITIVITY,0.8307777825759532
GSE54514,SIG004,T2,T48,HALLMARK_APICAL_SURFACE,HALLMARK_SECONDARY,SSGSEA_RANK_WALK,28,0.47071702244116037,0.011469214741886552,0.5109910565810984,0.2,POSSIBLE_SAME_MARS_PROGRAM,EXCLUDE_PRIMARY_INDEPENDENT_AND_STRICT_SENSITIVITY,0.072459204412351
GSE54514,SIG004,T2,T48,HALLMARK_APOPTOSIS,PRESET_PRIMARY,SSGSEA_RANK_WALK,28,0.14997263273125339,0.4462253262915499,0.15111243884815664,0.2,POSSIBLE_SAME_MARS_PROGRAM,EXCLUDE_PRIMARY_INDEPENDENT_AND_STRICT_SENSITIVITY,0.7139605220664798
GSE54514,SIG004,T2,T48,HALLMARK_BILE_ACID_METABOLISM,HALLMARK_SECONDARY,SSGSEA_RANK_WALK,28,-0.2911877394636015,0.13274435318654657,-0.2998635526370184,0.2,POSSIBLE_SAME_MARS_PROGRAM,EXCLUDE_PRIMARY_INDEPENDENT_AND_STRICT_SENSITIVITY,0.23893983573578384
GSE54514,SIG004,T2,T48,HALLMARK_CHOLESTEROL_HOMEOSTASIS,HALLMARK_SECONDARY,SSGSEA_RANK_WALK,28,-0.4564860426929392,0.01461677169417059,-0.4928633034662582,0.2,POSSIBLE_SAME_MARS_PROGRAM,EXCLUDE_PRIMARY_INDEPENDENT_AND_STRICT_SENSITIVITY,0.072459204412351
GSE54514,SIG004,T2,T48,HALLMARK_COMPLEMENT,PRESET_PRIMARY,SSGSEA_RANK_WALK,28,0.12151067323481116,0.5379284030998412,0.12211405633739175,0.2,POSSIBLE_SAME_MARS_PROGRAM,EXCLUDE_PRIMARY_INDEPENDENT_AND_STRICT_SENSITIVITY,0.7172378707997883
GSE54514,SIG004,T2,T48,HALLMARK_DNA_REPAIR,HALLMARK_SECONDARY,SSGSEA_RANK_WALK,28,0.5298303229337711,0.0037347072803999115,0.5899092318024719,0.2,POSSIBLE_SAME_MARS_PROGRAM,EXCLUDE_PRIMARY_INDEPENDENT_AND_STRICT_SENSITIVITY,0.072459204412351
GSE54514,SIG004,T2,T48,HALLMARK_E2F_TARGETS,HALLMARK_SECONDARY,SSGSEA_RANK_WALK,28,-0.0810071154898741,0.6819666675712523,-0.0811850101288407,0.2,POSSIBLE_SAME_MARS_PROGRAM,EXCLUDE_PRIMARY_INDEPENDENT_AND_STRICT_SENSITIVITY,0.7672125010176589
GSE54514,SIG004,T2,T48,HALLMARK_EPITHELIAL_MESENCHYMAL_TRANSITION,HALLMARK_SECONDARY,SSGSEA_RANK_WALK,28,0.0481663929939792,0.8077006219488435,0.048203693630231664,0.2,POSSIBLE_SAME_MARS_PROGRAM,EXCLUDE_PRIMARY_INDEPENDENT_AND_STRICT_SENSITIVITY,0.8307777825759532
GSE54514,SIG004,T2,T48,HALLMARK_ESTROGEN_RESPONSE_LATE,HALLMARK_SECONDARY,SSGSEA_RANK_WALK,28,-0.35358511220580185,0.064916406373081,-0.3695352256620269,0.2,POSSIBLE_SAME_MARS_PROGRAM,EXCLUDE_PRIMARY_INDEPENDENT_AND_STRICT_SENSITIVITY,0.16674368884382323
GSE54514,SIG004,T2,T48,HALLMARK_FATTY_ACID_METABOLISM,HALLMARK_SECONDARY,SSGSEA_RANK_WALK,28,0.07279693486590037,0.7127749065711596,0.0729259385062816,0.2,POSSIBLE_SAME_MARS_PROGRAM,EXCLUDE_PRIMARY_INDEPENDENT_AND_STRICT_SENSITIVITY,0.777572625350356
GSE54514,SIG004,T2,T48,HALLMARK_G2M_CHECKPOINT,HALLMARK_SECONDARY,SSGSEA_RANK_WALK,28,-0.2851669403393541,0.14131655930090528,-0.2932974355558053,0.2,POSSIBLE_SAME_MARS_PROGRAM,EXCLUDE_PRIMARY_INDEPENDENT_AND_STRICT_SENSITIVITY,0.24225695880155193
GSE54514,SIG004,T2,T48,HALLMARK_GLYCOLYSIS,HALLMARK_SECONDARY,SSGSEA_RANK_WALK,28,-0.4367816091954023,0.02012755678120861,-0.4682467195958373,0.2,POSSIBLE_SAME_MARS_PROGRAM,EXCLUDE_PRIMARY_INDEPENDENT_AND_STRICT_SENSITIVITY,0.072459204412351
GSE54514,SIG004,T2,T48,HALLMARK_HEDGEHOG_SIGNALING,HALLMARK_SECONDARY,SSGSEA_RANK_WALK,28,0.0005473453749315818,0.9977944709271016,0.0005473454295907705,0.2,POSSIBLE_SAME_MARS_PROGRAM,EXCLUDE_PRIMARY_INDEPENDENT_AND_STRICT_SENSITIVITY,0.9977944709271015
GSE54514,SIG004,T2,T48,HALLMARK_HEME_METABOLISM,HALLMARK_SECONDARY,SSGSEA_RANK_WALK,28,0.1992337164750958,0.3094310529928798,0.20193446928767111,0.2,POSSIBLE_SAME_MARS_PROGRAM,EXCLUDE_PRIMARY_INDEPENDENT_AND_STRICT_SENSITIVITY,0.4341008325861451
GSE54514,SIG004,T2,T48,HALLMARK_HYPOXIA,HALLMARK_SECONDARY,SSGSEA_RANK_WALK,28,-0.3880678708264915,0.04129063001987516,-0.40952333092103604,0.2,POSSIBLE_SAME_MARS_PROGRAM,EXCLUDE_PRIMARY_INDEPENDENT_AND_STRICT_SENSITIVITY,0.13513297097413687
GSE54514,SIG004,T2,T48,HALLMARK_IL2_STAT5_SIGNALING,HALLMARK_SECONDARY,SSGSEA_RANK_WALK,28,0.4373289545703339,0.01995426232508296,0.4689233044238155,0.2,POSSIBLE_SAME_MARS_PROGRAM,EXCLUDE_PRIMARY_INDEPENDENT_AND_STRICT_SENSITIVITY,0.072459204412351
GSE54514,SIG004,T2,T48,HALLMARK_IL6_JAK_STAT3_SIGNALING,HALLMARK_SECONDARY,SSGSEA_RANK_WALK,28,-0.2928297755883963,0.13047367271656787,-0.30165865620738025,0.2,POSSIBLE_SAME_MARS_PROGRAM,EXCLUDE_PRIMARY_INDEPENDENT_AND_STRICT_SENSITIVITY,0.23893983573578384
GSE54514,SIG004,T2,T48,HALLMARK_INFLAMMATORY_RESPONSE,PRESET_PRIMARY,SSGSEA_RANK_WALK,28,0.18828680897646416,0.3372994150382248,0.19056041387017988,0.2,POSSIBLE_SAME_MARS_PROGRAM,EXCLUDE_PRIMARY_INDEPENDENT_AND_STRICT_SENSITIVITY,0.6745988300764496
GSE54514,SIG004,T2,T48,HALLMARK_INTERFERON_ALPHA_RESPONSE,PRESET_PRIMARY,SSGSEA_RANK_WALK,28,0.3891625615763547,0.04067218138297286,0.4108127526665384,0.2,POSSIBLE_SAME_MARS_PROGRAM,EXCLUDE_PRIMARY_INDEPENDENT_AND_STRICT_SENSITIVITY,0.1084591503545943
GSE54514,SIG004,T2,T48,HALLMARK_INTERFERON_GAMMA_RESPONSE,PRESET_PRIMARY,SSGSEA_RANK_WALK,28,0.44937055281882865,0.016440865834167553,0.48391128319860716,0.2,POSSIBLE_SAME_MARS_PROGRAM,EXCLUDE_PRIMARY_INDEPENDENT_AND_STRICT_SENSITIVITY,0.06576346333667021
GSE54514,SIG004,T2,T48,HALLMARK_KRAS_SIGNALING_UP,HALLMARK_SECONDARY,SSGSEA_RANK_WALK,28,0.3524904214559387,0.06580932267085725,0.3682846710051116,0.2,POSSIBLE_SAME_MARS_PROGRAM,EXCLUDE_PRIMARY_INDEPENDENT_AND_STRICT_SENSITIVITY,0.16674368884382323
GSE54514,SIG004,T2,T48,HALLMARK_MITOTIC_SPINDLE,HALLMARK_SECONDARY,SSGSEA_RANK_WALK,28,-0.5194307608100711,0.004615946867721961,-0.5755598639957892,0.2,POSSIBLE_SAME_MARS_PROGRAM,EXCLUDE_PRIMARY_INDEPENDENT_AND_STRICT_SENSITIVITY,0.072459204412351
GSE54514,SIG004,T2,T48,HALLMARK_MTORC1_SIGNALING,HALLMARK_SECONDARY,SSGSEA_RANK_WALK,28,-0.20689655172413793,0.2908023108351218,-0.209926922780132,0.2,POSSIBLE_SAME_MARS_PROGRAM,EXCLUDE_PRIMARY_INDEPENDENT_AND_STRICT_SENSITIVITY,0.4341008325861451
GSE54514,SIG004,T2,T48,HALLMARK_MYC_TARGETS_V1,HALLMARK_SECONDARY,SSGSEA_RANK_WALK,28,0.4915161466885605,0.007899951866094199,0.5380574841417529,0.2,POSSIBLE_SAME_MARS_PROGRAM,EXCLUDE_PRIMARY_INDEPENDENT_AND_STRICT_SENSITIVITY,0.072459204412351
GSE54514,SIG004,T2,T48,HALLMARK_MYC_TARGETS_V2,HALLMARK_SECONDARY,SSGSEA_RANK_WALK,28,0.4532019704433497,0.015436630726936714,0.48872257751374276,0.2,POSSIBLE_SAME_MARS_PROGRAM,EXCLUDE_PRIMARY_INDEPENDENT_AND_STRICT_SENSITIVITY,0.072459204412351
GSE54514,SIG004,T2,T48,HALLMARK_MYOGENESIS,HALLMARK_SECONDARY,SSGSEA_RANK_WALK,28,0.10016420361247948,0.6120615636453772,0.1005012127184981,0.2,POSSIBLE_SAME_MARS_PROGRAM,EXCLUDE_PRIMARY_INDEPENDENT_AND_STRICT_SENSITIVITY,0.7107811706849542
GSE54514,SIG004,T2,T48,HALLMARK_NOTCH_SIGNALING,HALLMARK_SECONDARY,SSGSEA_RANK_WALK,28,0.30706075533661736,0.11196884988225884,0.31729693590418556,0.2,POSSIBLE_SAME_MARS_PROGRAM,EXCLUDE_PRIMARY_INDEPENDENT_AND_STRICT_SENSITIVITY,0.23711050563301872
GSE54514,SIG004,T2,T48,HALLMARK_OXIDATIVE_PHOSPHORYLATION,PRESET_PRIMARY,SSGSEA_RANK_WALK,28,0.0629447181171319,0.7503314527898621,0.0630280460747914,0.2,POSSIBLE_SAME_MARS_PROGRAM,EXCLUDE_PRIMARY_INDEPENDENT_AND_STRICT_SENSITIVITY,0.7629799320040598
GSE54514,SIG004,T2,T48,HALLMARK_P53_PATHWAY,HALLMARK_SECONDARY,SSGSEA_RANK_WALK,28,0.21674876847290642,0.2679177040099857,0.22024206720387282,0.2,POSSIBLE_SAME_MARS_PROGRAM,EXCLUDE_PRIMARY_INDEPENDENT_AND_STRICT_SENSITIVITY,0.41934944975476024
GSE54514,SIG004,T2,T48,HALLMARK_PEROXISOME,HALLMARK_SECONDARY,SSGSEA_RANK_WALK,28,-0.13628899835796388,0.48923181434896235,-0.13714237143997984,0.2,POSSIBLE_SAME_MARS_PROGRAM,EXCLUDE_PRIMARY_INDEPENDENT_AND_STRICT_SENSITIVITY,0.5870781772187549
GSE54514,SIG004,T2,T48,HALLMARK_PI3K_AKT_MTOR_SIGNALING,HALLMARK_SECONDARY,SSGSEA_RANK_WALK,28,-0.350848385331144,0.06716651496367786,-0.3664109027338039,0.2,POSSIBLE_SAME_MARS_PROGRAM,EXCLUDE_PRIMARY_INDEPENDENT_AND_STRICT_SENSITIVITY,0.16674368884382323
GSE54514,SIG004,T2,T48,HALLMARK_PROTEIN_SECRETION,HALLMARK_SECONDARY,SSGSEA_RANK_WALK,28,-0.29720853858784896,0.12455730163013452,-0.3064548749396352,0.2,POSSIBLE_SAME_MARS_PROGRAM,EXCLUDE_PRIMARY_INDEPENDENT_AND_STRICT_SENSITIVITY,0.23893983573578384
GSE54514,SIG004,T2,T48,HALLMARK_REACTIVE_OXYGEN_SPECIES_PATHWAY,HALLMARK_SECONDARY,SSGSEA_RANK_WALK,28,-0.31253420908593316,0.10539680055946204,-0.3233514942796577,0.2,POSSIBLE_SAME_MARS_PROGRAM,EXCLUDE_PRIMARY_INDEPENDENT_AND_STRICT_SENSITIVITY,0.23711050563301872
GSE54514,SIG004,T2,T48,HALLMARK_TGF_BETA_SIGNALING,HALLMARK_SECONDARY,SSGSEA_RANK_WALK,28,0.4761904761904762,0.010419963437217608,0.5180459658433879,0.2,POSSIBLE_SAME_MARS_PROGRAM,EXCLUDE_PRIMARY_INDEPENDENT_AND_STRICT_SENSITIVITY,0.072459204412351
GSE54514,SIG004,T2,T48,HALLMARK_TNFA_SIGNALING_VIA_NFKB,PRESET_PRIMARY,SSGSEA_RANK_WALK,28,0.059660645867542425,0.7629799320040598,0.059731582646160825,0.2,POSSIBLE_SAME_MARS_PROGRAM,EXCLUDE_PRIMARY_INDEPENDENT_AND_STRICT_SENSITIVITY,0.7629799320040598
GSE54514,SIG004,T2,T48,HALLMARK_UNFOLDED_PROTEIN_RESPONSE,HALLMARK_SECONDARY,SSGSEA_RANK_WALK,28,0.19759168035030103,0.3135172679788826,0.2002251405476375,0.2,POSSIBLE_SAME_MARS_PROGRAM,EXCLUDE_PRIMARY_INDEPENDENT_AND_STRICT_SENSITIVITY,0.4341008325861451
GSE54514,SIG004,T2,T48,HALLMARK_UV_RESPONSE_DN,HALLMARK_SECONDARY,SSGSEA_RANK_WALK,28,-0.19047619047619047,0.33160793537700584,-0.19283124040599234,0.2,POSSIBLE_SAME_MARS_PROGRAM,EXCLUDE_PRIMARY_INDEPENDENT_AND_STRICT_SENSITIVITY,0.4421439138360078
GSE54514,SIG004,T2,T48,HALLMARK_UV_RESPONSE_UP,HALLMARK_SECONDARY,SSGSEA_RANK_WALK,28,0.348111658456486,0.06947653701825968,0.36329341438261886,0.2,POSSIBLE_SAME_MARS_PROGRAM,EXCLUDE_PRIMARY_INDEPENDENT_AND_STRICT_SENSITIVITY,0.16674368884382323
GSE54514,SIG004,T2,T48,HALLMARK_WNT_BETA_CATENIN_SIGNALING,HALLMARK_SECONDARY,SSGSEA_RANK_WALK,28,0.4455391351943076,0.017498464453066985,0.47912070402422446,0.2,POSSIBLE_SAME_MARS_PROGRAM,EXCLUDE_PRIMARY_INDEPENDENT_AND_STRICT_SENSITIVITY,0.072459204412351
GSE54514,SIG004,T2,T48,HALLMARK_XENOBIOTIC_METABOLISM,HALLMARK_SECONDARY,SSGSEA_RANK_WALK,28,-0.2227695675971538,0.25452275385813794,-0.2265684145169198,0.2,POSSIBLE_SAME_MARS_PROGRAM,EXCLUDE_PRIMARY_INDEPENDENT_AND_STRICT_SENSITIVITY,0.4164917790405893
GSE54514,SIG004,T2,T48,Neutrophil degranulation,REACTOME_SUPPLEMENT,SSGSEA_RANK_WALK,28,-0.4422550629447181,0.018449040945337114,-0.47503071387636897,0.2,POSSIBLE_SAME_MARS_PROGRAM,EXCLUDE_PRIMARY_INDEPENDENT_AND_STRICT_SENSITIVITY,0.018449040945337114
GSE54514,SIG004,T2,T48,TCR signaling,REACTOME_SUPPLEMENT,SSGSEA_RANK_WALK,28,0.4504652435686919,0.016148586978610414,0.48528380936429677,0.2,POSSIBLE_SAME_MARS_PROGRAM,EXCLUDE_PRIMARY_INDEPENDENT_AND_STRICT_SENSITIVITY,0.018449040945337114
GSE54514,SIG022,T1,T24,HALLMARK_ADIPOGENESIS,HALLMARK_SECONDARY,SSGSEA_RANK_WALK,31,0.20120967741935486,0.27774495131732646,0.20399295300736567,0.1889822365046136,NO_KNOWN_OVERLAP,INCLUDE_PRIMARY_INDEPENDENT,0.4056418129528641
GSE54514,SIG022,T1,T24,HALLMARK_ALLOGRAFT_REJECTION,PRESET_PRIMARY,SSGSEA_RANK_WALK,31,0.2991935483870968,0.10203130880055777,0.30863362895579116,0.1889822365046136,NO_KNOWN_OVERLAP,INCLUDE_PRIMARY_INDEPENDENT,0.16325009408089244
GSE54514,SIG022,T1,T24,HALLMARK_ANDROGEN_RESPONSE,HALLMARK_SECONDARY,SSGSEA_RANK_WALK,31,-0.2451612903225807,0.1837493475155182,-0.25025812705356476,0.1889822365046136,NO_KNOWN_OVERLAP,INCLUDE_PRIMARY_INDEPENDENT,0.3149988814551741
GSE54514,SIG022,T1,T24,HALLMARK_APICAL_JUNCTION,HALLMARK_SECONDARY,SSGSEA_RANK_WALK,31,0.20645161290322583,0.26515293643986276,0.2094621307410846,0.1889822365046136,NO_KNOWN_OVERLAP,INCLUDE_PRIMARY_INDEPENDENT,0.4056418129528641
GSE54514,SIG022,T1,T24,HALLMARK_APICAL_SURFACE,HALLMARK_SECONDARY,SSGSEA_RANK_WALK,31,0.06370967741935485,0.7334877907712755,0.06379608550971157,0.1889822365046136,NO_KNOWN_OVERLAP,INCLUDE_PRIMARY_INDEPENDENT,0.7800796388859756
GSE54514,SIG022,T1,T24,HALLMARK_APOPTOSIS,PRESET_PRIMARY,SSGSEA_RANK_WALK,31,0.17903225806451614,0.3352152290902075,0.1809827215996279,0.1889822365046136,NO_KNOWN_OVERLAP,INCLUDE_PRIMARY_INDEPENDENT,0.44695363878694333
GSE54514,SIG022,T1,T24,HALLMARK_BILE_ACID_METABOLISM,HALLMARK_SECONDARY,SSGSEA_RANK_WALK,31,-0.19153225806451615,0.3019884668012518,-0.19392729504976453,0.1889822365046136,NO_KNOWN_OVERLAP,INCLUDE_PRIMARY_INDEPENDENT,0.4181378771094255
GSE54514,SIG022,T1,T24,HALLMARK_CHOLESTEROL_HOMEOSTASIS,HALLMARK_SECONDARY,SSGSEA_RANK_WALK,31,0.10161290322580646,0.5864975237941381,0.10196480982175303,0.1889822365046136,NO_KNOWN_OVERLAP,INCLUDE_PRIMARY_INDEPENDENT,0.6598097142684054
GSE54514,SIG022,T1,T24,HALLMARK_COMPLEMENT,PRESET_PRIMARY,SSGSEA_RANK_WALK,31,-0.008870967741935484,0.9622242489424588,-0.00887120045043816,0.1889822365046136,NO_KNOWN_OVERLAP,INCLUDE_PRIMARY_INDEPENDENT,0.9622242489424588
GSE54514,SIG022,T1,T24,HALLMARK_DNA_REPAIR,HALLMARK_SECONDARY,SSGSEA_RANK_WALK,31,0.4721774193548387,0.007319056247452057,0.5128688078728685,0.1889822365046136,NO_KNOWN_OVERLAP,INCLUDE_PRIMARY_INDEPENDENT,0.064819045459431
GSE54514,SIG022,T1,T24,HALLMARK_E2F_TARGETS,HALLMARK_SECONDARY,SSGSEA_RANK_WALK,31,0.41895161290322586,0.01898409527910195,0.44641977066103156,0.1889822365046136,NO_KNOWN_OVERLAP,INCLUDE_PRIMARY_INDEPENDENT,0.0785091997718779
GSE54514,SIG022,T1,T24,HALLMARK_EPITHELIAL_MESENCHYMAL_TRANSITION,HALLMARK_SECONDARY,SSGSEA_RANK_WALK,31,0.11854838709677422,0.5253167283736072,0.11910846606914653,0.1889822365046136,NO_KNOWN_OVERLAP,INCLUDE_PRIMARY_INDEPENDENT,0.6303800740483286
GSE54514,SIG022,T1,T24,HALLMARK_ESTROGEN_RESPONSE_LATE,HALLMARK_SECONDARY,SSGSEA_RANK_WALK,31,0.41693548387096785,0.019627299942969474,0.44397693301416635,0.1889822365046136,NO_KNOWN_OVERLAP,INCLUDE_PRIMARY_INDEPENDENT,0.0785091997718779
GSE54514,SIG022,T1,T24,HALLMARK_FATTY_ACID_METABOLISM,HALLMARK_SECONDARY,SSGSEA_RANK_WALK,31,0.5104838709677421,0.00334416513687456,0.5633839556922953,0.1889822365046136,NO_KNOWN_OVERLAP,INCLUDE_PRIMARY_INDEPENDENT,0.06341673101208344
GSE54514,SIG022,T1,T24,HALLMARK_G2M_CHECKPOINT,HALLMARK_SECONDARY,SSGSEA_RANK_WALK,31,0.3076612903225807,0.09223773282102614,0.3179601227049213,0.1889822365046136,NO_KNOWN_OVERLAP,INCLUDE_PRIMARY_INDEPENDENT,0.18430931308183673
GSE54514,SIG022,T1,T24,HALLMARK_GLYCOLYSIS,HALLMARK_SECONDARY,SSGSEA_RANK_WALK,31,0.3120967741935484,0.08740195804067998,0.3228667798636794,0.1889822365046136,NO_KNOWN_OVERLAP,INCLUDE_PRIMARY_INDEPENDENT,0.18430931308183673
GSE54514,SIG022,T1,T24,HALLMARK_HEDGEHOG_SIGNALING,HALLMARK_SECONDARY,SSGSEA_RANK_WALK,31,-0.4423387096774194,0.012714199149076223,-0.4751347037971298,0.1889822365046136,NO_KNOWN_OVERLAP,INCLUDE_PRIMARY_INDEPENDENT,0.07628519489445733
GSE54514,SIG022,T1,T24,HALLMARK_HEME_METABOLISM,HALLMARK_SECONDARY,SSGSEA_RANK_WALK,31,0.3165322580645162,0.0827623321675542,0.3277885109479905,0.1889822365046136,NO_KNOWN_OVERLAP,INCLUDE_PRIMARY_INDEPENDENT,0.18430931308183673
GSE54514,SIG022,T1,T24,HALLMARK_HYPOXIA,HALLMARK_SECONDARY,SSGSEA_RANK_WALK,31,-0.13951612903225807,0.4541322584746682,-0.14043206569138705,0.1889822365046136,NO_KNOWN_OVERLAP,INCLUDE_PRIMARY_INDEPENDENT,0.5637503898306225
GSE54514,SIG022,T1,T24,HALLMARK_IL2_STAT5_SIGNALING,HALLMARK_SECONDARY,SSGSEA_RANK_WALK,31,0.38225806451612904,0.03382034332998505,0.40270146470856694,0.1889822365046136,NO_KNOWN_OVERLAP,INCLUDE_PRIMARY_INDEPENDENT,0.11068475998904198
GSE54514,SIG022,T1,T24,HALLMARK_IL6_JAK_STAT3_SIGNALING,HALLMARK_SECONDARY,SSGSEA_RANK_WALK,31,-0.5080645161290323,0.003523151722893524,-0.5601173763406377,0.1889822365046136,NO_KNOWN_OVERLAP,INCLUDE_PRIMARY_INDEPENDENT,0.06341673101208344
GSE54514,SIG022,T1,T24,HALLMARK_INFLAMMATORY_RESPONSE,PRESET_PRIMARY,SSGSEA_RANK_WALK,31,0.05927419354838711,0.7514399507942782,0.05934375883205497,0.1889822365046136,NO_KNOWN_OVERLAP,INCLUDE_PRIMARY_INDEPENDENT,0.8587885151934608
GSE54514,SIG022,T1,T24,HALLMARK_INTERFERON_ALPHA_RESPONSE,PRESET_PRIMARY,SSGSEA_RANK_WALK,31,0.4048387096774194,0.023875860642830204,0.42942266640598786,0.1889822365046136,NO_KNOWN_OVERLAP,INCLUDE_PRIMARY_INDEPENDENT,0.15328095743603232
GSE54514,SIG022,T1,T24,HALLMARK_INTERFERON_GAMMA_RESPONSE,PRESET_PRIMARY,SSGSEA_RANK_WALK,31,0.37379032258064515,0.03832023935900808,0.39282179725613975,0.1889822365046136,NO_KNOWN_OVERLAP,INCLUDE_PRIMARY_INDEPENDENT,0.15328095743603232
GSE54514,SIG022,T1,T24,HALLMARK_KRAS_SIGNALING_UP,HALLMARK_SECONDARY,SSGSEA_RANK_WALK,31,-0.1403225806451613,0.451501665737158,-0.1412546208653641,0.1889822365046136,NO_KNOWN_OVERLAP,INCLUDE_PRIMARY_INDEPENDENT,0.5637503898306225
GSE54514,SIG022,T1,T24,HALLMARK_MITOTIC_SPINDLE,HALLMARK_SECONDARY,SSGSEA_RANK_WALK,31,0.19959677419354843,0.28169570343948896,0.20231256242921974,0.1889822365046136,NO_KNOWN_OVERLAP,INCLUDE_PRIMARY_INDEPENDENT,0.4056418129528641
GSE54514,SIG022,T1,T24,HALLMARK_MTORC1_SIGNALING,HALLMARK_SECONDARY,SSGSEA_RANK_WALK,31,0.31532258064516133,0.08400850269553196,0.32644470815483334,0.1889822365046136,NO_KNOWN_OVERLAP,INCLUDE_PRIMARY_INDEPENDENT,0.18430931308183673
GSE54514,SIG022,T1,T24,HALLMARK_MYC_TARGETS_V1,HALLMARK_SECONDARY,SSGSEA_RANK_WALK,31,0.46129032258064523,0.00900264520269875,0.4989491565331396,0.1889822365046136,NO_KNOWN_OVERLAP,INCLUDE_PRIMARY_INDEPENDENT,0.064819045459431
GSE54514,SIG022,T1,T24,HALLMARK_MYC_TARGETS_V2,HALLMARK_SECONDARY,SSGSEA_RANK_WALK,31,0.4225806451612903,0.01787030276521233,0.4508295348030455,0.1889822365046136,NO_KNOWN_OVERLAP,INCLUDE_PRIMARY_INDEPENDENT,0.0785091997718779
GSE54514,SIG022,T1,T24,HALLMARK_MYOGENESIS,HALLMARK_SECONDARY,SSGSEA_RANK_WALK,31,0.06290322580645162,0.7367418811700881,0.062986388825298,0.1889822365046136,NO_KNOWN_OVERLAP,INCLUDE_PRIMARY_INDEPENDENT,0.7800796388859756
GSE54514,SIG022,T1,T24,HALLMARK_NOTCH_SIGNALING,HALLMARK_SECONDARY,SSGSEA_RANK_WALK,31,-0.3951612903225806,0.02779445823156319,-0.41790174048073425,0.1889822365046136,NO_KNOWN_OVERLAP,INCLUDE_PRIMARY_INDEPENDENT,0.1000600496336275
GSE54514,SIG022,T1,T24,HALLMARK_OXIDATIVE_PHOSPHORYLATION,PRESET_PRIMARY,SSGSEA_RANK_WALK,31,0.3358870967741936,0.06469312827502789,0.3494493360611278,0.1889822365046136,NO_KNOWN_OVERLAP,INCLUDE_PRIMARY_INDEPENDENT,0.16325009408089244
GSE54514,SIG022,T1,T24,HALLMARK_P53_PATHWAY,HALLMARK_SECONDARY,SSGSEA_RANK_WALK,31,-0.2907258064516129,0.11258888553295968,-0.2993588976161525,0.1889822365046136,NO_KNOWN_OVERLAP,INCLUDE_PRIMARY_INDEPENDENT,0.20265999395932743
GSE54514,SIG022,T1,T24,HALLMARK_PEROXISOME,HALLMARK_SECONDARY,SSGSEA_RANK_WALK,31,0.33185483870967747,0.06817680431638624,0.34491120398211345,0.1889822365046136,NO_KNOWN_OVERLAP,INCLUDE_PRIMARY_INDEPENDENT,0.18430931308183673
GSE54514,SIG022,T1,T24,HALLMARK_PI3K_AKT_MTOR_SIGNALING,HALLMARK_SECONDARY,SSGSEA_RANK_WALK,31,-0.4846774193548387,0.0057232123367668124,-0.5290798634277715,0.1889822365046136,NO_KNOWN_OVERLAP,INCLUDE_PRIMARY_INDEPENDENT,0.064819045459431
GSE54514,SIG022,T1,T24,HALLMARK_PROTEIN_SECRETION,HALLMARK_SECONDARY,SSGSEA_RANK_WALK,31,-0.30322580645161296,0.0972743596820805,-0.3130682351384926,0.1889822365046136,NO_KNOWN_OVERLAP,INCLUDE_PRIMARY_INDEPENDENT,0.18430931308183673
GSE54514,SIG022,T1,T24,HALLMARK_REACTIVE_OXYGEN_SPECIES_PATHWAY,HALLMARK_SECONDARY,SSGSEA_RANK_WALK,31,0.029838709677419358,0.8733986854137776,0.02984757002893021,0.1889822365046136,NO_KNOWN_OVERLAP,INCLUDE_PRIMARY_INDEPENDENT,0.8983529335684569
GSE54514,SIG022,T1,T24,HALLMARK_TGF_BETA_SIGNALING,HALLMARK_SECONDARY,SSGSEA_RANK_WALK,31,-0.17822580645161293,0.33743264243559357,-0.18014968926398736,0.1889822365046136,NO_KNOWN_OVERLAP,INCLUDE_PRIMARY_INDEPENDENT,0.44991018991412474
GSE54514,SIG022,T1,T24,HALLMARK_TNFA_SIGNALING_VIA_NFKB,PRESET_PRIMARY,SSGSEA_RANK_WALK,31,-0.3120967741935484,0.08740195804067998,-0.3228667798636794,0.1889822365046136,NO_KNOWN_OVERLAP,INCLUDE_PRIMARY_INDEPENDENT,0.16325009408089244
GSE54514,SIG022,T1,T24,HALLMARK_UNFOLDED_PROTEIN_RESPONSE,HALLMARK_SECONDARY,SSGSEA_RANK_WALK,31,0.3637096774193549,0.0442926182012469,0.3811545140263531,0.1889822365046136,NO_KNOWN_OVERLAP,INCLUDE_PRIMARY_INDEPENDENT,0.1328778546037407
GSE54514,SIG022,T1,T24,HALLMARK_UV_RESPONSE_DN,HALLMARK_SECONDARY,SSGSEA_RANK_WALK,31,-0.23790322580645165,0.1974839427053908,-0.2425503662637774,0.1889822365046136,NO_KNOWN_OVERLAP,INCLUDE_PRIMARY_INDEPENDENT,0.3231555426088213
GSE54514,SIG022,T1,T24,HALLMARK_UV_RESPONSE_UP,HALLMARK_SECONDARY,SSGSEA_RANK_WALK,31,0.3145161290322581,0.08484723975492839,0.325549472158223,0.1889822365046136,NO_KNOWN_OVERLAP,INCLUDE_PRIMARY_INDEPENDENT,0.18430931308183673
GSE54514,SIG022,T1,T24,HALLMARK_WNT_BETA_CATENIN_SIGNALING,HALLMARK_SECONDARY,SSGSEA_RANK_WALK,31,0.10201612903225808,0.585005244249445,0.10237225933535021,0.1889822365046136,NO_KNOWN_OVERLAP,INCLUDE_PRIMARY_INDEPENDENT,0.6598097142684054
GSE54514,SIG022,T1,T24,HALLMARK_XENOBIOTIC_METABOLISM,HALLMARK_SECONDARY,SSGSEA_RANK_WALK,31,-0.006451612903225807,0.9725221439005473,-0.006451702417953945,0.1889822365046136,NO_KNOWN_OVERLAP,INCLUDE_PRIMARY_INDEPENDENT,0.9725221439005473
GSE54514,SIG022,T1,T24,Neutrophil degranulation,REACTOME_SUPPLEMENT,SSGSEA_RANK_WALK,31,-0.1733870967741936,0.3509238624248171,-0.1751566440165422,0.1889822365046136,NO_KNOWN_OVERLAP,INCLUDE_PRIMARY_INDEPENDENT,0.3509238624248171
GSE54514,SIG022,T1,T24,TCR signaling,REACTOME_SUPPLEMENT,SSGSEA_RANK_WALK,31,0.37540322580645163,0.03742788540286655,0.3946979710008886,0.1889822365046136,NO_KNOWN_OVERLAP,INCLUDE_PRIMARY_INDEPENDENT,0.0748557708057331
GSE54514,SIG022,T2,T48,HALLMARK_ADIPOGENESIS,HALLMARK_SECONDARY,SSGSEA_RANK_WALK,28,-0.11220580186097427,0.5697174427785479,-0.11268028701150713,0.2,NO_KNOWN_OVERLAP,INCLUDE_PRIMARY_INDEPENDENT,0.6836609313342574
GSE54514,SIG022,T2,T48,HALLMARK_ALLOGRAFT_REJECTION,PRESET_PRIMARY,SSGSEA_RANK_WALK,28,0.6130268199233717,0.0005236905077634292,0.7137561584205611,0.2,NO_KNOWN_OVERLAP,INCLUDE_PRIMARY_INDEPENDENT,0.001396508020702478
GSE54514,SIG022,T2,T48,HALLMARK_ANDROGEN_RESPONSE,HALLMARK_SECONDARY,SSGSEA_RANK_WALK,28,-0.05692391899288451,0.7735661637414777,-0.05698552295029241,0.2,NO_KNOWN_OVERLAP,INCLUDE_PRIMARY_INDEPENDENT,0.8647859291517961
GSE54514,SIG022,T2,T48,HALLMARK_APICAL_JUNCTION,HALLMARK_SECONDARY,SSGSEA_RANK_WALK,28,0.2851669403393541,0.14131655930090528,0.2932974355558053,0.2,NO_KNOWN_OVERLAP,INCLUDE_PRIMARY_INDEPENDENT,0.28263311860181056
GSE54514,SIG022,T2,T48,HALLMARK_APICAL_SURFACE,HALLMARK_SECONDARY,SSGSEA_RANK_WALK,28,0.5686918445539135,0.0015903709690330487,0.6455872592651191,0.2,NO_KNOWN_OVERLAP,INCLUDE_PRIMARY_INDEPENDENT,0.03175454015340374
GSE54514,SIG022,T2,T48,HALLMARK_APOPTOSIS,PRESET_PRIMARY,SSGSEA_RANK_WALK,28,0.4510125889436234,0.016004065915319703,0.48597070916354496,0.2,NO_KNOWN_OVERLAP,INCLUDE_PRIMARY_INDEPENDENT,0.03200813183063941
GSE54514,SIG022,T2,T48,HALLMARK_BILE_ACID_METABOLISM,HALLMARK_SECONDARY,SSGSEA_RANK_WALK,28,-0.35960591133004927,0.060172246608998115,-0.3764332076307838,0.2,NO_KNOWN_OVERLAP,INCLUDE_PRIMARY_INDEPENDENT,0.15843946506031825
GSE54514,SIG022,T2,T48,HALLMARK_CHOLESTEROL_HOMEOSTASIS,HALLMARK_SECONDARY,SSGSEA_RANK_WALK,28,-0.38314176245210724,0.04416695030835389,-0.40373679667420886,0.2,NO_KNOWN_OVERLAP,INCLUDE_PRIMARY_INDEPENDENT,0.14454638282734
GSE54514,SIG022,T2,T48,HALLMARK_COMPLEMENT,PRESET_PRIMARY,SSGSEA_RANK_WALK,28,0.18883415435139572,0.3358710389401869,0.1911279375988969,0.2,NO_KNOWN_OVERLAP,INCLUDE_PRIMARY_INDEPENDENT,0.41217219167924196
GSE54514,SIG022,T2,T48,HALLMARK_DNA_REPAIR,HALLMARK_SECONDARY,SSGSEA_RANK_WALK,28,0.5325670498084292,0.003528282239267082,0.5937217511873628,0.2,NO_KNOWN_OVERLAP,INCLUDE_PRIMARY_INDEPENDENT,0.03175454015340374
GSE54514,SIG022,T2,T48,HALLMARK_E2F_TARGETS,HALLMARK_SECONDARY,SSGSEA_RANK_WALK,28,0.05199781061850027,0.7927204350558131,0.052044750203928666,0.2,NO_KNOWN_OVERLAP,INCLUDE_PRIMARY_INDEPENDENT,0.8647859291517961
GSE54514,SIG022,T2,T48,HALLMARK_EPITHELIAL_MESENCHYMAL_TRANSITION,HALLMARK_SECONDARY,SSGSEA_RANK_WALK,28,0.348111658456486,0.06947653701825968,0.36329341438261886,0.2,NO_KNOWN_OVERLAP,INCLUDE_PRIMARY_INDEPENDENT,0.15843946506031825
GSE54514,SIG022,T2,T48,HALLMARK_ESTROGEN_RESPONSE_LATE,HALLMARK_SECONDARY,SSGSEA_RANK_WALK,28,-0.0016420361247947454,0.9933834762125375,-0.0016420376005949627,0.2,NO_KNOWN_OVERLAP,INCLUDE_PRIMARY_INDEPENDENT,0.9933834762125375
GSE54514,SIG022,T2,T48,HALLMARK_FATTY_ACID_METABOLISM,HALLMARK_SECONDARY,SSGSEA_RANK_WALK,28,0.11548987411056376,0.5584020093324432,0.11600748735081472,0.2,NO_KNOWN_OVERLAP,INCLUDE_PRIMARY_INDEPENDENT,0.6836609313342574
GSE54514,SIG022,T2,T48,HALLMARK_G2M_CHECKPOINT,HALLMARK_SECONDARY,SSGSEA_RANK_WALK,28,-0.1346469622331691,0.4945297363032438,-0.13546963761315375,0.2,NO_KNOWN_OVERLAP,INCLUDE_PRIMARY_INDEPENDENT,0.6358239466755993
GSE54514,SIG022,T2,T48,HALLMARK_GLYCOLYSIS,HALLMARK_SECONDARY,SSGSEA_RANK_WALK,28,-0.27038861521620144,0.16404017575757532,-0.27728304304786416,0.2,NO_KNOWN_OVERLAP,INCLUDE_PRIMARY_INDEPENDENT,0.2952723163636356
GSE54514,SIG022,T2,T48,HALLMARK_HEDGEHOG_SIGNALING,HALLMARK_SECONDARY,SSGSEA_RANK_WALK,28,-0.007662835249042145,0.9691298069484062,-0.0076629852391134,0.2,NO_KNOWN_OVERLAP,INCLUDE_PRIMARY_INDEPENDENT,0.9933834762125375
GSE54514,SIG022,T2,T48,HALLMARK_HEME_METABOLISM,HALLMARK_SECONDARY,SSGSEA_RANK_WALK,28,0.3995621237000547,0.0351577748024671,0.4231277575079782,0.2,NO_KNOWN_OVERLAP,INCLUDE_PRIMARY_INDEPENDENT,0.12656798928888158
GSE54514,SIG022,T2,T48,HALLMARK_HYPOXIA,HALLMARK_SECONDARY,SSGSEA_RANK_WALK,28,-0.27367268746579093,0.15878004630696693,-0.2808295644850421,0.2,NO_KNOWN_OVERLAP,INCLUDE_PRIMARY_INDEPENDENT,0.2952723163636356
GSE54514,SIG022,T2,T48,HALLMARK_IL2_STAT5_SIGNALING,HALLMARK_SECONDARY,SSGSEA_RANK_WALK,28,0.5369458128078817,0.0032183031072817807,0.5998542027697391,0.2,NO_KNOWN_OVERLAP,INCLUDE_PRIMARY_INDEPENDENT,0.03175454015340374
GSE54514,SIG022,T2,T48,HALLMARK_IL6_JAK_STAT3_SIGNALING,HALLMARK_SECONDARY,SSGSEA_RANK_WALK,28,-0.30870279146141216,0.10996612388844801,-0.3191109225539168,0.2,NO_KNOWN_OVERLAP,INCLUDE_PRIMARY_INDEPENDENT,0.23286943882259578
GSE54514,SIG022,T2,T48,HALLMARK_INFLAMMATORY_RESPONSE,PRESET_PRIMARY,SSGSEA_RANK_WALK,28,0.18281335522714834,0.3517845273933381,0.1848917794838478,0.2,NO_KNOWN_OVERLAP,INCLUDE_PRIMARY_INDEPENDENT,0.41217219167924196
GSE54514,SIG022,T2,T48,HALLMARK_INTERFERON_ALPHA_RESPONSE,PRESET_PRIMARY,SSGSEA_RANK_WALK,28,0.7569786535303776,3.1305225732758337e-06,0.9891008268459184,0.2,NO_KNOWN_OVERLAP,INCLUDE_PRIMARY_INDEPENDENT,2.504418058620667e-05
GSE54514,SIG022,T2,T48,HALLMARK_INTERFERON_GAMMA_RESPONSE,PRESET_PRIMARY,SSGSEA_RANK_WALK,28,0.7033388067870826,2.983536960448093e-05,0.8738774419293179,0.2,NO_KNOWN_OVERLAP,INCLUDE_PRIMARY_INDEPENDENT,0.00011934147841792372
GSE54514,SIG022,T2,T48,HALLMARK_KRAS_SIGNALING_UP,HALLMARK_SECONDARY,SSGSEA_RANK_WALK,28,0.49480021893814996,0.007432818144243786,0.5423969434854264,0.2,NO_KNOWN_OVERLAP,INCLUDE_PRIMARY_INDEPENDENT,0.053516290638555265
GSE54514,SIG022,T2,T48,HALLMARK_MITOTIC_SPINDLE,HALLMARK_SECONDARY,SSGSEA_RANK_WALK,28,-0.3470169677066229,0.07041754002680811,-0.36204831414656985,0.2,NO_KNOWN_OVERLAP,INCLUDE_PRIMARY_INDEPENDENT,0.15843946506031825
GSE54514,SIG022,T2,T48,HALLMARK_MTORC1_SIGNALING,HALLMARK_SECONDARY,SSGSEA_RANK_WALK,28,-0.22003284072249588,0.26055596644562695,-0.22369062034155895,0.2,NO_KNOWN_OVERLAP,INCLUDE_PRIMARY_INDEPENDENT,0.38047709138609187
GSE54514,SIG022,T2,T48,HALLMARK_MYC_TARGETS_V1,HALLMARK_SECONDARY,SSGSEA_RANK_WALK,28,0.4247400109469075,0.02426362808301657,0.4534612670588071,0.2,NO_KNOWN_OVERLAP,INCLUDE_PRIMARY_INDEPENDENT,0.09705451233206629
GSE54514,SIG022,T2,T48,HALLMARK_MYC_TARGETS_V2,HALLMARK_SECONDARY,SSGSEA_RANK_WALK,28,0.47837985769020247,0.010023376837100117,0.5208812250692068,0.2,NO_KNOWN_OVERLAP,INCLUDE_PRIMARY_INDEPENDENT,0.0601402610226007
GSE54514,SIG022,T2,T48,HALLMARK_MYOGENESIS,HALLMARK_SECONDARY,SSGSEA_RANK_WALK,28,0.23097974822112752,0.23697539300853934,0.23522418509573478,0.2,NO_KNOWN_OVERLAP,INCLUDE_PRIMARY_INDEPENDENT,0.38047709138609187
GSE54514,SIG022,T2,T48,HALLMARK_NOTCH_SIGNALING,HALLMARK_SECONDARY,SSGSEA_RANK_WALK,28,0.2194854953475643,0.2617736838341756,0.2231155000364667,0.2,NO_KNOWN_OVERLAP,INCLUDE_PRIMARY_INDEPENDENT,0.38047709138609187
GSE54514,SIG022,T2,T48,HALLMARK_OXIDATIVE_PHOSPHORYLATION,PRESET_PRIMARY,SSGSEA_RANK_WALK,28,0.08757525998905309,0.6576715773569686,0.08780017990051142,0.2,NO_KNOWN_OVERLAP,INCLUDE_PRIMARY_INDEPENDENT,0.6576715773569686
GSE54514,SIG022,T2,T48,HALLMARK_P53_PATHWAY,HALLMARK_SECONDARY,SSGSEA_RANK_WALK,28,-0.0071154898741105635,0.9713338933815487,-0.0071156099639746945,0.2,NO_KNOWN_OVERLAP,INCLUDE_PRIMARY_INDEPENDENT,0.9933834762125375
GSE54514,SIG022,T2,T48,HALLMARK_PEROXISOME,HALLMARK_SECONDARY,SSGSEA_RANK_WALK,28,-0.06458675424192666,0.7440305926840296,-0.06467678646847788,0.2,NO_KNOWN_OVERLAP,INCLUDE_PRIMARY_INDEPENDENT,0.8640355269879053
GSE54514,SIG022,T2,T48,HALLMARK_PI3K_AKT_MTOR_SIGNALING,HALLMARK_SECONDARY,SSGSEA_RANK_WALK,28,-0.42528735632183906,0.024061683388757082,-0.4541292800884454,0.2,NO_KNOWN_OVERLAP,INCLUDE_PRIMARY_INDEPENDENT,0.09705451233206629
GSE54514,SIG022,T2,T48,HALLMARK_PROTEIN_SECRETION,HALLMARK_SECONDARY,SSGSEA_RANK_WALK,28,-0.3727422003284072,0.050761040173465805,-0.3916040022390632,0.2,NO_KNOWN_OVERLAP,INCLUDE_PRIMARY_INDEPENDENT,0.1522831205203974
GSE54514,SIG022,T2,T48,HALLMARK_REACTIVE_OXYGEN_SPECIES_PATHWAY,HALLMARK_SECONDARY,SSGSEA_RANK_WALK,28,-0.20306513409961688,0.30002598489473004,-0.20592745310346772,0.2,NO_KNOWN_OVERLAP,INCLUDE_PRIMARY_INDEPENDENT,0.41257473732383976
GSE54514,SIG022,T2,T48,HALLMARK_TGF_BETA_SIGNALING,HALLMARK_SECONDARY,SSGSEA_RANK_WALK,28,0.35358511220580185,0.064916406373081,0.3695352256620269,0.2,NO_KNOWN_OVERLAP,INCLUDE_PRIMARY_INDEPENDENT,0.15843946506031825
GSE54514,SIG022,T2,T48,HALLMARK_TNFA_SIGNALING_VIA_NFKB,PRESET_PRIMARY,SSGSEA_RANK_WALK,28,-0.17952928297755882,0.36065066771933674,-0.1814962522176252,0.2,NO_KNOWN_OVERLAP,INCLUDE_PRIMARY_INDEPENDENT,0.41217219167924196
GSE54514,SIG022,T2,T48,HALLMARK_UNFOLDED_PROTEIN_RESPONSE,HALLMARK_SECONDARY,SSGSEA_RANK_WALK,28,0.23426382047071703,0.2301874607508924,0.23869613863564876,0.2,NO_KNOWN_OVERLAP,INCLUDE_PRIMARY_INDEPENDENT,0.38047709138609187
GSE54514,SIG022,T2,T48,HALLMARK_UV_RESPONSE_DN,HALLMARK_SECONDARY,SSGSEA_RANK_WALK,28,-0.1992337164750958,0.3094310529928798,-0.20193446928767111,0.2,NO_KNOWN_OVERLAP,INCLUDE_PRIMARY_INDEPENDENT,0.41257473732383976
GSE54514,SIG022,T2,T48,HALLMARK_UV_RESPONSE_UP,HALLMARK_SECONDARY,SSGSEA_RANK_WALK,28,0.21839080459770116,0.26422020235145266,0.22196569446798026,0.2,NO_KNOWN_OVERLAP,INCLUDE_PRIMARY_INDEPENDENT,0.38047709138609187
GSE54514,SIG022,T2,T48,HALLMARK_WNT_BETA_CATENIN_SIGNALING,HALLMARK_SECONDARY,SSGSEA_RANK_WALK,28,0.46688560481663927,0.01225498275608866,0.5060803849311836,0.2,NO_KNOWN_OVERLAP,INCLUDE_PRIMARY_INDEPENDENT,0.06302562560274168
GSE54514,SIG022,T2,T48,HALLMARK_XENOBIOTIC_METABOLISM,HALLMARK_SECONDARY,SSGSEA_RANK_WALK,28,-0.5550082101806239,0.0021733926531637255,-0.6255901361531885,0.2,NO_KNOWN_OVERLAP,INCLUDE_PRIMARY_INDEPENDENT,0.03175454015340374
GSE54514,SIG022,T2,T48,Neutrophil degranulation,REACTOME_SUPPLEMENT,SSGSEA_RANK_WALK,28,-0.3579638752052545,0.061438413786782574,-0.37454856751916277,0.2,NO_KNOWN_OVERLAP,INCLUDE_PRIMARY_INDEPENDENT,0.061438413786782574
GSE54514,SIG022,T2,T48,TCR signaling,REACTOME_SUPPLEMENT,SSGSEA_RANK_WALK,28,0.5878489326765189,0.0010034641421303727,0.6743727781607552,0.2,NO_KNOWN_OVERLAP,INCLUDE_PRIMARY_INDEPENDENT,0.0020069282842607454
GSE54514,SIG023,T1,T24,HALLMARK_ADIPOGENESIS,HALLMARK_SECONDARY,SSGSEA_RANK_WALK,31,0.23870967741935487,0.19592371516334753,0.24340537378105842,0.1889822365046136,NO_KNOWN_OVERLAP,INCLUDE_PRIMARY_INDEPENDENT,0.530590865874853
GSE54514,SIG023,T1,T24,HALLMARK_ALLOGRAFT_REJECTION,PRESET_PRIMARY,SSGSEA_RANK_WALK,31,-0.155241935483871,0.4043352509953403,-0.15650739839630096,0.1889822365046136,NO_KNOWN_OVERLAP,INCLUDE_PRIMARY_INDEPENDENT,0.6469364015925445
GSE54514,SIG023,T1,T24,HALLMARK_ANDROGEN_RESPONSE,HALLMARK_SECONDARY,SSGSEA_RANK_WALK,31,0.30201612903225805,0.09868345535021689,0.31173660779103296,0.1889822365046136,NO_KNOWN_OVERLAP,INCLUDE_PRIMARY_INDEPENDENT,0.444075549075976
GSE54514,SIG023,T1,T24,HALLMARK_APICAL_JUNCTION,HALLMARK_SECONDARY,SSGSEA_RANK_WALK,31,-0.20483870967741938,0.2689870418183756,-0.20777800554506362,0.1889822365046136,NO_KNOWN_OVERLAP,INCLUDE_PRIMARY_INDEPENDENT,0.5454480334191045
GSE54514,SIG023,T1,T24,HALLMARK_APICAL_SURFACE,HALLMARK_SECONDARY,SSGSEA_RANK_WALK,31,-0.0810483870967742,0.6647035087822124,-0.08122655449513752,0.1889822365046136,NO_KNOWN_OVERLAP,INCLUDE_PRIMARY_INDEPENDENT,0.7942680533967512
GSE54514,SIG023,T1,T24,HALLMARK_APOPTOSIS,PRESET_PRIMARY,SSGSEA_RANK_WALK,31,-0.2056451612903226,0.2670655075690904,-0.208619922326349,0.1889822365046136,NO_KNOWN_OVERLAP,INCLUDE_PRIMARY_INDEPENDENT,0.5341310151381808
GSE54514,SIG023,T1,T24,HALLMARK_BILE_ACID_METABOLISM,HALLMARK_SECONDARY,SSGSEA_RANK_WALK,31,0.34314516129032263,0.05877452025163122,0.3576531147958173,0.1889822365046136,NO_KNOWN_OVERLAP,INCLUDE_PRIMARY_INDEPENDENT,0.444075549075976
GSE54514,SIG023,T1,T24,HALLMARK_CHOLESTEROL_HOMEOSTASIS,HALLMARK_SECONDARY,SSGSEA_RANK_WALK,31,0.07500000000000001,0.6884291889171923,0.07514110152466899,0.1889822365046136,NO_KNOWN_OVERLAP,INCLUDE_PRIMARY_INDEPENDENT,0.7942680533967512
GSE54514,SIG023,T1,T24,HALLMARK_COMPLEMENT,PRESET_PRIMARY,SSGSEA_RANK_WALK,31,-0.09516129032258065,0.6105976029597585,-0.09545011101799991,0.1889822365046136,NO_KNOWN_OVERLAP,INCLUDE_PRIMARY_INDEPENDENT,0.814130137279678
GSE54514,SIG023,T1,T24,HALLMARK_DNA_REPAIR,HALLMARK_SECONDARY,SSGSEA_RANK_WALK,31,-0.27983870967741936,0.1273351173690164,-0.287507069824955,0.1889822365046136,NO_KNOWN_OVERLAP,INCLUDE_PRIMARY_INDEPENDENT,0.47931388619212767
GSE54514,SIG023,T1,T24,HALLMARK_E2F_TARGETS,HALLMARK_SECONDARY,SSGSEA_RANK_WALK,31,-0.20685483870967747,0.26420001086831796,-0.20988334473181997,0.1889822365046136,NO_KNOWN_OVERLAP,INCLUDE_PRIMARY_INDEPENDENT,0.5454480334191045
GSE54514,SIG023,T1,T24,HALLMARK_EPITHELIAL_MESENCHYMAL_TRANSITION,HALLMARK_SECONDARY,SSGSEA_RANK_WALK,31,0.005645161290322581,0.9759558205230285,0.005645221257846077,0.1889822365046136,NO_KNOWN_OVERLAP,INCLUDE_PRIMARY_INDEPENDENT,0.9759558205230285
GSE54514,SIG023,T1,T24,HALLMARK_ESTROGEN_RESPONSE_LATE,HALLMARK_SECONDARY,SSGSEA_RANK_WALK,31,-0.19112903225806452,0.3030266852328359,-0.19350874728472214,0.1889822365046136,NO_KNOWN_OVERLAP,INCLUDE_PRIMARY_INDEPENDENT,0.5454480334191045
GSE54514,SIG023,T1,T24,HALLMARK_FATTY_ACID_METABOLISM,HALLMARK_SECONDARY,SSGSEA_RANK_WALK,31,-0.07056451612903226,0.7060160474637789,-0.07068198912264517,0.1889822365046136,NO_KNOWN_OVERLAP,INCLUDE_PRIMARY_INDEPENDENT,0.7942680533967512
GSE54514,SIG023,T1,T24,HALLMARK_G2M_CHECKPOINT,HALLMARK_SECONDARY,SSGSEA_RANK_WALK,31,-0.1217741935483871,0.5140250143294487,-0.12238153449524124,0.1889822365046136,NO_KNOWN_OVERLAP,INCLUDE_PRIMARY_INDEPENDENT,0.7117269429176982
GSE54514,SIG023,T1,T24,HALLMARK_GLYCOLYSIS,HALLMARK_SECONDARY,SSGSEA_RANK_WALK,31,-0.18387096774193548,0.322098133241914,-0.18598617966352501,0.1889822365046136,NO_KNOWN_OVERLAP,INCLUDE_PRIMARY_INDEPENDENT,0.5521682284147097
GSE54514,SIG023,T1,T24,HALLMARK_HEDGEHOG_SIGNALING,HALLMARK_SECONDARY,SSGSEA_RANK_WALK,31,0.22983870967741934,0.2135610049271244,0.23401917428039087,0.1889822365046136,NO_KNOWN_OVERLAP,INCLUDE_PRIMARY_INDEPENDENT,0.530590865874853
GSE54514,SIG023,T1,T24,HALLMARK_HEME_METABOLISM,HALLMARK_SECONDARY,SSGSEA_RANK_WALK,31,0.08346774193548387,0.6553000621050752,0.08366239238147402,0.1889822365046136,NO_KNOWN_OVERLAP,INCLUDE_PRIMARY_INDEPENDENT,0.7942680533967512
GSE54514,SIG023,T1,T24,HALLMARK_HYPOXIA,HALLMARK_SECONDARY,SSGSEA_RANK_WALK,31,0.38508064516129037,0.03241920982933298,0.4060112578074689,0.1889822365046136,NO_KNOWN_OVERLAP,INCLUDE_PRIMARY_INDEPENDENT,0.444075549075976
GSE54514,SIG023,T1,T24,HALLMARK_IL2_STAT5_SIGNALING,HALLMARK_SECONDARY,SSGSEA_RANK_WALK,31,-0.2625,0.15368472332952357,-0.26879153646777,0.1889822365046136,NO_KNOWN_OVERLAP,INCLUDE_PRIMARY_INDEPENDENT,0.5029681854420771
GSE54514,SIG023,T1,T24,HALLMARK_IL6_JAK_STAT3_SIGNALING,HALLMARK_SECONDARY,SSGSEA_RANK_WALK,31,0.12217741935483874,0.5126220106327443,0.1227908501456717,0.1889822365046136,NO_KNOWN_OVERLAP,INCLUDE_PRIMARY_INDEPENDENT,0.7117269429176982
GSE54514,SIG023,T1,T24,HALLMARK_INFLAMMATORY_RESPONSE,PRESET_PRIMARY,SSGSEA_RANK_WALK,31,-0.38225806451612904,0.03382034332998505,-0.40270146470856694,0.1889822365046136,NO_KNOWN_OVERLAP,INCLUDE_PRIMARY_INDEPENDENT,0.09018758221329347
GSE54514,SIG023,T1,T24,HALLMARK_INTERFERON_ALPHA_RESPONSE,PRESET_PRIMARY,SSGSEA_RANK_WALK,31,-0.8181451612903226,1.897192699002828e-08,-1.1511816694592027,0.1889822365046136,NO_KNOWN_OVERLAP,INCLUDE_PRIMARY_INDEPENDENT,1.5177541592022625e-07
GSE54514,SIG023,T1,T24,HALLMARK_INTERFERON_GAMMA_RESPONSE,PRESET_PRIMARY,SSGSEA_RANK_WALK,31,-0.7362903225806453,2.3422852867186822e-06,-0.9423286632335551,0.1889822365046136,NO_KNOWN_OVERLAP,INCLUDE_PRIMARY_INDEPENDENT,9.369141146874729e-06
GSE54514,SIG023,T1,T24,HALLMARK_KRAS_SIGNALING_UP,HALLMARK_SECONDARY,SSGSEA_RANK_WALK,31,0.2758064516129033,0.1331427461644799,0.28313754001269986,0.1889822365046136,NO_KNOWN_OVERLAP,INCLUDE_PRIMARY_INDEPENDENT,0.47931388619212767
GSE54514,SIG023,T1,T24,HALLMARK_MITOTIC_SPINDLE,HALLMARK_SECONDARY,SSGSEA_RANK_WALK,31,-0.11169354838709677,0.5497036585887941,-0.11216153211072682,0.1889822365046136,NO_KNOWN_OVERLAP,INCLUDE_PRIMARY_INDEPENDENT,0.7329382114517254
GSE54514,SIG023,T1,T24,HALLMARK_MTORC1_SIGNALING,HALLMARK_SECONDARY,SSGSEA_RANK_WALK,31,0.023387096774193553,0.9006188214672899,0.02339136208064771,0.1889822365046136,NO_KNOWN_OVERLAP,INCLUDE_PRIMARY_INDEPENDENT,0.9263507877949267
GSE54514,SIG023,T1,T24,HALLMARK_MYC_TARGETS_V1,HALLMARK_SECONDARY,SSGSEA_RANK_WALK,31,-0.10080645161290325,0.5894870850348914,-0.10115001186242051,0.1889822365046136,NO_KNOWN_OVERLAP,INCLUDE_PRIMARY_INDEPENDENT,0.7579119664734318
GSE54514,SIG023,T1,T24,HALLMARK_MYC_TARGETS_V2,HALLMARK_SECONDARY,SSGSEA_RANK_WALK,31,-0.19838709677419356,0.2846823443722704,-0.20105300931056522,0.1889822365046136,NO_KNOWN_OVERLAP,INCLUDE_PRIMARY_INDEPENDENT,0.5454480334191045
GSE54514,SIG023,T1,T24,HALLMARK_MYOGENESIS,HALLMARK_SECONDARY,SSGSEA_RANK_WALK,31,-0.04274193548387097,0.8194117265731522,-0.042767992081094726,0.1889822365046136,NO_KNOWN_OVERLAP,INCLUDE_PRIMARY_INDEPENDENT,0.8939037017161661
GSE54514,SIG023,T1,T24,HALLMARK_NOTCH_SIGNALING,HALLMARK_SECONDARY,SSGSEA_RANK_WALK,31,0.22620967741935488,0.22107952744785542,0.2301910958348324,0.1889822365046136,NO_KNOWN_OVERLAP,INCLUDE_PRIMARY_INDEPENDENT,0.530590865874853
GSE54514,SIG023,T1,T24,HALLMARK_OXIDATIVE_PHOSPHORYLATION,PRESET_PRIMARY,SSGSEA_RANK_WALK,31,-0.03991935483870968,0.831161099300751,-0.039940579697241005,0.1889822365046136,NO_KNOWN_OVERLAP,INCLUDE_PRIMARY_INDEPENDENT,0.8564559280836276
GSE54514,SIG023,T1,T24,HALLMARK_P53_PATHWAY,HALLMARK_SECONDARY,SSGSEA_RANK_WALK,31,0.027016129032258068,0.8852918802384591,0.02702270467721264,0.1889822365046136,NO_KNOWN_OVERLAP,INCLUDE_PRIMARY_INDEPENDENT,0.9263507877949267
GSE54514,SIG023,T1,T24,HALLMARK_PEROXISOME,HALLMARK_SECONDARY,SSGSEA_RANK_WALK,31,-0.15846774193548388,0.3945182524606957,-0.15981457595104442,0.1889822365046136,NO_KNOWN_OVERLAP,INCLUDE_PRIMARY_INDEPENDENT,0.6175068299384803
GSE54514,SIG023,T1,T24,HALLMARK_PI3K_AKT_MTOR_SIGNALING,HALLMARK_SECONDARY,SSGSEA_RANK_WALK,31,0.3358870967741936,0.06469312827502789,0.3494493360611278,0.1889822365046136,NO_KNOWN_OVERLAP,INCLUDE_PRIMARY_INDEPENDENT,0.444075549075976
GSE54514,SIG023,T1,T24,HALLMARK_PROTEIN_SECRETION,HALLMARK_SECONDARY,SSGSEA_RANK_WALK,31,0.36733870967741944,0.04206236997903893,0.38534319469630307,0.1889822365046136,NO_KNOWN_OVERLAP,INCLUDE_PRIMARY_INDEPENDENT,0.444075549075976
GSE54514,SIG023,T1,T24,HALLMARK_REACTIVE_OXYGEN_SPECIES_PATHWAY,HALLMARK_SECONDARY,SSGSEA_RANK_WALK,31,0.22822580645161292,0.21688069706471844,0.23231698072110377,0.1889822365046136,NO_KNOWN_OVERLAP,INCLUDE_PRIMARY_INDEPENDENT,0.530590865874853
GSE54514,SIG023,T1,T24,HALLMARK_TGF_BETA_SIGNALING,HALLMARK_SECONDARY,SSGSEA_RANK_WALK,31,0.4056451612903226,0.02357092363085513,0.43038757666534216,0.1889822365046136,NO_KNOWN_OVERLAP,INCLUDE_PRIMARY_INDEPENDENT,0.444075549075976
GSE54514,SIG023,T1,T24,HALLMARK_TNFA_SIGNALING_VIA_NFKB,PRESET_PRIMARY,SSGSEA_RANK_WALK,31,0.03387096774193548,0.8564559280836276,0.03388392940261034,0.1889822365046136,NO_KNOWN_OVERLAP,INCLUDE_PRIMARY_INDEPENDENT,0.8564559280836276
GSE54514,SIG023,T1,T24,HALLMARK_UNFOLDED_PROTEIN_RESPONSE,HALLMARK_SECONDARY,SSGSEA_RANK_WALK,31,-0.19475806451612906,0.29376355274670485,-0.19727810707887505,0.1889822365046136,NO_KNOWN_OVERLAP,INCLUDE_PRIMARY_INDEPENDENT,0.5454480334191045
GSE54514,SIG023,T1,T24,HALLMARK_UV_RESPONSE_DN,HALLMARK_SECONDARY,SSGSEA_RANK_WALK,31,0.30927419354838714,0.09045627623046143,0.3197426368893631,0.1889822365046136,NO_KNOWN_OVERLAP,INCLUDE_PRIMARY_INDEPENDENT,0.444075549075976
GSE54514,SIG023,T1,T24,HALLMARK_UV_RESPONSE_UP,HALLMARK_SECONDARY,SSGSEA_RANK_WALK,31,-0.1459677419354839,0.43331800829865275,-0.14701789124784712,0.1889822365046136,NO_KNOWN_OVERLAP,INCLUDE_PRIMARY_INDEPENDENT,0.6499770124479791
GSE54514,SIG023,T1,T24,HALLMARK_WNT_BETA_CATENIN_SIGNALING,HALLMARK_SECONDARY,SSGSEA_RANK_WALK,31,-0.15927419354838712,0.39208552690474663,-0.16064190949927454,0.1889822365046136,NO_KNOWN_OVERLAP,INCLUDE_PRIMARY_INDEPENDENT,0.6175068299384803
GSE54514,SIG023,T1,T24,HALLMARK_XENOBIOTIC_METABOLISM,HALLMARK_SECONDARY,SSGSEA_RANK_WALK,31,0.30806451612903224,0.09178988749338901,0.318405567593698,0.1889822365046136,NO_KNOWN_OVERLAP,INCLUDE_PRIMARY_INDEPENDENT,0.444075549075976
GSE54514,SIG023,T1,T24,Neutrophil degranulation,REACTOME_SUPPLEMENT,SSGSEA_RANK_WALK,31,0.1407258064516129,0.45018943773581577,0.14166596960147504,0.1889822365046136,NO_KNOWN_OVERLAP,INCLUDE_PRIMARY_INDEPENDENT,0.45018943773581577
GSE54514,SIG023,T1,T24,TCR signaling,REACTOME_SUPPLEMENT,SSGSEA_RANK_WALK,31,-0.26048387096774195,0.15698577418947143,-0.26662742908250586,0.1889822365046136,NO_KNOWN_OVERLAP,INCLUDE_PRIMARY_INDEPENDENT,0.31397154837894287
GSE54514,SIG023,T2,T48,HALLMARK_ADIPOGENESIS,HALLMARK_SECONDARY,SSGSEA_RANK_WALK,28,0.02079912424740011,0.9163346143465212,0.02080212428459838,0.2,NO_KNOWN_OVERLAP,INCLUDE_PRIMARY_INDEPENDENT,0.9470304122541781
GSE54514,SIG023,T2,T48,HALLMARK_ALLOGRAFT_REJECTION,PRESET_PRIMARY,SSGSEA_RANK_WALK,28,-0.5703338806787082,0.0015304813103556645,-0.6480175490994781,0.2,NO_KNOWN_OVERLAP,INCLUDE_PRIMARY_INDEPENDENT,0.004081283494281772
GSE54514,SIG023,T2,T48,HALLMARK_ANDROGEN_RESPONSE,HALLMARK_SECONDARY,SSGSEA_RANK_WALK,28,0.03831417624521073,0.8465149505909308,0.03833294087395851,0.2,NO_KNOWN_OVERLAP,INCLUDE_PRIMARY_INDEPENDENT,0.9234708551901064
GSE54514,SIG023,T2,T48,HALLMARK_APICAL_JUNCTION,HALLMARK_SECONDARY,SSGSEA_RANK_WALK,28,-0.31800766283524906,0.09911705906511584,-0.3294290535406566,0.2,NO_KNOWN_OVERLAP,INCLUDE_PRIMARY_INDEPENDENT,0.22301338289651063
GSE54514,SIG023,T2,T48,HALLMARK_APICAL_SURFACE,HALLMARK_SECONDARY,SSGSEA_RANK_WALK,28,-0.3880678708264915,0.04129063001987516,-0.40952333092103604,0.2,NO_KNOWN_OVERLAP,INCLUDE_PRIMARY_INDEPENDENT,0.14976954374789547
GSE54514,SIG023,T2,T48,HALLMARK_APOPTOSIS,PRESET_PRIMARY,SSGSEA_RANK_WALK,28,-0.4975369458128079,0.007061540059763504,-0.5460274440609753,0.2,NO_KNOWN_OVERLAP,INCLUDE_PRIMARY_INDEPENDENT,0.014123080119527008
GSE54514,SIG023,T2,T48,HALLMARK_BILE_ACID_METABOLISM,HALLMARK_SECONDARY,SSGSEA_RANK_WALK,28,0.5095785440613027,0.0056082642851898075,0.5621603226891583,0.2,NO_KNOWN_OVERLAP,INCLUDE_PRIMARY_INDEPENDENT,0.10094875713341653
GSE54514,SIG023,T2,T48,HALLMARK_CHOLESTEROL_HOMEOSTASIS,HALLMARK_SECONDARY,SSGSEA_RANK_WALK,28,0.39518336070060206,0.03740148450582806,0.41792789521213114,0.2,NO_KNOWN_OVERLAP,INCLUDE_PRIMARY_INDEPENDENT,0.14976954374789547
GSE54514,SIG023,T2,T48,HALLMARK_COMPLEMENT,PRESET_PRIMARY,SSGSEA_RANK_WALK,28,-0.21127531472359057,0.2804832312154993,-0.2145058720257638,0.2,NO_KNOWN_OVERLAP,INCLUDE_PRIMARY_INDEPENDENT,0.3739776416206657
GSE54514,SIG023,T2,T48,HALLMARK_DNA_REPAIR,HALLMARK_SECONDARY,SSGSEA_RANK_WALK,28,-0.4466338259441708,0.017190726559135856,-0.4804873477919089,0.2,NO_KNOWN_OVERLAP,INCLUDE_PRIMARY_INDEPENDENT,0.14976954374789547
GSE54514,SIG023,T2,T48,HALLMARK_E2F_TARGETS,HALLMARK_SECONDARY,SSGSEA_RANK_WALK,28,-0.05692391899288451,0.7735661637414777,-0.05698552295029241,0.2,NO_KNOWN_OVERLAP,INCLUDE_PRIMARY_INDEPENDENT,0.8846122485294974
GSE54514,SIG023,T2,T48,HALLMARK_EPITHELIAL_MESENCHYMAL_TRANSITION,HALLMARK_SECONDARY,SSGSEA_RANK_WALK,28,-0.36891078270388616,0.053377203694042884,-0.38716170530428,0.2,NO_KNOWN_OVERLAP,INCLUDE_PRIMARY_INDEPENDENT,0.17432186905443758
GSE54514,SIG023,T2,T48,HALLMARK_ESTROGEN_RESPONSE_LATE,HALLMARK_SECONDARY,SSGSEA_RANK_WALK,28,-0.05363984674329502,0.7863219986928865,-0.05369138051929705,0.2,NO_KNOWN_OVERLAP,INCLUDE_PRIMARY_INDEPENDENT,0.8846122485294974
GSE54514,SIG023,T2,T48,HALLMARK_FATTY_ACID_METABOLISM,HALLMARK_SECONDARY,SSGSEA_RANK_WALK,28,-0.18773946360153257,0.3387314586184603,-0.18999301140358973,0.2,NO_KNOWN_OVERLAP,INCLUDE_PRIMARY_INDEPENDENT,0.4690127888563297
GSE54514,SIG023,T2,T48,HALLMARK_G2M_CHECKPOINT,HALLMARK_SECONDARY,SSGSEA_RANK_WALK,28,0.09359605911330049,0.6356954086585441,0.09387081213164691,0.2,NO_KNOWN_OVERLAP,INCLUDE_PRIMARY_INDEPENDENT,0.762834490390253
GSE54514,SIG023,T2,T48,HALLMARK_GLYCOLYSIS,HALLMARK_SECONDARY,SSGSEA_RANK_WALK,28,0.34537493158182814,0.07184744722581925,0.3601826778077016,0.2,NO_KNOWN_OVERLAP,INCLUDE_PRIMARY_INDEPENDENT,0.18184794142038463
GSE54514,SIG023,T2,T48,HALLMARK_HEDGEHOG_SIGNALING,HALLMARK_SECONDARY,SSGSEA_RANK_WALK,28,0.13738368910782706,0.48571591740141484,0.13825795062067414,0.2,NO_KNOWN_OVERLAP,INCLUDE_PRIMARY_INDEPENDENT,0.6244918938018191
GSE54514,SIG023,T2,T48,HALLMARK_HEME_METABOLISM,HALLMARK_SECONDARY,SSGSEA_RANK_WALK,28,-0.40777230432402845,0.031242579129412945,-0.4329363129755416,0.2,NO_KNOWN_OVERLAP,INCLUDE_PRIMARY_INDEPENDENT,0.14976954374789547
GSE54514,SIG023,T2,T48,HALLMARK_HYPOXIA,HALLMARK_SECONDARY,SSGSEA_RANK_WALK,28,0.3875205254515599,0.04160265104108207,0.40887910385667914,0.2,NO_KNOWN_OVERLAP,INCLUDE_PRIMARY_INDEPENDENT,0.14976954374789547
GSE54514,SIG023,T2,T48,HALLMARK_IL2_STAT5_SIGNALING,HALLMARK_SECONDARY,SSGSEA_RANK_WALK,28,-0.4417077175697865,0.01861152624254085,-0.4743504880124548,0.2,NO_KNOWN_OVERLAP,INCLUDE_PRIMARY_INDEPENDENT,0.14976954374789547
GSE54514,SIG023,T2,T48,HALLMARK_IL6_JAK_STAT3_SIGNALING,HALLMARK_SECONDARY,SSGSEA_RANK_WALK,28,0.22441160372194854,0.25094708088337603,0.2282968608997246,0.2,NO_KNOWN_OVERLAP,INCLUDE_PRIMARY_INDEPENDENT,0.3983834408214333
GSE54514,SIG023,T2,T48,HALLMARK_INFLAMMATORY_RESPONSE,PRESET_PRIMARY,SSGSEA_RANK_WALK,28,-0.24521072796934865,0.20850630427657757,-0.25031072679587446,0.2,NO_KNOWN_OVERLAP,INCLUDE_PRIMARY_INDEPENDENT,0.33361008684252413
GSE54514,SIG023,T2,T48,HALLMARK_INTERFERON_ALPHA_RESPONSE,PRESET_PRIMARY,SSGSEA_RANK_WALK,28,-0.8396278051450465,2.3338785651269835e-08,-1.2199106093540193,0.2,NO_KNOWN_OVERLAP,INCLUDE_PRIMARY_INDEPENDENT,1.8671028521015868e-07
GSE54514,SIG023,T2,T48,HALLMARK_INTERFERON_GAMMA_RESPONSE,PRESET_PRIMARY,SSGSEA_RANK_WALK,28,-0.7432950191570881,5.858261046440008e-06,-0.957802399779992,0.2,NO_KNOWN_OVERLAP,INCLUDE_PRIMARY_INDEPENDENT,2.3433044185760032e-05
GSE54514,SIG023,T2,T48,HALLMARK_KRAS_SIGNALING_UP,HALLMARK_SECONDARY,SSGSEA_RANK_WALK,28,-0.5582922824302136,0.002018876104062055,-0.6303487095040445,0.2,NO_KNOWN_OVERLAP,INCLUDE_PRIMARY_INDEPENDENT,0.07267953974623398
GSE54514,SIG023,T2,T48,HALLMARK_MITOTIC_SPINDLE,HALLMARK_SECONDARY,SSGSEA_RANK_WALK,28,0.2227695675971538,0.25452275385813794,0.2265684145169198,0.2,NO_KNOWN_OVERLAP,INCLUDE_PRIMARY_INDEPENDENT,0.3983834408214333
GSE54514,SIG023,T2,T48,HALLMARK_MTORC1_SIGNALING,HALLMARK_SECONDARY,SSGSEA_RANK_WALK,28,0.22660098522167485,0.24623106829725866,0.23060354555819973,0.2,NO_KNOWN_OVERLAP,INCLUDE_PRIMARY_INDEPENDENT,0.3983834408214333
GSE54514,SIG023,T2,T48,HALLMARK_MYC_TARGETS_V1,HALLMARK_SECONDARY,SSGSEA_RANK_WALK,28,-0.34099616858237547,0.07576997559182692,-0.3552193388350032,0.2,NO_KNOWN_OVERLAP,INCLUDE_PRIMARY_INDEPENDENT,0.18184794142038463
GSE54514,SIG023,T2,T48,HALLMARK_MYC_TARGETS_V2,HALLMARK_SECONDARY,SSGSEA_RANK_WALK,28,-0.35577449370552816,0.06315880080398556,-0.3720396611145414,0.2,NO_KNOWN_OVERLAP,INCLUDE_PRIMARY_INDEPENDENT,0.17490129453411388
GSE54514,SIG023,T2,T48,HALLMARK_MYOGENESIS,HALLMARK_SECONDARY,SSGSEA_RANK_WALK,28,-0.27586206896551724,0.15534071227054985,-0.2831977374604007,0.2,NO_KNOWN_OVERLAP,INCLUDE_PRIMARY_INDEPENDENT,0.29432977061788396
GSE54514,SIG023,T2,T48,HALLMARK_NOTCH_SIGNALING,HALLMARK_SECONDARY,SSGSEA_RANK_WALK,28,-0.20634920634920634,0.29210886687705223,-0.2093551674290925,0.2,NO_KNOWN_OVERLAP,INCLUDE_PRIMARY_INDEPENDENT,0.4381633003155783
GSE54514,SIG023,T2,T48,HALLMARK_OXIDATIVE_PHOSPHORYLATION,PRESET_PRIMARY,SSGSEA_RANK_WALK,28,-0.02955665024630542,0.8813162664859093,-0.02956526161341125,0.2,NO_KNOWN_OVERLAP,INCLUDE_PRIMARY_INDEPENDENT,0.8813162664859093
GSE54514,SIG023,T2,T48,HALLMARK_P53_PATHWAY,HALLMARK_SECONDARY,SSGSEA_RANK_WALK,28,0.019704433497536946,0.9207240119137842,0.01970698427043834,0.2,NO_KNOWN_OVERLAP,INCLUDE_PRIMARY_INDEPENDENT,0.9470304122541781
GSE54514,SIG023,T2,T48,HALLMARK_PEROXISOME,HALLMARK_SECONDARY,SSGSEA_RANK_WALK,28,-0.0060207991242474,0.9757426685296572,-0.006020871877196877,0.2,NO_KNOWN_OVERLAP,INCLUDE_PRIMARY_INDEPENDENT,0.9757426685296573
GSE54514,SIG023,T2,T48,HALLMARK_PI3K_AKT_MTOR_SIGNALING,HALLMARK_SECONDARY,SSGSEA_RANK_WALK,28,0.39792008757526,0.03598614636775153,0.4211752889030113,0.2,NO_KNOWN_OVERLAP,INCLUDE_PRIMARY_INDEPENDENT,0.14976954374789547
GSE54514,SIG023,T2,T48,HALLMARK_PROTEIN_SECRETION,HALLMARK_SECONDARY,SSGSEA_RANK_WALK,28,0.2851669403393541,0.14131655930090528,0.2932974355558053,0.2,NO_KNOWN_OVERLAP,INCLUDE_PRIMARY_INDEPENDENT,0.28263311860181056
GSE54514,SIG023,T2,T48,HALLMARK_REACTIVE_OXYGEN_SPECIES_PATHWAY,HALLMARK_SECONDARY,SSGSEA_RANK_WALK,28,0.16365626710454295,0.4053314284696222,0.1651412945877137,0.2,NO_KNOWN_OVERLAP,INCLUDE_PRIMARY_INDEPENDENT,0.5404419046261629
GSE54514,SIG023,T2,T48,HALLMARK_TGF_BETA_SIGNALING,HALLMARK_SECONDARY,SSGSEA_RANK_WALK,28,-0.31089217296113847,0.10733740188726469,-0.3215327379003342,0.2,NO_KNOWN_OVERLAP,INCLUDE_PRIMARY_INDEPENDENT,0.22730273340832524
GSE54514,SIG023,T2,T48,HALLMARK_TNFA_SIGNALING_VIA_NFKB,PRESET_PRIMARY,SSGSEA_RANK_WALK,28,0.07060755336617405,0.7210678505632018,0.07072524186173501,0.2,NO_KNOWN_OVERLAP,INCLUDE_PRIMARY_INDEPENDENT,0.824077543500802
GSE54514,SIG023,T2,T48,HALLMARK_UNFOLDED_PROTEIN_RESPONSE,HALLMARK_SECONDARY,SSGSEA_RANK_WALK,28,-0.11330049261083742,0.565934214819054,-0.11378907419103775,0.2,NO_KNOWN_OVERLAP,INCLUDE_PRIMARY_INDEPENDENT,0.7025390252926187
GSE54514,SIG023,T2,T48,HALLMARK_UV_RESPONSE_DN,HALLMARK_SECONDARY,SSGSEA_RANK_WALK,28,0.22441160372194854,0.25094708088337603,0.2282968608997246,0.2,NO_KNOWN_OVERLAP,INCLUDE_PRIMARY_INDEPENDENT,0.3983834408214333
GSE54514,SIG023,T2,T48,HALLMARK_UV_RESPONSE_UP,HALLMARK_SECONDARY,SSGSEA_RANK_WALK,28,-0.1893814997263273,0.33444633233645993,-0.19169558299431544,0.2,NO_KNOWN_OVERLAP,INCLUDE_PRIMARY_INDEPENDENT,0.4690127888563297
GSE54514,SIG023,T2,T48,HALLMARK_WNT_BETA_CATENIN_SIGNALING,HALLMARK_SECONDARY,SSGSEA_RANK_WALK,28,-0.40777230432402845,0.031242579129412945,-0.4329363129755416,0.2,NO_KNOWN_OVERLAP,INCLUDE_PRIMARY_INDEPENDENT,0.14976954374789547
GSE54514,SIG023,T2,T48,HALLMARK_XENOBIOTIC_METABOLISM,HALLMARK_SECONDARY,SSGSEA_RANK_WALK,28,0.36234263820470713,0.05810728968481253,0.3795799681838955,0.2,NO_KNOWN_OVERLAP,INCLUDE_PRIMARY_INDEPENDENT,0.17432186905443758
GSE54514,SIG023,T2,T48,Neutrophil degranulation,REACTOME_SUPPLEMENT,SSGSEA_RANK_WALK,28,0.35358511220580185,0.064916406373081,0.3695352256620269,0.2,NO_KNOWN_OVERLAP,INCLUDE_PRIMARY_INDEPENDENT,0.064916406373081
GSE54514,SIG023,T2,T48,TCR signaling,REACTOME_SUPPLEMENT,SSGSEA_RANK_WALK,28,-0.5489874110563766,0.0024832462182090074,-0.6169307303639059,0.2,NO_KNOWN_OVERLAP,INCLUDE_PRIMARY_INDEPENDENT,0.004966492436418015
GSE54514,SIG033,T1,T24,HALLMARK_ADIPOGENESIS,HALLMARK_SECONDARY,SSGSEA_RANK_WALK,31,0.3399193548387097,0.0613501198980395,0.35400134549172974,0.1889822365046136,NO_KNOWN_OVERLAP,INCLUDE_PRIMARY_INDEPENDENT,0.2208604316329422
GSE54514,SIG033,T1,T24,HALLMARK_ALLOGRAFT_REJECTION,PRESET_PRIMARY,SSGSEA_RANK_WALK,31,-0.8036290322580646,5.2276642810082674e-08,-1.1087752401751294,0.1889822365046136,NO_KNOWN_OVERLAP,INCLUDE_PRIMARY_INDEPENDENT,4.182131424806614e-07
GSE54514,SIG033,T1,T24,HALLMARK_ANDROGEN_RESPONSE,HALLMARK_SECONDARY,SSGSEA_RANK_WALK,31,0.2754032258064516,0.1337340112377837,0.28270116826104486,0.1889822365046136,NO_KNOWN_OVERLAP,INCLUDE_PRIMARY_INDEPENDENT,0.3009015252850133
GSE54514,SIG033,T1,T24,HALLMARK_APICAL_JUNCTION,HALLMARK_SECONDARY,SSGSEA_RANK_WALK,31,-0.07096774193548387,0.7044109201080131,-0.0710872443902713,0.1889822365046136,NO_KNOWN_OVERLAP,INCLUDE_PRIMARY_INDEPENDENT,0.8180255846415636
GSE54514,SIG033,T1,T24,HALLMARK_APICAL_SURFACE,HALLMARK_SECONDARY,SSGSEA_RANK_WALK,31,-0.5810483870967743,0.000608975803894823,-0.6640440055965523,0.1889822365046136,NO_KNOWN_OVERLAP,INCLUDE_PRIMARY_INDEPENDENT,0.007307709646737877
GSE54514,SIG033,T1,T24,HALLMARK_APOPTOSIS,PRESET_PRIMARY,SSGSEA_RANK_WALK,31,-0.27298387096774196,0.13732205471747821,-0.2800851326773372,0.1889822365046136,NO_KNOWN_OVERLAP,INCLUDE_PRIMARY_INDEPENDENT,0.1569394911056894
GSE54514,SIG033,T1,T24,HALLMARK_BILE_ACID_METABOLISM,HALLMARK_SECONDARY,SSGSEA_RANK_WALK,31,0.15766129032258067,0.3969596036225368,0.1589874592822491,0.1889822365046136,NO_KNOWN_OVERLAP,INCLUDE_PRIMARY_INDEPENDENT,0.571621829216453
GSE54514,SIG033,T1,T24,HALLMARK_CHOLESTEROL_HOMEOSTASIS,HALLMARK_SECONDARY,SSGSEA_RANK_WALK,31,0.43588709677419357,0.014239265374826185,0.4671418543061483,0.1889822365046136,NO_KNOWN_OVERLAP,INCLUDE_PRIMARY_INDEPENDENT,0.06407669418671783
GSE54514,SIG033,T1,T24,HALLMARK_COMPLEMENT,PRESET_PRIMARY,SSGSEA_RANK_WALK,31,-0.5060483870967742,0.0036785496473568428,-0.5574034872940452,0.1889822365046136,NO_KNOWN_OVERLAP,INCLUDE_PRIMARY_INDEPENDENT,0.009809465726284914
GSE54514,SIG033,T1,T24,HALLMARK_DNA_REPAIR,HALLMARK_SECONDARY,SSGSEA_RANK_WALK,31,-0.42862903225806454,0.016134627655572706,-0.4582159325873958,0.1889822365046136,NO_KNOWN_OVERLAP,INCLUDE_PRIMARY_INDEPENDENT,0.06453851062229082
GSE54514,SIG033,T1,T24,HALLMARK_E2F_TARGETS,HALLMARK_SECONDARY,SSGSEA_RANK_WALK,31,-0.027822580645161292,0.8818912115695392,-0.0278297630974722,0.1889822365046136,NO_KNOWN_OVERLAP,INCLUDE_PRIMARY_INDEPENDENT,0.9070881033286688
GSE54514,SIG033,T1,T24,HALLMARK_EPITHELIAL_MESENCHYMAL_TRANSITION,HALLMARK_SECONDARY,SSGSEA_RANK_WALK,31,0.28790322580645167,0.11628323502043882,0.2962784738055263,0.1889822365046136,NO_KNOWN_OVERLAP,INCLUDE_PRIMARY_INDEPENDENT,0.27907976404905316
GSE54514,SIG033,T1,T24,HALLMARK_ESTROGEN_RESPONSE_LATE,HALLMARK_SECONDARY,SSGSEA_RANK_WALK,31,0.22540322580645164,0.22277440722193506,0.22934131507411823,0.1889822365046136,NO_KNOWN_OVERLAP,INCLUDE_PRIMARY_INDEPENDENT,0.44554881444387007
GSE54514,SIG033,T1,T24,HALLMARK_FATTY_ACID_METABOLISM,HALLMARK_SECONDARY,SSGSEA_RANK_WALK,31,-0.11370967741935485,0.5424765201717012,-0.1142035995028354,0.1889822365046136,NO_KNOWN_OVERLAP,INCLUDE_PRIMARY_INDEPENDENT,0.7233020268956016
GSE54514,SIG033,T1,T24,HALLMARK_G2M_CHECKPOINT,HALLMARK_SECONDARY,SSGSEA_RANK_WALK,31,0.23750000000000004,0.1982672770608081,0.24212299298063938,0.1889822365046136,NO_KNOWN_OVERLAP,INCLUDE_PRIMARY_INDEPENDENT,0.41986011612877006
GSE54514,SIG033,T1,T24,HALLMARK_GLYCOLYSIS,HALLMARK_SECONDARY,SSGSEA_RANK_WALK,31,0.29153225806451616,0.11154963094645272,0.3002400307110305,0.1889822365046136,NO_KNOWN_OVERLAP,INCLUDE_PRIMARY_INDEPENDENT,0.27907976404905316
GSE54514,SIG033,T1,T24,HALLMARK_HEDGEHOG_SIGNALING,HALLMARK_SECONDARY,SSGSEA_RANK_WALK,31,0.12661290322580646,0.4973147635433742,0.1272960561279856,0.1889822365046136,NO_KNOWN_OVERLAP,INCLUDE_PRIMARY_INDEPENDENT,0.6885896725985182
GSE54514,SIG033,T1,T24,HALLMARK_HEME_METABOLISM,HALLMARK_SECONDARY,SSGSEA_RANK_WALK,31,0.31854838709677424,0.08071696866759322,0.33003072798709004,0.1889822365046136,NO_KNOWN_OVERLAP,INCLUDE_PRIMARY_INDEPENDENT,0.2641646247303051
GSE54514,SIG033,T1,T24,HALLMARK_HYPOXIA,HALLMARK_SECONDARY,SSGSEA_RANK_WALK,31,0.44112903225806455,0.012989226631661653,0.4736317579847624,0.1889822365046136,NO_KNOWN_OVERLAP,INCLUDE_PRIMARY_INDEPENDENT,0.06407669418671783
GSE54514,SIG033,T1,T24,HALLMARK_IL2_STAT5_SIGNALING,HALLMARK_SECONDARY,SSGSEA_RANK_WALK,31,-0.7044354838709678,9.733343346378049e-06,-0.8760510493400693,0.1889822365046136,NO_KNOWN_OVERLAP,INCLUDE_PRIMARY_INDEPENDENT,0.00017520018023480487
GSE54514,SIG033,T1,T24,HALLMARK_IL6_JAK_STAT3_SIGNALING,HALLMARK_SECONDARY,SSGSEA_RANK_WALK,31,-0.07983870967741936,0.6694241531619162,-0.08000899791454844,0.1889822365046136,NO_KNOWN_OVERLAP,INCLUDE_PRIMARY_INDEPENDENT,0.8033089837942994
GSE54514,SIG033,T1,T24,HALLMARK_INFLAMMATORY_RESPONSE,PRESET_PRIMARY,SSGSEA_RANK_WALK,31,-0.5895161290322581,0.00048340075680468894,-0.6769241453010989,0.1889822365046136,NO_KNOWN_OVERLAP,INCLUDE_PRIMARY_INDEPENDENT,0.0019336030272187558
GSE54514,SIG033,T1,T24,HALLMARK_INTERFERON_ALPHA_RESPONSE,PRESET_PRIMARY,SSGSEA_RANK_WALK,31,-0.27862903225806457,0.12905744050543946,-0.28619509551481415,0.1889822365046136,NO_KNOWN_OVERLAP,INCLUDE_PRIMARY_INDEPENDENT,0.1569394911056894
GSE54514,SIG033,T1,T24,HALLMARK_INTERFERON_GAMMA_RESPONSE,PRESET_PRIMARY,SSGSEA_RANK_WALK,31,-0.39193548387096777,0.029211724819509347,-0.41408475181770865,0.1889822365046136,NO_KNOWN_OVERLAP,INCLUDE_PRIMARY_INDEPENDENT,0.058423449639018694
GSE54514,SIG033,T1,T24,HALLMARK_KRAS_SIGNALING_UP,HALLMARK_SECONDARY,SSGSEA_RANK_WALK,31,-0.04395161290322581,0.8143878586132712,-0.04397994684306608,0.1889822365046136,NO_KNOWN_OVERLAP,INCLUDE_PRIMARY_INDEPENDENT,0.8800529286713834
GSE54514,SIG033,T1,T24,HALLMARK_MITOTIC_SPINDLE,HALLMARK_SECONDARY,SSGSEA_RANK_WALK,31,0.455241935483871,0.01007187411298241,0.4912928333412949,0.1889822365046136,NO_KNOWN_OVERLAP,INCLUDE_PRIMARY_INDEPENDENT,0.06043124467789446
GSE54514,SIG033,T1,T24,HALLMARK_MTORC1_SIGNALING,HALLMARK_SECONDARY,SSGSEA_RANK_WALK,31,0.2,0.2807046476465547,0.2027325540540822,0.1889822365046136,NO_KNOWN_OVERLAP,INCLUDE_PRIMARY_INDEPENDENT,0.4812079673940937
GSE54514,SIG033,T1,T24,HALLMARK_MYC_TARGETS_V1,HALLMARK_SECONDARY,SSGSEA_RANK_WALK,31,-0.2923387096774194,0.11051756123251046,-0.3011216167274021,0.1889822365046136,NO_KNOWN_OVERLAP,INCLUDE_PRIMARY_INDEPENDENT,0.27907976404905316
GSE54514,SIG033,T1,T24,HALLMARK_MYC_TARGETS_V2,HALLMARK_SECONDARY,SSGSEA_RANK_WALK,31,-0.5604838709677421,0.0010402703030454334,-0.6335384054003192,0.1889822365046136,NO_KNOWN_OVERLAP,INCLUDE_PRIMARY_INDEPENDENT,0.009362432727408901
GSE54514,SIG033,T1,T24,HALLMARK_MYOGENESIS,HALLMARK_SECONDARY,SSGSEA_RANK_WALK,31,0.019354838709677424,0.9176897838845379,0.019357256090345214,0.1889822365046136,NO_KNOWN_OVERLAP,INCLUDE_PRIMARY_INDEPENDENT,0.9176897838845378
GSE54514,SIG033,T1,T24,HALLMARK_NOTCH_SIGNALING,HALLMARK_SECONDARY,SSGSEA_RANK_WALK,31,-0.10241935483870969,0.5835146386097445,-0.10277974272420239,0.1889822365046136,NO_KNOWN_OVERLAP,INCLUDE_PRIMARY_INDEPENDENT,0.7502331067839573
GSE54514,SIG033,T1,T24,HALLMARK_OXIDATIVE_PHOSPHORYLATION,PRESET_PRIMARY,SSGSEA_RANK_WALK,31,-0.2830645161290323,0.12282511613567898,-0.29101039641194115,0.1889822365046136,NO_KNOWN_OVERLAP,INCLUDE_PRIMARY_INDEPENDENT,0.1569394911056894
GSE54514,SIG033,T1,T24,HALLMARK_P53_PATHWAY,HALLMARK_SECONDARY,SSGSEA_RANK_WALK,31,-0.06129032258064517,0.7432634435518759,-0.06136724179693969,0.1889822365046136,NO_KNOWN_OVERLAP,INCLUDE_PRIMARY_INDEPENDENT,0.8361713739958604
GSE54514,SIG033,T1,T24,HALLMARK_PEROXISOME,HALLMARK_SECONDARY,SSGSEA_RANK_WALK,31,-0.1939516129032258,0.29580630676653497,-0.1964399968005956,0.1889822365046136,NO_KNOWN_OVERLAP,INCLUDE_PRIMARY_INDEPENDENT,0.4824805186224596
GSE54514,SIG033,T1,T24,HALLMARK_PI3K_AKT_MTOR_SIGNALING,HALLMARK_SECONDARY,SSGSEA_RANK_WALK,31,0.1625,0.38244118465280597,0.16395343688114494,0.1889822365046136,NO_KNOWN_OVERLAP,INCLUDE_PRIMARY_INDEPENDENT,0.571621829216453
GSE54514,SIG033,T1,T24,HALLMARK_PROTEIN_SECRETION,HALLMARK_SECONDARY,SSGSEA_RANK_WALK,31,0.18911290322580646,0.3082514424532381,0.1914170095213121,0.1889822365046136,NO_KNOWN_OVERLAP,INCLUDE_PRIMARY_INDEPENDENT,0.4824805186224596
GSE54514,SIG033,T1,T24,HALLMARK_REACTIVE_OXYGEN_SPECIES_PATHWAY,HALLMARK_SECONDARY,SSGSEA_RANK_WALK,31,0.09274193548387098,0.6197410829999634,0.0930092093376404,0.1889822365046136,NO_KNOWN_OVERLAP,INCLUDE_PRIMARY_INDEPENDENT,0.7693337582068512
GSE54514,SIG033,T1,T24,HALLMARK_TGF_BETA_SIGNALING,HALLMARK_SECONDARY,SSGSEA_RANK_WALK,31,0.03991935483870968,0.831161099300751,0.039940579697241005,0.1889822365046136,NO_KNOWN_OVERLAP,INCLUDE_PRIMARY_INDEPENDENT,0.8800529286713834
GSE54514,SIG033,T1,T24,HALLMARK_TNFA_SIGNALING_VIA_NFKB,PRESET_PRIMARY,SSGSEA_RANK_WALK,31,-0.15201612903225808,0.4142892077160375,-0.15320361326403667,0.1889822365046136,NO_KNOWN_OVERLAP,INCLUDE_PRIMARY_INDEPENDENT,0.4142892077160375
GSE54514,SIG033,T1,T24,HALLMARK_UNFOLDED_PROTEIN_RESPONSE,HALLMARK_SECONDARY,SSGSEA_RANK_WALK,31,-0.3096774193548388,0.09001503564331985,-0.3201885722899407,0.1889822365046136,NO_KNOWN_OVERLAP,INCLUDE_PRIMARY_INDEPENDENT,0.27004510692995953
GSE54514,SIG033,T1,T24,HALLMARK_UV_RESPONSE_DN,HALLMARK_SECONDARY,SSGSEA_RANK_WALK,31,0.49959677419354837,0.004216107402971584,0.5487686543602314,0.1889822365046136,NO_KNOWN_OVERLAP,INCLUDE_PRIMARY_INDEPENDENT,0.030355973301395407
GSE54514,SIG033,T1,T24,HALLMARK_UV_RESPONSE_UP,HALLMARK_SECONDARY,SSGSEA_RANK_WALK,31,0.21008064516129035,0.2566571759390197,0.2132557137479132,0.1889822365046136,NO_KNOWN_OVERLAP,INCLUDE_PRIMARY_INDEPENDENT,0.46198291669023545
GSE54514,SIG033,T1,T24,HALLMARK_WNT_BETA_CATENIN_SIGNALING,HALLMARK_SECONDARY,SSGSEA_RANK_WALK,31,-0.7116935483870969,7.15321127941367e-06,-0.8906072780257203,0.1889822365046136,NO_KNOWN_OVERLAP,INCLUDE_PRIMARY_INDEPENDENT,0.00017520018023480487
GSE54514,SIG033,T1,T24,HALLMARK_XENOBIOTIC_METABOLISM,HALLMARK_SECONDARY,SSGSEA_RANK_WALK,31,0.21895161290322585,0.23665060222315748,0.22255466568623114,0.1889822365046136,NO_KNOWN_OVERLAP,INCLUDE_PRIMARY_INDEPENDENT,0.4483906147386142
GSE54514,SIG033,T1,T24,Neutrophil degranulation,REACTOME_SUPPLEMENT,SSGSEA_RANK_WALK,31,0.3451612903225807,0.05720845355487475,0.3599401213785071,0.1889822365046136,NO_KNOWN_OVERLAP,INCLUDE_PRIMARY_INDEPENDENT,0.05720845355487475
GSE54514,SIG033,T1,T24,TCR signaling,REACTOME_SUPPLEMENT,SSGSEA_RANK_WALK,31,-0.6762096774193549,2.9726988971688014e-05,-0.822097112652938,0.1889822365046136,NO_KNOWN_OVERLAP,INCLUDE_PRIMARY_INDEPENDENT,5.945397794337603e-05
GSE54514,SIG033,T2,T48,HALLMARK_ADIPOGENESIS,HALLMARK_SECONDARY,SSGSEA_RANK_WALK,28,0.3771209633278598,0.04789599020323551,0.3966990015670274,0.2,NO_KNOWN_OVERLAP,INCLUDE_PRIMARY_INDEPENDENT,0.16786996046965222
GSE54514,SIG033,T2,T48,HALLMARK_ALLOGRAFT_REJECTION,PRESET_PRIMARY,SSGSEA_RANK_WALK,28,-0.739463601532567,6.933876248739539e-06,-0.9492947464326205,0.2,NO_KNOWN_OVERLAP,INCLUDE_PRIMARY_INDEPENDENT,5.5471009989916315e-05
GSE54514,SIG033,T2,T48,HALLMARK_ANDROGEN_RESPONSE,HALLMARK_SECONDARY,SSGSEA_RANK_WALK,28,0.17788724685276408,0.36513274772276916,0.1798000444787975,0.2,NO_KNOWN_OVERLAP,INCLUDE_PRIMARY_INDEPENDENT,0.5055684199238342
GSE54514,SIG033,T2,T48,HALLMARK_APICAL_JUNCTION,HALLMARK_SECONDARY,SSGSEA_RANK_WALK,28,0.1231527093596059,0.5324069487120499,0.1237810393311778,0.2,NO_KNOWN_OVERLAP,INCLUDE_PRIMARY_INDEPENDENT,0.6609189708149585
GSE54514,SIG033,T2,T48,HALLMARK_APICAL_SURFACE,HALLMARK_SECONDARY,SSGSEA_RANK_WALK,28,-0.42966611932129173,0.022494970753760696,-0.4594871340415047,0.2,NO_KNOWN_OVERLAP,INCLUDE_PRIMARY_INDEPENDENT,0.10122736839192313
GSE54514,SIG033,T2,T48,HALLMARK_APOPTOSIS,PRESET_PRIMARY,SSGSEA_RANK_WALK,28,-0.1625615763546798,0.4085230764922808,-0.16401668398767416,0.2,NO_KNOWN_OVERLAP,INCLUDE_PRIMARY_INDEPENDENT,0.5196122294979658
GSE54514,SIG033,T2,T48,HALLMARK_BILE_ACID_METABOLISM,HALLMARK_SECONDARY,SSGSEA_RANK_WALK,28,-0.07498631636562669,0.704513791666417,-0.075127340498646,0.2,NO_KNOWN_OVERLAP,INCLUDE_PRIMARY_INDEPENDENT,0.8181450483868069
GSE54514,SIG033,T2,T48,HALLMARK_CHOLESTEROL_HOMEOSTASIS,HALLMARK_SECONDARY,SSGSEA_RANK_WALK,28,0.3541324575807335,0.06447348833866172,0.3701609177463614,0.2,NO_KNOWN_OVERLAP,INCLUDE_PRIMARY_INDEPENDENT,0.16786996046965222
GSE54514,SIG033,T2,T48,HALLMARK_COMPLEMENT,PRESET_PRIMARY,SSGSEA_RANK_WALK,28,-0.4625068418171866,0.013207409213627229,-0.5004956131510352,0.2,NO_KNOWN_OVERLAP,INCLUDE_PRIMARY_INDEPENDENT,0.035219757903005945
GSE54514,SIG033,T2,T48,HALLMARK_DNA_REPAIR,HALLMARK_SECONDARY,SSGSEA_RANK_WALK,28,-0.38970990695128627,0.040365738507331446,-0.4114579489052297,0.2,NO_KNOWN_OVERLAP,INCLUDE_PRIMARY_INDEPENDENT,0.16146295402932578
GSE54514,SIG033,T2,T48,HALLMARK_E2F_TARGETS,HALLMARK_SECONDARY,SSGSEA_RANK_WALK,28,0.2616310892172961,0.17866818689980496,0.2678585496114965,0.2,NO_KNOWN_OVERLAP,INCLUDE_PRIMARY_INDEPENDENT,0.30628832039966564
GSE54514,SIG033,T2,T48,HALLMARK_EPITHELIAL_MESENCHYMAL_TRANSITION,HALLMARK_SECONDARY,SSGSEA_RANK_WALK,28,0.270935960591133,0.1631550211322279,0.27787365557875116,0.2,NO_KNOWN_OVERLAP,INCLUDE_PRIMARY_INDEPENDENT,0.30628832039966564
GSE54514,SIG033,T2,T48,HALLMARK_ESTROGEN_RESPONSE_LATE,HALLMARK_SECONDARY,SSGSEA_RANK_WALK,28,0.3607006020799124,0.059339504779703366,0.377691054341242,0.2,NO_KNOWN_OVERLAP,INCLUDE_PRIMARY_INDEPENDENT,0.16786996046965222
GSE54514,SIG033,T2,T48,HALLMARK_FATTY_ACID_METABOLISM,HALLMARK_SECONDARY,SSGSEA_RANK_WALK,28,-0.041050903119868636,0.8356939585960415,-0.04107398580449943,0.2,NO_KNOWN_OVERLAP,INCLUDE_PRIMARY_INDEPENDENT,0.8595709288416427
GSE54514,SIG033,T2,T48,HALLMARK_G2M_CHECKPOINT,HALLMARK_SECONDARY,SSGSEA_RANK_WALK,28,0.4351395730706075,0.020654864610296815,0.46621935914106855,0.2,NO_KNOWN_OVERLAP,INCLUDE_PRIMARY_INDEPENDENT,0.10122736839192313
GSE54514,SIG033,T2,T48,HALLMARK_GLYCOLYSIS,HALLMARK_SECONDARY,SSGSEA_RANK_WALK,28,0.2468527640941434,0.2053786330697257,0.25205856275691924,0.2,NO_KNOWN_OVERLAP,INCLUDE_PRIMARY_INDEPENDENT,0.3214622082830489
GSE54514,SIG033,T2,T48,HALLMARK_HEDGEHOG_SIGNALING,HALLMARK_SECONDARY,SSGSEA_RANK_WALK,28,0.0016420361247947454,0.9933834762125375,0.0016420376005949627,0.2,NO_KNOWN_OVERLAP,INCLUDE_PRIMARY_INDEPENDENT,0.9933834762125375
GSE54514,SIG033,T2,T48,HALLMARK_HEME_METABOLISM,HALLMARK_SECONDARY,SSGSEA_RANK_WALK,28,0.3360700602079913,0.08037704266013064,0.3496555807244551,0.2,NO_KNOWN_OVERLAP,INCLUDE_PRIMARY_INDEPENDENT,0.18084834598529395
GSE54514,SIG033,T2,T48,HALLMARK_HYPOXIA,HALLMARK_SECONDARY,SSGSEA_RANK_WALK,28,0.4811165845648605,0.009545491526626836,0.5244361532378559,0.2,NO_KNOWN_OVERLAP,INCLUDE_PRIMARY_INDEPENDENT,0.058405805901439595
GSE54514,SIG033,T2,T48,HALLMARK_IL2_STAT5_SIGNALING,HALLMARK_SECONDARY,SSGSEA_RANK_WALK,28,-0.5358511220580187,0.003293523189675237,-0.5983173124352517,0.2,NO_KNOWN_OVERLAP,INCLUDE_PRIMARY_INDEPENDENT,0.030682564828719373
GSE54514,SIG033,T2,T48,HALLMARK_IL6_JAK_STAT3_SIGNALING,HALLMARK_SECONDARY,SSGSEA_RANK_WALK,28,-0.047619047619047616,0.8098462067907233,-0.04765508990216243,0.2,NO_KNOWN_OVERLAP,INCLUDE_PRIMARY_INDEPENDENT,0.8595709288416427
GSE54514,SIG033,T2,T48,HALLMARK_INFLAMMATORY_RESPONSE,PRESET_PRIMARY,SSGSEA_RANK_WALK,28,-0.3541324575807335,0.06447348833866172,-0.3701609177463614,0.2,NO_KNOWN_OVERLAP,INCLUDE_PRIMARY_INDEPENDENT,0.12894697667732344
GSE54514,SIG033,T2,T48,HALLMARK_INTERFERON_ALPHA_RESPONSE,PRESET_PRIMARY,SSGSEA_RANK_WALK,28,-0.26436781609195403,0.1740022678183272,-0.2707986412163722,0.2,NO_KNOWN_OVERLAP,INCLUDE_PRIMARY_INDEPENDENT,0.27840362850932354
GSE54514,SIG033,T2,T48,HALLMARK_INTERFERON_GAMMA_RESPONSE,PRESET_PRIMARY,SSGSEA_RANK_WALK,28,-0.4904214559386973,0.008061054593855003,-0.5366151076983462,0.2,NO_KNOWN_OVERLAP,INCLUDE_PRIMARY_INDEPENDENT,0.03224421837542001
GSE54514,SIG033,T2,T48,HALLMARK_KRAS_SIGNALING_UP,HALLMARK_SECONDARY,SSGSEA_RANK_WALK,28,-0.08593322386425835,0.6637147036612618,-0.08614569121700866,0.2,NO_KNOWN_OVERLAP,INCLUDE_PRIMARY_INDEPENDENT,0.7964576443935142
GSE54514,SIG033,T2,T48,HALLMARK_MITOTIC_SPINDLE,HALLMARK_SECONDARY,SSGSEA_RANK_WALK,28,0.5495347564313082,0.0024535903318924418,0.617714542217415,0.2,NO_KNOWN_OVERLAP,INCLUDE_PRIMARY_INDEPENDENT,0.030682564828719373
GSE54514,SIG033,T2,T48,HALLMARK_MTORC1_SIGNALING,HALLMARK_SECONDARY,SSGSEA_RANK_WALK,28,0.348111658456486,0.06947653701825968,0.36329341438261886,0.2,NO_KNOWN_OVERLAP,INCLUDE_PRIMARY_INDEPENDENT,0.16786996046965222
GSE54514,SIG033,T2,T48,HALLMARK_MYC_TARGETS_V1,HALLMARK_SECONDARY,SSGSEA_RANK_WALK,28,-0.36507936507936506,0.0560981356399166,-0.3827339210697857,0.2,NO_KNOWN_OVERLAP,INCLUDE_PRIMARY_INDEPENDENT,0.16786996046965222
GSE54514,SIG033,T2,T48,HALLMARK_MYC_TARGETS_V2,HALLMARK_SECONDARY,SSGSEA_RANK_WALK,28,-0.48002189381499727,0.009734300983573266,-0.5230127262841341,0.2,NO_KNOWN_OVERLAP,INCLUDE_PRIMARY_INDEPENDENT,0.058405805901439595
GSE54514,SIG033,T2,T48,HALLMARK_MYOGENESIS,HALLMARK_SECONDARY,SSGSEA_RANK_WALK,28,0.20525451559934318,0.2947330918676428,0.20821206094894193,0.2,NO_KNOWN_OVERLAP,INCLUDE_PRIMARY_INDEPENDENT,0.44209963780146416
GSE54514,SIG033,T2,T48,HALLMARK_NOTCH_SIGNALING,HALLMARK_SECONDARY,SSGSEA_RANK_WALK,28,-0.1258894362342638,0.5232649596714785,-0.12656087071897235,0.2,NO_KNOWN_OVERLAP,INCLUDE_PRIMARY_INDEPENDENT,0.6609189708149585
GSE54514,SIG033,T2,T48,HALLMARK_OXIDATIVE_PHOSPHORYLATION,PRESET_PRIMARY,SSGSEA_RANK_WALK,28,-0.1472359058565955,0.4546607008107201,-0.14831390950511958,0.2,NO_KNOWN_OVERLAP,INCLUDE_PRIMARY_INDEPENDENT,0.5196122294979658
GSE54514,SIG033,T2,T48,HALLMARK_P53_PATHWAY,HALLMARK_SECONDARY,SSGSEA_RANK_WALK,28,-0.1395730706075534,0.47872291449801707,-0.14049013809288122,0.2,NO_KNOWN_OVERLAP,INCLUDE_PRIMARY_INDEPENDENT,0.6382972193306894
GSE54514,SIG033,T2,T48,HALLMARK_PEROXISOME,HALLMARK_SECONDARY,SSGSEA_RANK_WALK,28,-0.06075533661740558,0.7587569748353266,-0.06083025620140198,0.2,NO_KNOWN_OVERLAP,INCLUDE_PRIMARY_INDEPENDENT,0.8536015966897423
GSE54514,SIG033,T2,T48,HALLMARK_PI3K_AKT_MTOR_SIGNALING,HALLMARK_SECONDARY,SSGSEA_RANK_WALK,28,0.26655719759168034,0.17033169533150908,0.2731540074043324,0.2,NO_KNOWN_OVERLAP,INCLUDE_PRIMARY_INDEPENDENT,0.30628832039966564
GSE54514,SIG033,T2,T48,HALLMARK_PROTEIN_SECRETION,HALLMARK_SECONDARY,SSGSEA_RANK_WALK,28,0.27586206896551724,0.15534071227054985,0.2831977374604007,0.2,NO_KNOWN_OVERLAP,INCLUDE_PRIMARY_INDEPENDENT,0.30628832039966564
GSE54514,SIG033,T2,T48,HALLMARK_REACTIVE_OXYGEN_SPECIES_PATHWAY,HALLMARK_SECONDARY,SSGSEA_RANK_WALK,28,0.29556650246305416,0.12675241271223336,0.3046547009589286,0.2,NO_KNOWN_OVERLAP,INCLUDE_PRIMARY_INDEPENDENT,0.26841687397884717
GSE54514,SIG033,T2,T48,HALLMARK_TGF_BETA_SIGNALING,HALLMARK_SECONDARY,SSGSEA_RANK_WALK,28,-0.1839080459770115,0.3488582722281329,-0.18602455559416017,0.2,NO_KNOWN_OVERLAP,INCLUDE_PRIMARY_INDEPENDENT,0.5023559120085114
GSE54514,SIG033,T2,T48,HALLMARK_TNFA_SIGNALING_VIA_NFKB,PRESET_PRIMARY,SSGSEA_RANK_WALK,28,-0.041050903119868636,0.8356939585960415,-0.04107398580449943,0.2,NO_KNOWN_OVERLAP,INCLUDE_PRIMARY_INDEPENDENT,0.8356939585960415
GSE54514,SIG033,T2,T48,HALLMARK_UNFOLDED_PROTEIN_RESPONSE,HALLMARK_SECONDARY,SSGSEA_RANK_WALK,28,-0.3475643130815544,0.06994581686235508,-0.3626707295595518,0.2,NO_KNOWN_OVERLAP,INCLUDE_PRIMARY_INDEPENDENT,0.16786996046965222
GSE54514,SIG033,T2,T48,HALLMARK_UV_RESPONSE_DN,HALLMARK_SECONDARY,SSGSEA_RANK_WALK,28,0.2556102900930487,0.1892397612486183,0.2614061594796091,0.2,NO_KNOWN_OVERLAP,INCLUDE_PRIMARY_INDEPENDENT,0.3096650638613754
GSE54514,SIG033,T2,T48,HALLMARK_UV_RESPONSE_UP,HALLMARK_SECONDARY,SSGSEA_RANK_WALK,28,0.04159824849480022,0.8335332025809923,0.04162226750514882,0.2,NO_KNOWN_OVERLAP,INCLUDE_PRIMARY_INDEPENDENT,0.8595709288416427
GSE54514,SIG033,T2,T48,HALLMARK_WNT_BETA_CATENIN_SIGNALING,HALLMARK_SECONDARY,SSGSEA_RANK_WALK,28,-0.7241379310344829,1.3235692578454676e-05,-0.9162907318741553,0.2,NO_KNOWN_OVERLAP,INCLUDE_PRIMARY_INDEPENDENT,0.0004764849328243683
GSE54514,SIG033,T2,T48,HALLMARK_XENOBIOTIC_METABOLISM,HALLMARK_SECONDARY,SSGSEA_RANK_WALK,28,0.5342090859332238,0.003409173869857708,0.596016711295707,0.2,NO_KNOWN_OVERLAP,INCLUDE_PRIMARY_INDEPENDENT,0.030682564828719373
GSE54514,SIG033,T2,T48,Neutrophil degranulation,REACTOME_SUPPLEMENT,SSGSEA_RANK_WALK,28,0.38040503557744937,0.04583230974945872,0.4005331288808683,0.2,NO_KNOWN_OVERLAP,INCLUDE_PRIMARY_INDEPENDENT,0.04583230974945872
GSE54514,SIG033,T2,T48,TCR signaling,REACTOME_SUPPLEMENT,SSGSEA_RANK_WALK,28,-0.6250684181718663,0.00037619058574363755,-0.733280818250767,0.2,NO_KNOWN_OVERLAP,INCLUDE_PRIMARY_INDEPENDENT,0.0007523811714872751
GSE54514,SIG034,T1,T24,HALLMARK_ADIPOGENESIS,HALLMARK_SECONDARY,SSGSEA_RANK_WALK,31,0.4088709677419355,0.022382995156207112,0.43425480412370254,0.1889822365046136,NO_KNOWN_OVERLAP,INCLUDE_PRIMARY_INDEPENDENT,0.06714898546862134
GSE54514,SIG034,T1,T24,HALLMARK_ALLOGRAFT_REJECTION,PRESET_PRIMARY,SSGSEA_RANK_WALK,31,-0.7350806451612905,2.481473509418739e-06,-0.9396918571769949,0.1889822365046136,NO_KNOWN_OVERLAP,INCLUDE_PRIMARY_INDEPENDENT,1.9851788075349912e-05
GSE54514,SIG034,T1,T24,HALLMARK_ANDROGEN_RESPONSE,HALLMARK_SECONDARY,SSGSEA_RANK_WALK,31,0.08870967741935484,0.6351041874688885,0.08894347986304445,0.1889822365046136,NO_KNOWN_OVERLAP,INCLUDE_PRIMARY_INDEPENDENT,0.773273443023234
GSE54514,SIG034,T1,T24,HALLMARK_APICAL_JUNCTION,HALLMARK_SECONDARY,SSGSEA_RANK_WALK,31,-0.17943548387096778,0.3341098641288649,-0.18139933089463078,0.1889822365046136,NO_KNOWN_OVERLAP,INCLUDE_PRIMARY_INDEPENDENT,0.522954569940832
GSE54514,SIG034,T1,T24,HALLMARK_APICAL_SURFACE,HALLMARK_SECONDARY,SSGSEA_RANK_WALK,31,-0.5463709677419355,0.001473171971763295,-0.613193199581418,0.1889822365046136,NO_KNOWN_OVERLAP,INCLUDE_PRIMARY_INDEPENDENT,0.00883903183057977
GSE54514,SIG034,T1,T24,HALLMARK_APOPTOSIS,PRESET_PRIMARY,SSGSEA_RANK_WALK,31,-0.37500000000000006,0.037649388177871536,-0.39422868018213514,0.1889822365046136,NO_KNOWN_OVERLAP,INCLUDE_PRIMARY_INDEPENDENT,0.06023902108459446
GSE54514,SIG034,T1,T24,HALLMARK_BILE_ACID_METABOLISM,HALLMARK_SECONDARY,SSGSEA_RANK_WALK,31,0.22096774193548388,0.23225357734187269,0.22467329989243803,0.1889822365046136,NO_KNOWN_OVERLAP,INCLUDE_PRIMARY_INDEPENDENT,0.4918311049592598
GSE54514,SIG034,T1,T24,HALLMARK_CHOLESTEROL_HOMEOSTASIS,HALLMARK_SECONDARY,SSGSEA_RANK_WALK,31,0.8258064516129033,1.0711712991477386e-08,1.1748050158194545,0.1889822365046136,NO_KNOWN_OVERLAP,INCLUDE_PRIMARY_INDEPENDENT,3.8562166769318587e-07
GSE54514,SIG034,T1,T24,HALLMARK_COMPLEMENT,PRESET_PRIMARY,SSGSEA_RANK_WALK,31,-0.4141129032258065,0.020557965972714004,-0.44056529328494765,0.1889822365046136,NO_KNOWN_OVERLAP,INCLUDE_PRIMARY_INDEPENDENT,0.04111593194542801
GSE54514,SIG034,T1,T24,HALLMARK_DNA_REPAIR,HALLMARK_SECONDARY,SSGSEA_RANK_WALK,31,0.025,0.8938021843730026,0.02500521028733069,0.1889822365046136,NO_KNOWN_OVERLAP,INCLUDE_PRIMARY_INDEPENDENT,0.8938021843730026
GSE54514,SIG034,T1,T24,HALLMARK_E2F_TARGETS,HALLMARK_SECONDARY,SSGSEA_RANK_WALK,31,0.3536290322580646,0.05098653676804838,0.3695854221852411,0.1889822365046136,NO_KNOWN_OVERLAP,INCLUDE_PRIMARY_INDEPENDENT,0.13110823740355299
GSE54514,SIG034,T1,T24,HALLMARK_EPITHELIAL_MESENCHYMAL_TRANSITION,HALLMARK_SECONDARY,SSGSEA_RANK_WALK,31,-0.1028225806451613,0.5820257117422453,-0.10318726012787051,0.1889822365046136,NO_KNOWN_OVERLAP,INCLUDE_PRIMARY_INDEPENDENT,0.773273443023234
GSE54514,SIG034,T1,T24,HALLMARK_ESTROGEN_RESPONSE_LATE,HALLMARK_SECONDARY,SSGSEA_RANK_WALK,31,0.5604838709677421,0.0010402703030454334,0.6335384054003192,0.1889822365046136,NO_KNOWN_OVERLAP,INCLUDE_PRIMARY_INDEPENDENT,0.007489946181927121
GSE54514,SIG034,T1,T24,HALLMARK_FATTY_ACID_METABOLISM,HALLMARK_SECONDARY,SSGSEA_RANK_WALK,31,0.1088709677419355,0.5598965125718905,0.10930419807440926,0.1889822365046136,NO_KNOWN_OVERLAP,INCLUDE_PRIMARY_INDEPENDENT,0.773273443023234
GSE54514,SIG034,T1,T24,HALLMARK_G2M_CHECKPOINT,HALLMARK_SECONDARY,SSGSEA_RANK_WALK,31,0.5048387096774194,0.0037745908109266357,0.5557787266300734,0.1889822365046136,NO_KNOWN_OVERLAP,INCLUDE_PRIMARY_INDEPENDENT,0.01849710930832034
GSE54514,SIG034,T1,T24,HALLMARK_GLYCOLYSIS,HALLMARK_SECONDARY,SSGSEA_RANK_WALK,31,0.7056451612903227,9.252157590394387e-06,0.8784563689489437,0.1889822365046136,NO_KNOWN_OVERLAP,INCLUDE_PRIMARY_INDEPENDENT,8.326941831354948e-05
GSE54514,SIG034,T1,T24,HALLMARK_HEDGEHOG_SIGNALING,HALLMARK_SECONDARY,SSGSEA_RANK_WALK,31,-0.22298387096774194,0.22791180643578746,-0.22679391963710738,0.1889822365046136,NO_KNOWN_OVERLAP,INCLUDE_PRIMARY_INDEPENDENT,0.4918311049592598
GSE54514,SIG034,T1,T24,HALLMARK_HEME_METABOLISM,HALLMARK_SECONDARY,SSGSEA_RANK_WALK,31,-0.03508064516129032,0.8513849469419635,-0.03509504648138354,0.1889822365046136,NO_KNOWN_OVERLAP,INCLUDE_PRIMARY_INDEPENDENT,0.8938021843730026
GSE54514,SIG034,T1,T24,HALLMARK_HYPOXIA,HALLMARK_SECONDARY,SSGSEA_RANK_WALK,31,0.18750000000000003,0.31247162755420493,0.1897448108524519,0.1889822365046136,NO_KNOWN_OVERLAP,INCLUDE_PRIMARY_INDEPENDENT,0.522954569940832
GSE54514,SIG034,T1,T24,HALLMARK_IL2_STAT5_SIGNALING,HALLMARK_SECONDARY,SSGSEA_RANK_WALK,31,-0.7342741935483871,2.5783901634671808e-06,-0.9379396491406146,0.1889822365046136,NO_KNOWN_OVERLAP,INCLUDE_PRIMARY_INDEPENDENT,4.641102294240926e-05
GSE54514,SIG034,T1,T24,HALLMARK_IL6_JAK_STAT3_SIGNALING,HALLMARK_SECONDARY,SSGSEA_RANK_WALK,31,-0.09274193548387098,0.6197410829999634,-0.0930092093376404,0.1889822365046136,NO_KNOWN_OVERLAP,INCLUDE_PRIMARY_INDEPENDENT,0.773273443023234
GSE54514,SIG034,T1,T24,HALLMARK_INFLAMMATORY_RESPONSE,PRESET_PRIMARY,SSGSEA_RANK_WALK,31,-0.5560483870967743,0.0011623975171298525,-0.6270946124074696,0.1889822365046136,NO_KNOWN_OVERLAP,INCLUDE_PRIMARY_INDEPENDENT,0.00464959006851941
GSE54514,SIG034,T1,T24,HALLMARK_INTERFERON_ALPHA_RESPONSE,PRESET_PRIMARY,SSGSEA_RANK_WALK,31,-0.25604838709677424,0.1644266374742317,-0.261874937373463,0.1889822365046136,NO_KNOWN_OVERLAP,INCLUDE_PRIMARY_INDEPENDENT,0.18791615711340764
GSE54514,SIG034,T1,T24,HALLMARK_INTERFERON_GAMMA_RESPONSE,PRESET_PRIMARY,SSGSEA_RANK_WALK,31,-0.4185483870967743,0.019111320719884917,-0.44593080372630467,0.1889822365046136,NO_KNOWN_OVERLAP,INCLUDE_PRIMARY_INDEPENDENT,0.04111593194542801
GSE54514,SIG034,T1,T24,HALLMARK_KRAS_SIGNALING_UP,HALLMARK_SECONDARY,SSGSEA_RANK_WALK,31,-0.36572580645161296,0.04304221573839155,-0.38347997487974694,0.1889822365046136,NO_KNOWN_OVERLAP,INCLUDE_PRIMARY_INDEPENDENT,0.11919382819862276
GSE54514,SIG034,T1,T24,HALLMARK_MITOTIC_SPINDLE,HALLMARK_SECONDARY,SSGSEA_RANK_WALK,31,0.7100806451612903,7.666032988282254e-06,0.887346505876772,0.1889822365046136,NO_KNOWN_OVERLAP,INCLUDE_PRIMARY_INDEPENDENT,8.326941831354948e-05
GSE54514,SIG034,T1,T24,HALLMARK_MTORC1_SIGNALING,HALLMARK_SECONDARY,SSGSEA_RANK_WALK,31,0.43346774193548393,0.014849217156947989,0.46415888023474766,0.1889822365046136,NO_KNOWN_OVERLAP,INCLUDE_PRIMARY_INDEPENDENT,0.04859743796819342
GSE54514,SIG034,T1,T24,HALLMARK_MYC_TARGETS_V1,HALLMARK_SECONDARY,SSGSEA_RANK_WALK,31,-0.06008064516129033,0.7481661196966578,-0.06015309284706205,0.1889822365046136,NO_KNOWN_OVERLAP,INCLUDE_PRIMARY_INDEPENDENT,0.8269094064634652
GSE54514,SIG034,T1,T24,HALLMARK_MYC_TARGETS_V2,HALLMARK_SECONDARY,SSGSEA_RANK_WALK,31,-0.057661290322580654,0.7580002892581764,-0.057725322664007865,0.1889822365046136,NO_KNOWN_OVERLAP,INCLUDE_PRIMARY_INDEPENDENT,0.8269094064634652
GSE54514,SIG034,T1,T24,HALLMARK_MYOGENESIS,HALLMARK_SECONDARY,SSGSEA_RANK_WALK,31,-0.18750000000000003,0.31247162755420493,-0.1897448108524519,0.1889822365046136,NO_KNOWN_OVERLAP,INCLUDE_PRIMARY_INDEPENDENT,0.522954569940832
GSE54514,SIG034,T1,T24,HALLMARK_NOTCH_SIGNALING,HALLMARK_SECONDARY,SSGSEA_RANK_WALK,31,-0.4911290322580646,0.005022956533796512,-0.5375471844229559,0.1889822365046136,NO_KNOWN_OVERLAP,INCLUDE_PRIMARY_INDEPENDENT,0.020091826135186047
GSE54514,SIG034,T1,T24,HALLMARK_OXIDATIVE_PHOSPHORYLATION,PRESET_PRIMARY,SSGSEA_RANK_WALK,31,0.18225806451612905,0.3264347652272521,0.18431734914773418,0.1889822365046136,NO_KNOWN_OVERLAP,INCLUDE_PRIMARY_INDEPENDENT,0.3264347652272521
GSE54514,SIG034,T1,T24,HALLMARK_P53_PATHWAY,HALLMARK_SECONDARY,SSGSEA_RANK_WALK,31,-0.028629032258064516,0.8784926040429533,-0.028636857763470018,0.1889822365046136,NO_KNOWN_OVERLAP,INCLUDE_PRIMARY_INDEPENDENT,0.8938021843730026
GSE54514,SIG034,T1,T24,HALLMARK_PEROXISOME,HALLMARK_SECONDARY,SSGSEA_RANK_WALK,31,0.08629032258064517,0.644394535852695,0.08650545769117884,0.1889822365046136,NO_KNOWN_OVERLAP,INCLUDE_PRIMARY_INDEPENDENT,0.773273443023234
GSE54514,SIG034,T1,T24,HALLMARK_PI3K_AKT_MTOR_SIGNALING,HALLMARK_SECONDARY,SSGSEA_RANK_WALK,31,0.20201612903225807,0.2757830440807363,0.20483357403775287,0.1889822365046136,NO_KNOWN_OVERLAP,INCLUDE_PRIMARY_INDEPENDENT,0.5225362940477108
GSE54514,SIG034,T1,T24,HALLMARK_PROTEIN_SECRETION,HALLMARK_SECONDARY,SSGSEA_RANK_WALK,31,0.12298387096774195,0.5098216867593603,0.1236096044193,0.1889822365046136,NO_KNOWN_OVERLAP,INCLUDE_PRIMARY_INDEPENDENT,0.7341432289334788
GSE54514,SIG034,T1,T24,HALLMARK_REACTIVE_OXYGEN_SPECIES_PATHWAY,HALLMARK_SECONDARY,SSGSEA_RANK_WALK,31,0.3258064516129032,0.07367410936498585,0.3381294812657118,0.1889822365046136,NO_KNOWN_OVERLAP,INCLUDE_PRIMARY_INDEPENDENT,0.17681786247596604
GSE54514,SIG034,T1,T24,HALLMARK_TGF_BETA_SIGNALING,HALLMARK_SECONDARY,SSGSEA_RANK_WALK,31,-0.4705645161290323,0.007550157521994875,-0.510795158252942,0.1889822365046136,NO_KNOWN_OVERLAP,INCLUDE_PRIMARY_INDEPENDENT,0.02718056707918155
GSE54514,SIG034,T1,T24,HALLMARK_TNFA_SIGNALING_VIA_NFKB,PRESET_PRIMARY,SSGSEA_RANK_WALK,31,-0.3189516129032258,0.08031260167212452,-0.33047955536529194,0.1889822365046136,NO_KNOWN_OVERLAP,INCLUDE_PRIMARY_INDEPENDENT,0.10708346889616603
GSE54514,SIG034,T1,T24,HALLMARK_UNFOLDED_PROTEIN_RESPONSE,HALLMARK_SECONDARY,SSGSEA_RANK_WALK,31,0.17943548387096778,0.3341098641288649,0.18139933089463078,0.1889822365046136,NO_KNOWN_OVERLAP,INCLUDE_PRIMARY_INDEPENDENT,0.522954569940832
GSE54514,SIG034,T1,T24,HALLMARK_UV_RESPONSE_DN,HALLMARK_SECONDARY,SSGSEA_RANK_WALK,31,0.15887096774193551,0.3933008105079191,0.16022821553912628,0.1889822365046136,NO_KNOWN_OVERLAP,INCLUDE_PRIMARY_INDEPENDENT,0.5899512157618786
GSE54514,SIG034,T1,T24,HALLMARK_UV_RESPONSE_UP,HALLMARK_SECONDARY,SSGSEA_RANK_WALK,31,-0.06411290322580646,0.7318624408796814,-0.06420096511444352,0.1889822365046136,NO_KNOWN_OVERLAP,INCLUDE_PRIMARY_INDEPENDENT,0.8269094064634652
GSE54514,SIG034,T1,T24,HALLMARK_WNT_BETA_CATENIN_SIGNALING,HALLMARK_SECONDARY,SSGSEA_RANK_WALK,31,-0.5008064516129033,0.004110468735182298,-0.5503819919788274,0.1889822365046136,NO_KNOWN_OVERLAP,INCLUDE_PRIMARY_INDEPENDENT,0.01849710930832034
GSE54514,SIG034,T1,T24,HALLMARK_XENOBIOTIC_METABOLISM,HALLMARK_SECONDARY,SSGSEA_RANK_WALK,31,0.21250000000000002,0.25109391939017417,0.2157881260559251,0.1889822365046136,NO_KNOWN_OVERLAP,INCLUDE_PRIMARY_INDEPENDENT,0.5021878387803483
GSE54514,SIG034,T1,T24,Neutrophil degranulation,REACTOME_SUPPLEMENT,SSGSEA_RANK_WALK,31,0.8508064516129032,1.3430065590714741e-09,1.2590661487081605,0.1889822365046136,NO_KNOWN_OVERLAP,INCLUDE_PRIMARY_INDEPENDENT,2.6860131181429483e-09
GSE54514,SIG034,T1,T24,TCR signaling,REACTOME_SUPPLEMENT,SSGSEA_RANK_WALK,31,-0.6322580645161291,0.00013578623053391627,-0.7451691104464852,0.1889822365046136,NO_KNOWN_OVERLAP,INCLUDE_PRIMARY_INDEPENDENT,0.00013578623053391627
GSE54514,SIG034,T2,T48,HALLMARK_ADIPOGENESIS,HALLMARK_SECONDARY,SSGSEA_RANK_WALK,28,0.5128626163108921,0.005259126523274758,0.5666063610806875,0.2,NO_KNOWN_OVERLAP,INCLUDE_PRIMARY_INDEPENDENT,0.01352346820270652
GSE54514,SIG034,T2,T48,HALLMARK_ALLOGRAFT_REJECTION,PRESET_PRIMARY,SSGSEA_RANK_WALK,28,-0.6940339354132458,4.19975715766689e-05,-0.8556968559817987,0.2,NO_KNOWN_OVERLAP,INCLUDE_PRIMARY_INDEPENDENT,0.0003359805726133512
GSE54514,SIG034,T2,T48,HALLMARK_ANDROGEN_RESPONSE,HALLMARK_SECONDARY,SSGSEA_RANK_WALK,28,0.34646962233169126,0.07089171429239366,0.3614261674869305,0.2,NO_KNOWN_OVERLAP,INCLUDE_PRIMARY_INDEPENDENT,0.14178342858478732
GSE54514,SIG034,T2,T48,HALLMARK_APICAL_JUNCTION,HALLMARK_SECONDARY,SSGSEA_RANK_WALK,28,-0.2320744389709907,0.23469812674277316,-0.23638088040213565,0.2,NO_KNOWN_OVERLAP,INCLUDE_PRIMARY_INDEPENDENT,0.3673535896843406
GSE54514,SIG034,T2,T48,HALLMARK_APICAL_SURFACE,HALLMARK_SECONDARY,SSGSEA_RANK_WALK,28,-0.6081007115489874,0.000597299362610526,-0.7059020948865884,0.2,NO_KNOWN_OVERLAP,INCLUDE_PRIMARY_INDEPENDENT,0.002680674362134223
GSE54514,SIG034,T2,T48,HALLMARK_APOPTOSIS,PRESET_PRIMARY,SSGSEA_RANK_WALK,28,-0.051450465243568694,0.7948561910463126,-0.051495936526475286,0.2,NO_KNOWN_OVERLAP,INCLUDE_PRIMARY_INDEPENDENT,0.7948561910463126
GSE54514,SIG034,T2,T48,HALLMARK_BILE_ACID_METABOLISM,HALLMARK_SECONDARY,SSGSEA_RANK_WALK,28,0.1111111111111111,0.5735119825115527,0.11157177565710488,0.2,NO_KNOWN_OVERLAP,INCLUDE_PRIMARY_INDEPENDENT,0.6452009803254968
GSE54514,SIG034,T2,T48,HALLMARK_CHOLESTEROL_HOMEOSTASIS,HALLMARK_SECONDARY,SSGSEA_RANK_WALK,28,0.7909140667761357,5.463593296069381e-07,1.0738680445580313,0.2,NO_KNOWN_OVERLAP,INCLUDE_PRIMARY_INDEPENDENT,9.834467932924885e-06
GSE54514,SIG034,T2,T48,HALLMARK_COMPLEMENT,PRESET_PRIMARY,SSGSEA_RANK_WALK,28,-0.1986863711001642,0.3107894288987766,-0.20136456414464482,0.2,NO_KNOWN_OVERLAP,INCLUDE_PRIMARY_INDEPENDENT,0.41438590519836876
GSE54514,SIG034,T2,T48,HALLMARK_DNA_REPAIR,HALLMARK_SECONDARY,SSGSEA_RANK_WALK,28,-0.12151067323481116,0.5379284030998412,-0.12211405633739175,0.2,NO_KNOWN_OVERLAP,INCLUDE_PRIMARY_INDEPENDENT,0.624691048761106
GSE54514,SIG034,T2,T48,HALLMARK_E2F_TARGETS,HALLMARK_SECONDARY,SSGSEA_RANK_WALK,28,0.5933223864258347,0.0008751217679441305,0.682777949513932,0.2,NO_KNOWN_OVERLAP,INCLUDE_PRIMARY_INDEPENDENT,0.0031504383645988695
GSE54514,SIG034,T2,T48,HALLMARK_EPITHELIAL_MESENCHYMAL_TRANSITION,HALLMARK_SECONDARY,SSGSEA_RANK_WALK,28,-0.12862616310892172,0.514199456695692,-0.12934264908628845,0.2,NO_KNOWN_OVERLAP,INCLUDE_PRIMARY_INDEPENDENT,0.6170393480348305
GSE54514,SIG034,T2,T48,HALLMARK_ESTROGEN_RESPONSE_LATE,HALLMARK_SECONDARY,SSGSEA_RANK_WALK,28,0.6037219485495348,0.0006701685905335557,0.6989831548126983,0.2,NO_KNOWN_OVERLAP,INCLUDE_PRIMARY_INDEPENDENT,0.002680674362134223
GSE54514,SIG034,T2,T48,HALLMARK_FATTY_ACID_METABOLISM,HALLMARK_SECONDARY,SSGSEA_RANK_WALK,28,0.26655719759168034,0.17033169533150908,0.2731540074043324,0.2,NO_KNOWN_OVERLAP,INCLUDE_PRIMARY_INDEPENDENT,0.2787245923606512
GSE54514,SIG034,T2,T48,HALLMARK_G2M_CHECKPOINT,HALLMARK_SECONDARY,SSGSEA_RANK_WALK,28,0.778872468527641,1.0507105880350524e-06,1.0424976986813168,0.2,NO_KNOWN_OVERLAP,INCLUDE_PRIMARY_INDEPENDENT,1.2608527056420628e-05
GSE54514,SIG034,T2,T48,HALLMARK_GLYCOLYSIS,HALLMARK_SECONDARY,SSGSEA_RANK_WALK,28,0.7416529830322934,6.299375333156548e-06,0.9541431116560884,0.2,NO_KNOWN_OVERLAP,INCLUDE_PRIMARY_INDEPENDENT,5.669437799840894e-05
GSE54514,SIG034,T2,T48,HALLMARK_HEDGEHOG_SIGNALING,HALLMARK_SECONDARY,SSGSEA_RANK_WALK,28,-0.2255062944718117,0.24858171522174918,-0.2294499032607084,0.2,NO_KNOWN_OVERLAP,INCLUDE_PRIMARY_INDEPENDENT,0.3728725728326238
GSE54514,SIG034,T2,T48,HALLMARK_HEME_METABOLISM,HALLMARK_SECONDARY,SSGSEA_RANK_WALK,28,-0.18828680897646416,0.3372994150382248,-0.19056041387017988,0.2,NO_KNOWN_OVERLAP,INCLUDE_PRIMARY_INDEPENDENT,0.4336706764777176
GSE54514,SIG034,T2,T48,HALLMARK_HYPOXIA,HALLMARK_SECONDARY,SSGSEA_RANK_WALK,28,0.5342090859332238,0.003409173869857708,0.596016711295707,0.2,NO_KNOWN_OVERLAP,INCLUDE_PRIMARY_INDEPENDENT,0.010227521609573124
GSE54514,SIG034,T2,T48,HALLMARK_IL2_STAT5_SIGNALING,HALLMARK_SECONDARY,SSGSEA_RANK_WALK,28,-0.4953475643130815,0.007357274107861587,-0.5431219985670435,0.2,NO_KNOWN_OVERLAP,INCLUDE_PRIMARY_INDEPENDENT,0.017657457858867808
GSE54514,SIG034,T2,T48,HALLMARK_IL6_JAK_STAT3_SIGNALING,HALLMARK_SECONDARY,SSGSEA_RANK_WALK,28,0.2851669403393541,0.14131655930090528,0.2932974355558053,0.2,NO_KNOWN_OVERLAP,INCLUDE_PRIMARY_INDEPENDENT,0.24225695880155193
GSE54514,SIG034,T2,T48,HALLMARK_INFLAMMATORY_RESPONSE,PRESET_PRIMARY,SSGSEA_RANK_WALK,28,-0.19978106185002736,0.3080763741256857,-0.20250450387909116,0.2,NO_KNOWN_OVERLAP,INCLUDE_PRIMARY_INDEPENDENT,0.41438590519836876
GSE54514,SIG034,T2,T48,HALLMARK_INTERFERON_ALPHA_RESPONSE,PRESET_PRIMARY,SSGSEA_RANK_WALK,28,-0.4690749863163656,0.011800662184696638,-0.5088837132970719,0.2,NO_KNOWN_OVERLAP,INCLUDE_PRIMARY_INDEPENDENT,0.031468432492524366
GSE54514,SIG034,T2,T48,HALLMARK_INTERFERON_GAMMA_RESPONSE,PRESET_PRIMARY,SSGSEA_RANK_WALK,28,-0.5166940339354132,0.004875293119781179,-0.5718191721295092,0.2,NO_KNOWN_OVERLAP,INCLUDE_PRIMARY_INDEPENDENT,0.019501172479124716
GSE54514,SIG034,T2,T48,HALLMARK_KRAS_SIGNALING_UP,HALLMARK_SECONDARY,SSGSEA_RANK_WALK,28,-0.48166392993979196,0.009452244256544886,-0.5251485982141114,0.2,NO_KNOWN_OVERLAP,INCLUDE_PRIMARY_INDEPENDENT,0.021267549577225993
GSE54514,SIG034,T2,T48,HALLMARK_MITOTIC_SPINDLE,HALLMARK_SECONDARY,SSGSEA_RANK_WALK,28,0.8412698412698413,2.0617797419281492e-08,1.2255025490561595,0.2,NO_KNOWN_OVERLAP,INCLUDE_PRIMARY_INDEPENDENT,7.422407070941338e-07
GSE54514,SIG034,T2,T48,HALLMARK_MTORC1_SIGNALING,HALLMARK_SECONDARY,SSGSEA_RANK_WALK,28,0.666119321291735,0.00010910489450881361,0.8037343809071097,0.2,NO_KNOWN_OVERLAP,INCLUDE_PRIMARY_INDEPENDENT,0.0006546293670528816
GSE54514,SIG034,T2,T48,HALLMARK_MYC_TARGETS_V1,HALLMARK_SECONDARY,SSGSEA_RANK_WALK,28,-0.10454296661193212,0.5965122410411312,-0.10492634187543094,0.2,NO_KNOWN_OVERLAP,INCLUDE_PRIMARY_INDEPENDENT,0.6507406265903249
GSE54514,SIG034,T2,T48,HALLMARK_MYC_TARGETS_V2,HALLMARK_SECONDARY,SSGSEA_RANK_WALK,28,-0.05856595511767926,0.7672095372604153,-0.05863305310287045,0.2,NO_KNOWN_OVERLAP,INCLUDE_PRIMARY_INDEPENDENT,0.8123395100404397
GSE54514,SIG034,T2,T48,HALLMARK_MYOGENESIS,HALLMARK_SECONDARY,SSGSEA_RANK_WALK,28,-0.1926655719759168,0.3259752576387255,-0.19510403308534985,0.2,NO_KNOWN_OVERLAP,INCLUDE_PRIMARY_INDEPENDENT,0.4336706764777176
GSE54514,SIG034,T2,T48,HALLMARK_NOTCH_SIGNALING,HALLMARK_SECONDARY,SSGSEA_RANK_WALK,28,-0.4258347016967706,0.023861111325843728,-0.454797672895585,0.2,NO_KNOWN_OVERLAP,INCLUDE_PRIMARY_INDEPENDENT,0.05052941221943378
GSE54514,SIG034,T2,T48,HALLMARK_OXIDATIVE_PHOSPHORYLATION,PRESET_PRIMARY,SSGSEA_RANK_WALK,28,0.33388067870826493,0.08249203732609565,0.34718948031883956,0.2,NO_KNOWN_OVERLAP,INCLUDE_PRIMARY_INDEPENDENT,0.1649840746521913
GSE54514,SIG034,T2,T48,HALLMARK_P53_PATHWAY,HALLMARK_SECONDARY,SSGSEA_RANK_WALK,28,0.027914614121510674,0.8878675784408949,0.02792186810804642,0.2,NO_KNOWN_OVERLAP,INCLUDE_PRIMARY_INDEPENDENT,0.8878675784408949
GSE54514,SIG034,T2,T48,HALLMARK_PEROXISOME,HALLMARK_SECONDARY,SSGSEA_RANK_WALK,28,0.21072796934865898,0.2817601500342116,0.21393302239866552,0.2,NO_KNOWN_OVERLAP,INCLUDE_PRIMARY_INDEPENDENT,0.39368090901705677
GSE54514,SIG034,T2,T48,HALLMARK_PI3K_AKT_MTOR_SIGNALING,HALLMARK_SECONDARY,SSGSEA_RANK_WALK,28,0.30815544608648054,0.11063071769719884,0.3185060351093768,0.2,NO_KNOWN_OVERLAP,INCLUDE_PRIMARY_INDEPENDENT,0.1991352918549579
GSE54514,SIG034,T2,T48,HALLMARK_PROTEIN_SECRETION,HALLMARK_SECONDARY,SSGSEA_RANK_WALK,28,0.3371647509578544,0.07933520852429254,0.3508901638523241,0.2,NO_KNOWN_OVERLAP,INCLUDE_PRIMARY_INDEPENDENT,0.15031934246708062
GSE54514,SIG034,T2,T48,HALLMARK_REACTIVE_OXYGEN_SPECIES_PATHWAY,HALLMARK_SECONDARY,SSGSEA_RANK_WALK,28,0.6770662287903666,7.59400312699299e-05,0.8236769969803582,0.2,NO_KNOWN_OVERLAP,INCLUDE_PRIMARY_INDEPENDENT,0.0005467682251434953
GSE54514,SIG034,T2,T48,HALLMARK_TGF_BETA_SIGNALING,HALLMARK_SECONDARY,SSGSEA_RANK_WALK,28,-0.6064586754241927,0.0006237693870484839,-0.7033006872705752,0.2,NO_KNOWN_OVERLAP,INCLUDE_PRIMARY_INDEPENDENT,0.002680674362134223
GSE54514,SIG034,T2,T48,HALLMARK_TNFA_SIGNALING_VIA_NFKB,PRESET_PRIMARY,SSGSEA_RANK_WALK,28,0.14668856048166393,0.45635785681100327,0.1477544816492308,0.2,NO_KNOWN_OVERLAP,INCLUDE_PRIMARY_INDEPENDENT,0.5215518363554323
GSE54514,SIG034,T2,T48,HALLMARK_UNFOLDED_PROTEIN_RESPONSE,HALLMARK_SECONDARY,SSGSEA_RANK_WALK,28,0.1538040503557745,0.43455805749906706,0.15503434025694285,0.2,NO_KNOWN_OVERLAP,INCLUDE_PRIMARY_INDEPENDENT,0.5394513817229798
GSE54514,SIG034,T2,T48,HALLMARK_UV_RESPONSE_DN,HALLMARK_SECONDARY,SSGSEA_RANK_WALK,28,0.20963327859879585,0.2843251009567632,0.2127877375295135,0.2,NO_KNOWN_OVERLAP,INCLUDE_PRIMARY_INDEPENDENT,0.39368090901705677
GSE54514,SIG034,T2,T48,HALLMARK_UV_RESPONSE_UP,HALLMARK_SECONDARY,SSGSEA_RANK_WALK,28,-0.03667214012041598,0.8530207733331914,-0.036688592856913047,0.2,NO_KNOWN_OVERLAP,INCLUDE_PRIMARY_INDEPENDENT,0.8773927954284254
GSE54514,SIG034,T2,T48,HALLMARK_WNT_BETA_CATENIN_SIGNALING,HALLMARK_SECONDARY,SSGSEA_RANK_WALK,28,-0.5183360700602079,0.004718239788086514,-0.5740618467012623,0.2,NO_KNOWN_OVERLAP,INCLUDE_PRIMARY_INDEPENDENT,0.01306589479777804
GSE54514,SIG034,T2,T48,HALLMARK_XENOBIOTIC_METABOLISM,HALLMARK_SECONDARY,SSGSEA_RANK_WALK,28,0.585112205801861,0.00107356182860667,0.6702011839316177,0.2,NO_KNOWN_OVERLAP,INCLUDE_PRIMARY_INDEPENDENT,0.003513475075440011
GSE54514,SIG034,T2,T48,Neutrophil degranulation,REACTOME_SUPPLEMENT,SSGSEA_RANK_WALK,28,0.8981937602627257,8.969286128156224e-11,1.462793332093615,0.2,NO_KNOWN_OVERLAP,INCLUDE_PRIMARY_INDEPENDENT,1.793857225631245e-10
GSE54514,SIG034,T2,T48,TCR signaling,REACTOME_SUPPLEMENT,SSGSEA_RANK_WALK,28,-0.5873015873015873,0.001017156044533746,-0.6735368239833047,0.2,NO_KNOWN_OVERLAP,INCLUDE_PRIMARY_INDEPENDENT,0.001017156044533746
GSE57065,SIG001,T1,T24,HALLMARK_ADIPOGENESIS,HALLMARK_SECONDARY,SSGSEA_RANK_WALK,28,0.4340448823207444,0.021012655206101048,0.46486977084338404,0.2,POSSIBLE_PRIOR_EXTERNAL_BENCHMARK,INCLUDE_PRIMARY;EXCLUDE_STRICT_NEVER_USED_SENSITIVITY,0.17230377269002858
GSE57065,SIG001,T1,T24,HALLMARK_ALLOGRAFT_REJECTION,PRESET_PRIMARY,SSGSEA_RANK_WALK,28,-0.5966064586754242,0.0008051899571505484,-0.6878615388391924,0.2,POSSIBLE_PRIOR_EXTERNAL_BENCHMARK,INCLUDE_PRIMARY;EXCLUDE_STRICT_NEVER_USED_SENSITIVITY,0.0072467096143549355
GSE57065,SIG001,T1,T24,HALLMARK_ANDROGEN_RESPONSE,HALLMARK_SECONDARY,SSGSEA_RANK_WALK,28,0.04871373836891078,0.8055563974027163,0.04875232635273425,0.2,POSSIBLE_PRIOR_EXTERNAL_BENCHMARK,INCLUDE_PRIMARY;EXCLUDE_STRICT_NEVER_USED_SENSITIVITY,0.8993384554163338
GSE57065,SIG001,T1,T24,HALLMARK_ANGIOGENESIS,HALLMARK_SECONDARY,SSGSEA_RANK_WALK,28,-0.21784345922276957,0.26544900546889705,-0.2213910083352366,0.2,POSSIBLE_PRIOR_EXTERNAL_BENCHMARK,INCLUDE_PRIMARY;EXCLUDE_STRICT_NEVER_USED_SENSITIVITY,0.6046338457902656
GSE57065,SIG001,T1,T24,HALLMARK_APICAL_JUNCTION,HALLMARK_SECONDARY,SSGSEA_RANK_WALK,28,-0.10180623973727422,0.606210787359985,-0.10216016727485029,0.2,POSSIBLE_PRIOR_EXTERNAL_BENCHMARK,INCLUDE_PRIMARY;EXCLUDE_STRICT_NEVER_USED_SENSITIVITY,0.8876657957771209
GSE57065,SIG001,T1,T24,HALLMARK_APICAL_SURFACE,HALLMARK_SECONDARY,SSGSEA_RANK_WALK,28,-0.41707717569786534,0.027238828788667645,-0.44414845080400606,0.2,POSSIBLE_PRIOR_EXTERNAL_BENCHMARK,INCLUDE_PRIMARY;EXCLUDE_STRICT_NEVER_USED_SENSITIVITY,0.18586182606896554
GSE57065,SIG001,T1,T24,HALLMARK_APOPTOSIS,PRESET_PRIMARY,SSGSEA_RANK_WALK,28,-0.05747126436781609,0.771445677951152,-0.057534664892393596,0.2,POSSIBLE_PRIOR_EXTERNAL_BENCHMARK,INCLUDE_PRIMARY;EXCLUDE_STRICT_NEVER_USED_SENSITIVITY,0.771445677951152
GSE57065,SIG001,T1,T24,HALLMARK_BILE_ACID_METABOLISM,HALLMARK_SECONDARY,SSGSEA_RANK_WALK,28,0.2556102900930487,0.1892397612486183,0.2614061594796091,0.2,POSSIBLE_PRIOR_EXTERNAL_BENCHMARK,INCLUDE_PRIMARY;EXCLUDE_STRICT_NEVER_USED_SENSITIVITY,0.51725534741289
GSE57065,SIG001,T1,T24,HALLMARK_CHOLESTEROL_HOMEOSTASIS,HALLMARK_SECONDARY,SSGSEA_RANK_WALK,28,0.3727422003284072,0.050761040173465805,0.3916040022390632,0.2,POSSIBLE_PRIOR_EXTERNAL_BENCHMARK,INCLUDE_PRIMARY;EXCLUDE_STRICT_NEVER_USED_SENSITIVITY,0.20812026471120978
GSE57065,SIG001,T1,T24,HALLMARK_COAGULATION,PRESET_PRIMARY,SSGSEA_RANK_WALK,28,0.1111111111111111,0.5735119825115527,0.11157177565710488,0.2,POSSIBLE_PRIOR_EXTERNAL_BENCHMARK,INCLUDE_PRIMARY;EXCLUDE_STRICT_NEVER_USED_SENSITIVITY,0.6452009803254968
GSE57065,SIG001,T1,T24,HALLMARK_COMPLEMENT,PRESET_PRIMARY,SSGSEA_RANK_WALK,28,0.3727422003284072,0.050761040173465805,0.3916040022390632,0.2,POSSIBLE_PRIOR_EXTERNAL_BENCHMARK,INCLUDE_PRIMARY;EXCLUDE_STRICT_NEVER_USED_SENSITIVITY,0.18560708398371523
GSE57065,SIG001,T1,T24,HALLMARK_DNA_REPAIR,HALLMARK_SECONDARY,SSGSEA_RANK_WALK,28,-0.1417624521072797,0.4717820209116317,-0.1427237173251823,0.2,POSSIBLE_PRIOR_EXTERNAL_BENCHMARK,INCLUDE_PRIMARY;EXCLUDE_STRICT_NEVER_USED_SENSITIVITY,0.8059609523907042
GSE57065,SIG001,T1,T24,HALLMARK_E2F_TARGETS,HALLMARK_SECONDARY,SSGSEA_RANK_WALK,28,0.044882320744389706,0.8205940207117213,0.044912494544610035,0.2,POSSIBLE_PRIOR_EXTERNAL_BENCHMARK,INCLUDE_PRIMARY;EXCLUDE_STRICT_NEVER_USED_SENSITIVITY,0.8993384554163338
GSE57065,SIG001,T1,T24,HALLMARK_EPITHELIAL_MESENCHYMAL_TRANSITION,HALLMARK_SECONDARY,SSGSEA_RANK_WALK,28,0.04159824849480022,0.8335332025809923,0.04162226750514882,0.2,POSSIBLE_PRIOR_EXTERNAL_BENCHMARK,INCLUDE_PRIMARY;EXCLUDE_STRICT_NEVER_USED_SENSITIVITY,0.8993384554163338
GSE57065,SIG001,T1,T24,HALLMARK_ESTROGEN_RESPONSE_EARLY,HALLMARK_SECONDARY,SSGSEA_RANK_WALK,28,-0.4033935413245758,0.03328436171206715,-0.4276954214086856,0.2,POSSIBLE_PRIOR_EXTERNAL_BENCHMARK,INCLUDE_PRIMARY;EXCLUDE_STRICT_NEVER_USED_SENSITIVITY,0.18586182606896554
GSE57065,SIG001,T1,T24,HALLMARK_ESTROGEN_RESPONSE_LATE,HALLMARK_SECONDARY,SSGSEA_RANK_WALK,28,0.055281882868089764,0.7799371124973846,0.055338301763558834,0.2,POSSIBLE_PRIOR_EXTERNAL_BENCHMARK,INCLUDE_PRIMARY;EXCLUDE_STRICT_NEVER_USED_SENSITIVITY,0.8993384554163338
GSE57065,SIG001,T1,T24,HALLMARK_FATTY_ACID_METABOLISM,HALLMARK_SECONDARY,SSGSEA_RANK_WALK,28,0.1258894362342638,0.5232649596714785,0.12656087071897235,0.2,POSSIBLE_PRIOR_EXTERNAL_BENCHMARK,INCLUDE_PRIMARY;EXCLUDE_STRICT_NEVER_USED_SENSITIVITY,0.8581545338612248
GSE57065,SIG001,T1,T24,HALLMARK_G2M_CHECKPOINT,HALLMARK_SECONDARY,SSGSEA_RANK_WALK,28,0.08210180623973727,0.6778950734300104,0.08228703067370403,0.2,POSSIBLE_PRIOR_EXTERNAL_BENCHMARK,INCLUDE_PRIMARY;EXCLUDE_STRICT_NEVER_USED_SENSITIVITY,0.8993384554163338
GSE57065,SIG001,T1,T24,HALLMARK_GLYCOLYSIS,HALLMARK_SECONDARY,SSGSEA_RANK_WALK,28,0.4428024083196497,0.018287724916404412,0.47571134925596487,0.2,POSSIBLE_PRIOR_EXTERNAL_BENCHMARK,INCLUDE_PRIMARY;EXCLUDE_STRICT_NEVER_USED_SENSITIVITY,0.17230377269002858
GSE57065,SIG001,T1,T24,HALLMARK_HEDGEHOG_SIGNALING,HALLMARK_SECONDARY,SSGSEA_RANK_WALK,28,-0.05911330049261084,0.7650939106501369,-0.05918230004051647,0.2,POSSIBLE_PRIOR_EXTERNAL_BENCHMARK,INCLUDE_PRIMARY;EXCLUDE_STRICT_NEVER_USED_SENSITIVITY,0.8993384554163338
GSE57065,SIG001,T1,T24,HALLMARK_HEME_METABOLISM,HALLMARK_SECONDARY,SSGSEA_RANK_WALK,28,0.03557744937055282,0.8573632480608897,0.03559247155784939,0.2,POSSIBLE_PRIOR_EXTERNAL_BENCHMARK,INCLUDE_PRIMARY;EXCLUDE_STRICT_NEVER_USED_SENSITIVITY,0.9013305941152944
GSE57065,SIG001,T1,T24,HALLMARK_HYPOXIA,HALLMARK_SECONDARY,SSGSEA_RANK_WALK,28,-0.014230979748221127,0.942702597621653,-0.01423194055470185,0.2,POSSIBLE_PRIOR_EXTERNAL_BENCHMARK,INCLUDE_PRIMARY;EXCLUDE_STRICT_NEVER_USED_SENSITIVITY,0.9427025976216531
GSE57065,SIG001,T1,T24,HALLMARK_IL2_STAT5_SIGNALING,HALLMARK_SECONDARY,SSGSEA_RANK_WALK,28,0.22441160372194854,0.25094708088337603,0.2282968608997246,0.2,POSSIBLE_PRIOR_EXTERNAL_BENCHMARK,INCLUDE_PRIMARY;EXCLUDE_STRICT_NEVER_USED_SENSITIVITY,0.6046338457902656
GSE57065,SIG001,T1,T24,HALLMARK_IL6_JAK_STAT3_SIGNALING,HALLMARK_SECONDARY,SSGSEA_RANK_WALK,28,0.7241379310344829,1.3235692578454676e-05,0.9162907318741553,0.2,POSSIBLE_PRIOR_EXTERNAL_BENCHMARK,INCLUDE_PRIMARY;EXCLUDE_STRICT_NEVER_USED_SENSITIVITY,0.0005426633957166417
GSE57065,SIG001,T1,T24,HALLMARK_INFLAMMATORY_RESPONSE,PRESET_PRIMARY,SSGSEA_RANK_WALK,28,0.33388067870826493,0.08249203732609565,0.34718948031883956,0.2,POSSIBLE_PRIOR_EXTERNAL_BENCHMARK,INCLUDE_PRIMARY;EXCLUDE_STRICT_NEVER_USED_SENSITIVITY,0.18560708398371523
GSE57065,SIG001,T1,T24,HALLMARK_INTERFERON_ALPHA_RESPONSE,PRESET_PRIMARY,SSGSEA_RANK_WALK,28,0.34099616858237547,0.07576997559182692,0.3552193388350032,0.2,POSSIBLE_PRIOR_EXTERNAL_BENCHMARK,INCLUDE_PRIMARY;EXCLUDE_STRICT_NEVER_USED_SENSITIVITY,0.18560708398371523
GSE57065,SIG001,T1,T24,HALLMARK_INTERFERON_GAMMA_RESPONSE,PRESET_PRIMARY,SSGSEA_RANK_WALK,28,0.18664477285166942,0.34160653989320666,0.18885856864091619,0.2,POSSIBLE_PRIOR_EXTERNAL_BENCHMARK,INCLUDE_PRIMARY;EXCLUDE_STRICT_NEVER_USED_SENSITIVITY,0.43920840843412284
GSE57065,SIG001,T1,T24,HALLMARK_KRAS_SIGNALING_DN,HALLMARK_SECONDARY,SSGSEA_RANK_WALK,28,-0.07060755336617405,0.7210678505632018,-0.07072524186173501,0.2,POSSIBLE_PRIOR_EXTERNAL_BENCHMARK,INCLUDE_PRIMARY;EXCLUDE_STRICT_NEVER_USED_SENSITIVITY,0.8993384554163338
GSE57065,SIG001,T1,T24,HALLMARK_KRAS_SIGNALING_UP,HALLMARK_SECONDARY,SSGSEA_RANK_WALK,28,-0.15544608648056923,0.42960904921561893,-0.15671659774257987,0.2,POSSIBLE_PRIOR_EXTERNAL_BENCHMARK,INCLUDE_PRIMARY;EXCLUDE_STRICT_NEVER_USED_SENSITIVITY,0.8059609523907042
GSE57065,SIG001,T1,T24,HALLMARK_MITOTIC_SPINDLE,HALLMARK_SECONDARY,SSGSEA_RANK_WALK,28,0.337712096332786,0.07881818049855056,0.3515078408503496,0.2,POSSIBLE_PRIOR_EXTERNAL_BENCHMARK,INCLUDE_PRIMARY;EXCLUDE_STRICT_NEVER_USED_SENSITIVITY,0.26929545003671446
GSE57065,SIG001,T1,T24,HALLMARK_MTORC1_SIGNALING,HALLMARK_SECONDARY,SSGSEA_RANK_WALK,28,0.20799124247400108,0.28820031258385626,0.21107083981262628,0.2,POSSIBLE_PRIOR_EXTERNAL_BENCHMARK,INCLUDE_PRIMARY;EXCLUDE_STRICT_NEVER_USED_SENSITIVITY,0.6219059376809529
GSE57065,SIG001,T1,T24,HALLMARK_MYC_TARGETS_V1,HALLMARK_SECONDARY,SSGSEA_RANK_WALK,28,-0.14887794198139023,0.449589369862334,-0.14999274760364922,0.2,POSSIBLE_PRIOR_EXTERNAL_BENCHMARK,INCLUDE_PRIMARY;EXCLUDE_STRICT_NEVER_USED_SENSITIVITY,0.8059609523907042
GSE57065,SIG001,T1,T24,HALLMARK_MYC_TARGETS_V2,HALLMARK_SECONDARY,SSGSEA_RANK_WALK,28,-0.3973727422003284,0.036265722159798154,-0.4205251402594019,0.2,POSSIBLE_PRIOR_EXTERNAL_BENCHMARK,INCLUDE_PRIMARY;EXCLUDE_STRICT_NEVER_USED_SENSITIVITY,0.18586182606896554
GSE57065,SIG001,T1,T24,HALLMARK_MYOGENESIS,HALLMARK_SECONDARY,SSGSEA_RANK_WALK,28,-0.23152709359605914,0.23583493027967056,-0.2358024553063547,0.2,POSSIBLE_PRIOR_EXTERNAL_BENCHMARK,INCLUDE_PRIMARY;EXCLUDE_STRICT_NEVER_USED_SENSITIVITY,0.6043270088416558
GSE57065,SIG001,T1,T24,HALLMARK_NOTCH_SIGNALING,HALLMARK_SECONDARY,SSGSEA_RANK_WALK,28,-0.05856595511767926,0.7672095372604153,-0.05863305310287045,0.2,POSSIBLE_PRIOR_EXTERNAL_BENCHMARK,INCLUDE_PRIMARY;EXCLUDE_STRICT_NEVER_USED_SENSITIVITY,0.8993384554163338
GSE57065,SIG001,T1,T24,HALLMARK_OXIDATIVE_PHOSPHORYLATION,PRESET_PRIMARY,SSGSEA_RANK_WALK,28,0.21455938697318008,0.272899492777308,0.21794589736943623,0.2,POSSIBLE_PRIOR_EXTERNAL_BENCHMARK,INCLUDE_PRIMARY;EXCLUDE_STRICT_NEVER_USED_SENSITIVITY,0.43920840843412284
GSE57065,SIG001,T1,T24,HALLMARK_P53_PATHWAY,HALLMARK_SECONDARY,SSGSEA_RANK_WALK,28,-0.3278598795840175,0.08852719592993305,-0.34042849039845385,0.2,POSSIBLE_PRIOR_EXTERNAL_BENCHMARK,INCLUDE_PRIMARY;EXCLUDE_STRICT_NEVER_USED_SENSITIVITY,0.27920115639440424
GSE57065,SIG001,T1,T24,HALLMARK_PANCREAS_BETA_CELLS,HALLMARK_SECONDARY,SSGSEA_RANK_WALK,28,-0.34646962233169126,0.07089171429239366,-0.3614261674869305,0.2,POSSIBLE_PRIOR_EXTERNAL_BENCHMARK,INCLUDE_PRIMARY;EXCLUDE_STRICT_NEVER_USED_SENSITIVITY,0.2642327532716491
GSE57065,SIG001,T1,T24,HALLMARK_PEROXISOME,HALLMARK_SECONDARY,SSGSEA_RANK_WALK,28,0.30158730158730157,0.1188401852081466,0.311264806672996,0.2,POSSIBLE_PRIOR_EXTERNAL_BENCHMARK,INCLUDE_PRIMARY;EXCLUDE_STRICT_NEVER_USED_SENSITIVITY,0.34803197096671507
GSE57065,SIG001,T1,T24,HALLMARK_PI3K_AKT_MTOR_SIGNALING,HALLMARK_SECONDARY,SSGSEA_RANK_WALK,28,-0.04597701149425287,0.8162909761565976,-0.046009449360126055,0.2,POSSIBLE_PRIOR_EXTERNAL_BENCHMARK,INCLUDE_PRIMARY;EXCLUDE_STRICT_NEVER_USED_SENSITIVITY,0.8993384554163338
GSE57065,SIG001,T1,T24,HALLMARK_PROTEIN_SECRETION,HALLMARK_SECONDARY,SSGSEA_RANK_WALK,28,0.3727422003284072,0.050761040173465805,0.3916040022390632,0.2,POSSIBLE_PRIOR_EXTERNAL_BENCHMARK,INCLUDE_PRIMARY;EXCLUDE_STRICT_NEVER_USED_SENSITIVITY,0.20812026471120978
GSE57065,SIG001,T1,T24,HALLMARK_REACTIVE_OXYGEN_SPECIES_PATHWAY,HALLMARK_SECONDARY,SSGSEA_RANK_WALK,28,0.5249042145593871,0.0041323309537045,0.5830852198397005,0.2,POSSIBLE_PRIOR_EXTERNAL_BENCHMARK,INCLUDE_PRIMARY;EXCLUDE_STRICT_NEVER_USED_SENSITIVITY,0.08471278455094225
GSE57065,SIG001,T1,T24,HALLMARK_SPERMATOGENESIS,HALLMARK_SECONDARY,SSGSEA_RANK_WALK,28,-0.1417624521072797,0.4717820209116317,-0.1427237173251823,0.2,POSSIBLE_PRIOR_EXTERNAL_BENCHMARK,INCLUDE_PRIMARY;EXCLUDE_STRICT_NEVER_USED_SENSITIVITY,0.8059609523907042
GSE57065,SIG001,T1,T24,HALLMARK_TGF_BETA_SIGNALING,HALLMARK_SECONDARY,SSGSEA_RANK_WALK,28,0.11713191023535852,0.552783130009666,0.11767204234231797,0.2,POSSIBLE_PRIOR_EXTERNAL_BENCHMARK,INCLUDE_PRIMARY;EXCLUDE_STRICT_NEVER_USED_SENSITIVITY,0.8716964742460116
GSE57065,SIG001,T1,T24,HALLMARK_TNFA_SIGNALING_VIA_NFKB,PRESET_PRIMARY,SSGSEA_RANK_WALK,28,0.19594964422550626,0.3176367288886643,0.19851696567790655,0.2,POSSIBLE_PRIOR_EXTERNAL_BENCHMARK,INCLUDE_PRIMARY;EXCLUDE_STRICT_NEVER_USED_SENSITIVITY,0.43920840843412284
GSE57065,SIG001,T1,T24,HALLMARK_UNFOLDED_PROTEIN_RESPONSE,HALLMARK_SECONDARY,SSGSEA_RANK_WALK,28,-0.02736726874657909,0.8900529733795477,-0.027374104215928743,0.2,POSSIBLE_PRIOR_EXTERNAL_BENCHMARK,INCLUDE_PRIMARY;EXCLUDE_STRICT_NEVER_USED_SENSITIVITY,0.9123042977140363
GSE57065,SIG001,T1,T24,HALLMARK_UV_RESPONSE_DN,HALLMARK_SECONDARY,SSGSEA_RANK_WALK,28,-0.174055829228243,0.37571742622873705,-0.1758461862971342,0.2,POSSIBLE_PRIOR_EXTERNAL_BENCHMARK,INCLUDE_PRIMARY;EXCLUDE_STRICT_NEVER_USED_SENSITIVITY,0.7702207237689109
GSE57065,SIG001,T1,T24,HALLMARK_UV_RESPONSE_UP,HALLMARK_SECONDARY,SSGSEA_RANK_WALK,28,0.07881773399014778,0.6901359506941658,0.0789815564809571,0.2,POSSIBLE_PRIOR_EXTERNAL_BENCHMARK,INCLUDE_PRIMARY;EXCLUDE_STRICT_NEVER_USED_SENSITIVITY,0.8993384554163338
GSE57065,SIG001,T1,T24,HALLMARK_WNT_BETA_CATENIN_SIGNALING,HALLMARK_SECONDARY,SSGSEA_RANK_WALK,28,-0.4537493158182813,0.01529740437635629,-0.4894116171424302,0.2,POSSIBLE_PRIOR_EXTERNAL_BENCHMARK,INCLUDE_PRIMARY;EXCLUDE_STRICT_NEVER_USED_SENSITIVITY,0.17230377269002858
GSE57065,SIG001,T1,T24,HALLMARK_XENOBIOTIC_METABOLISM,HALLMARK_SECONDARY,SSGSEA_RANK_WALK,28,0.10563765736179528,0.5926515354824006,0.10603325748765112,0.2,POSSIBLE_PRIOR_EXTERNAL_BENCHMARK,INCLUDE_PRIMARY;EXCLUDE_STRICT_NEVER_USED_SENSITIVITY,0.8876657957771209
GSE57065,SIG001,T1,T24,Neutrophil degranulation,REACTOME_SUPPLEMENT,SSGSEA_RANK_WALK,28,0.6185002736726873,0.0004513318805294849,0.7225725545459765,0.2,POSSIBLE_PRIOR_EXTERNAL_BENCHMARK,INCLUDE_PRIMARY;EXCLUDE_STRICT_NEVER_USED_SENSITIVITY,0.0009026637610589698
GSE57065,SIG001,T1,T24,TCR signaling,REACTOME_SUPPLEMENT,SSGSEA_RANK_WALK,28,-0.29885057471264365,0.12239021172143656,-0.3082569772695146,0.2,POSSIBLE_PRIOR_EXTERNAL_BENCHMARK,INCLUDE_PRIMARY;EXCLUDE_STRICT_NEVER_USED_SENSITIVITY,0.12239021172143656
GSE57065,SIG001,T2,T48,HALLMARK_ADIPOGENESIS,HALLMARK_SECONDARY,SSGSEA_RANK_WALK,26,0.509059829059829,0.007908538928725959,0.561459918604256,0.20851441405707477,POSSIBLE_PRIOR_EXTERNAL_BENCHMARK,INCLUDE_PRIMARY;EXCLUDE_STRICT_NEVER_USED_SENSITIVITY,0.10808336535925477
GSE57065,SIG001,T2,T48,HALLMARK_ALLOGRAFT_REJECTION,PRESET_PRIMARY,SSGSEA_RANK_WALK,26,-0.42085470085470084,0.032275861438932324,-0.4487302385035591,0.20851441405707477,POSSIBLE_PRIOR_EXTERNAL_BENCHMARK,INCLUDE_PRIMARY;EXCLUDE_STRICT_NEVER_USED_SENSITIVITY,0.12128494731100277
GSE57065,SIG001,T2,T48,HALLMARK_ANDROGEN_RESPONSE,HALLMARK_SECONDARY,SSGSEA_RANK_WALK,26,0.19452991452991453,0.34096109207948366,0.19704097296126227,0.20851441405707477,POSSIBLE_PRIOR_EXTERNAL_BENCHMARK,INCLUDE_PRIMARY;EXCLUDE_STRICT_NEVER_USED_SENSITIVITY,0.6078002076199491
GSE57065,SIG001,T2,T48,HALLMARK_ANGIOGENESIS,HALLMARK_SECONDARY,SSGSEA_RANK_WALK,26,0.04136752136752136,0.8409758887019692,0.04139114265031319,0.20851441405707477,POSSIBLE_PRIOR_EXTERNAL_BENCHMARK,INCLUDE_PRIMARY;EXCLUDE_STRICT_NEVER_USED_SENSITIVITY,0.9073687220205456
GSE57065,SIG001,T2,T48,HALLMARK_APICAL_JUNCTION,HALLMARK_SECONDARY,SSGSEA_RANK_WALK,26,-0.13094017094017094,0.52374438131167,-0.13169630219709128,0.20851441405707477,POSSIBLE_PRIOR_EXTERNAL_BENCHMARK,INCLUDE_PRIMARY;EXCLUDE_STRICT_NEVER_USED_SENSITIVITY,0.7404661942682231
GSE57065,SIG001,T2,T48,HALLMARK_APICAL_SURFACE,HALLMARK_SECONDARY,SSGSEA_RANK_WALK,26,-0.2711111111111111,0.18035473761443477,-0.27806269149782703,0.20851441405707477,POSSIBLE_PRIOR_EXTERNAL_BENCHMARK,INCLUDE_PRIMARY;EXCLUDE_STRICT_NEVER_USED_SENSITIVITY,0.44466976025531874
GSE57065,SIG001,T2,T48,HALLMARK_APOPTOSIS,PRESET_PRIMARY,SSGSEA_RANK_WALK,26,0.12273504273504272,0.5502971635239916,0.12335696269836853,0.20851441405707477,POSSIBLE_PRIOR_EXTERNAL_BENCHMARK,INCLUDE_PRIMARY;EXCLUDE_STRICT_NEVER_USED_SENSITIVITY,0.8254457452859874
GSE57065,SIG001,T2,T48,HALLMARK_BILE_ACID_METABOLISM,HALLMARK_SECONDARY,SSGSEA_RANK_WALK,26,0.29435897435897435,0.144374770366577,0.30333210258390736,0.20851441405707477,POSSIBLE_PRIOR_EXTERNAL_BENCHMARK,INCLUDE_PRIMARY;EXCLUDE_STRICT_NEVER_USED_SENSITIVITY,0.44466976025531874
GSE57065,SIG001,T2,T48,HALLMARK_CHOLESTEROL_HOMEOSTASIS,HALLMARK_SECONDARY,SSGSEA_RANK_WALK,26,0.411965811965812,0.036509911497279585,0.43797655807378993,0.20851441405707477,POSSIBLE_PRIOR_EXTERNAL_BENCHMARK,INCLUDE_PRIMARY;EXCLUDE_STRICT_NEVER_USED_SENSITIVITY,0.22404551341005924
GSE57065,SIG001,T2,T48,HALLMARK_COAGULATION,PRESET_PRIMARY,SSGSEA_RANK_WALK,26,0.0823931623931624,0.6890506826294659,0.08258037117469254,0.20851441405707477,POSSIBLE_PRIOR_EXTERNAL_BENCHMARK,INCLUDE_PRIMARY;EXCLUDE_STRICT_NEVER_USED_SENSITIVITY,0.8859223062378847
GSE57065,SIG001,T2,T48,HALLMARK_COMPLEMENT,PRESET_PRIMARY,SSGSEA_RANK_WALK,26,0.41128205128205125,0.03685310735646429,0.4371533110868612,0.20851441405707477,POSSIBLE_PRIOR_EXTERNAL_BENCHMARK,INCLUDE_PRIMARY;EXCLUDE_STRICT_NEVER_USED_SENSITIVITY,0.12128494731100277
GSE57065,SIG001,T2,T48,HALLMARK_DNA_REPAIR,HALLMARK_SECONDARY,SSGSEA_RANK_WALK,26,0.1794871794871795,0.380294564217309,0.18145274684468424,0.20851441405707477,POSSIBLE_PRIOR_EXTERNAL_BENCHMARK,INCLUDE_PRIMARY;EXCLUDE_STRICT_NEVER_USED_SENSITIVITY,0.6236830853163867
GSE57065,SIG001,T2,T48,HALLMARK_E2F_TARGETS,HALLMARK_SECONDARY,SSGSEA_RANK_WALK,26,0.29435897435897435,0.144374770366577,0.30333210258390736,0.20851441405707477,POSSIBLE_PRIOR_EXTERNAL_BENCHMARK,INCLUDE_PRIMARY;EXCLUDE_STRICT_NEVER_USED_SENSITIVITY,0.44466976025531874
GSE57065,SIG001,T2,T48,HALLMARK_EPITHELIAL_MESENCHYMAL_TRANSITION,HALLMARK_SECONDARY,SSGSEA_RANK_WALK,26,-0.07897435897435896,0.7013588183647272,-0.07913916249772777,0.20851441405707477,POSSIBLE_PRIOR_EXTERNAL_BENCHMARK,INCLUDE_PRIMARY;EXCLUDE_STRICT_NEVER_USED_SENSITIVITY,0.8606873651192691
GSE57065,SIG001,T2,T48,HALLMARK_ESTROGEN_RESPONSE_EARLY,HALLMARK_SECONDARY,SSGSEA_RANK_WALK,26,0.09675213675213674,0.6382237932615835,0.09705574195206725,0.20851441405707477,POSSIBLE_PRIOR_EXTERNAL_BENCHMARK,INCLUDE_PRIMARY;EXCLUDE_STRICT_NEVER_USED_SENSITIVITY,0.8177242351164039
GSE57065,SIG001,T2,T48,HALLMARK_ESTROGEN_RESPONSE_LATE,HALLMARK_SECONDARY,SSGSEA_RANK_WALK,26,0.308034188034188,0.12578748516829732,0.3183720597964209,0.20851441405707477,POSSIBLE_PRIOR_EXTERNAL_BENCHMARK,INCLUDE_PRIMARY;EXCLUDE_STRICT_NEVER_USED_SENSITIVITY,0.44466976025531874
GSE57065,SIG001,T2,T48,HALLMARK_FATTY_ACID_METABOLISM,HALLMARK_SECONDARY,SSGSEA_RANK_WALK,26,0.2608547008547008,0.1980564872293154,0.2670252932386654,0.20851441405707477,POSSIBLE_PRIOR_EXTERNAL_BENCHMARK,INCLUDE_PRIMARY;EXCLUDE_STRICT_NEVER_USED_SENSITIVITY,0.44466976025531874
GSE57065,SIG001,T2,T48,HALLMARK_G2M_CHECKPOINT,HALLMARK_SECONDARY,SSGSEA_RANK_WALK,26,0.2841025641025641,0.1595525518438448,0.2921392244488357,0.20851441405707477,POSSIBLE_PRIOR_EXTERNAL_BENCHMARK,INCLUDE_PRIMARY;EXCLUDE_STRICT_NEVER_USED_SENSITIVITY,0.44466976025531874
GSE57065,SIG001,T2,T48,HALLMARK_GLYCOLYSIS,HALLMARK_SECONDARY,SSGSEA_RANK_WALK,26,0.5411965811965811,0.004302959542231012,0.6058462788140198,0.20851441405707477,POSSIBLE_PRIOR_EXTERNAL_BENCHMARK,INCLUDE_PRIMARY;EXCLUDE_STRICT_NEVER_USED_SENSITIVITY,0.08821067061573575
GSE57065,SIG001,T2,T48,HALLMARK_HEDGEHOG_SIGNALING,HALLMARK_SECONDARY,SSGSEA_RANK_WALK,26,-0.2588034188034188,0.20173463730231248,-0.2648254996167431,0.20851441405707477,POSSIBLE_PRIOR_EXTERNAL_BENCHMARK,INCLUDE_PRIMARY;EXCLUDE_STRICT_NEVER_USED_SENSITIVITY,0.44466976025531874
GSE57065,SIG001,T2,T48,HALLMARK_HEME_METABOLISM,HALLMARK_SECONDARY,SSGSEA_RANK_WALK,26,0.39008547008547007,0.048830099506277924,0.41190084052416864,0.20851441405707477,POSSIBLE_PRIOR_EXTERNAL_BENCHMARK,INCLUDE_PRIMARY;EXCLUDE_STRICT_NEVER_USED_SENSITIVITY,0.2502542599696744
GSE57065,SIG001,T2,T48,HALLMARK_HYPOXIA,HALLMARK_SECONDARY,SSGSEA_RANK_WALK,26,0.028376068376068375,0.8905554093344163,0.028383688206342246,0.20851441405707477,POSSIBLE_PRIOR_EXTERNAL_BENCHMARK,INCLUDE_PRIMARY;EXCLUDE_STRICT_NEVER_USED_SENSITIVITY,0.936224917505412
GSE57065,SIG001,T2,T48,HALLMARK_IL2_STAT5_SIGNALING,HALLMARK_SECONDARY,SSGSEA_RANK_WALK,26,0.06735042735042734,0.7437414475226706,0.06745254105601232,0.20851441405707477,POSSIBLE_PRIOR_EXTERNAL_BENCHMARK,INCLUDE_PRIMARY;EXCLUDE_STRICT_NEVER_USED_SENSITIVITY,0.8690987719465489
GSE57065,SIG001,T2,T48,HALLMARK_IL6_JAK_STAT3_SIGNALING,HALLMARK_SECONDARY,SSGSEA_RANK_WALK,26,0.4242735042735042,0.030756195782354924,0.4528922135093225,0.20851441405707477,POSSIBLE_PRIOR_EXTERNAL_BENCHMARK,INCLUDE_PRIMARY;EXCLUDE_STRICT_NEVER_USED_SENSITIVITY,0.22404551341005924
GSE57065,SIG001,T2,T48,HALLMARK_INFLAMMATORY_RESPONSE,PRESET_PRIMARY,SSGSEA_RANK_WALK,26,0.4044444444444444,0.04042831577033426,0.4289512068180003,0.20851441405707477,POSSIBLE_PRIOR_EXTERNAL_BENCHMARK,INCLUDE_PRIMARY;EXCLUDE_STRICT_NEVER_USED_SENSITIVITY,0.12128494731100277
GSE57065,SIG001,T2,T48,HALLMARK_INTERFERON_ALPHA_RESPONSE,PRESET_PRIMARY,SSGSEA_RANK_WALK,26,0.013333333333333332,0.9484559205883564,0.013334123541080661,0.20851441405707477,POSSIBLE_PRIOR_EXTERNAL_BENCHMARK,INCLUDE_PRIMARY;EXCLUDE_STRICT_NEVER_USED_SENSITIVITY,0.9484559205883563
GSE57065,SIG001,T2,T48,HALLMARK_INTERFERON_GAMMA_RESPONSE,PRESET_PRIMARY,SSGSEA_RANK_WALK,26,-0.028376068376068375,0.8905554093344163,-0.028383688206342246,0.20851441405707477,POSSIBLE_PRIOR_EXTERNAL_BENCHMARK,INCLUDE_PRIMARY;EXCLUDE_STRICT_NEVER_USED_SENSITIVITY,0.9484559205883563
GSE57065,SIG001,T2,T48,HALLMARK_KRAS_SIGNALING_DN,HALLMARK_SECONDARY,SSGSEA_RANK_WALK,26,-0.14051282051282052,0.49356526217163565,-0.14144868716422232,0.20851441405707477,POSSIBLE_PRIOR_EXTERNAL_BENCHMARK,INCLUDE_PRIMARY;EXCLUDE_STRICT_NEVER_USED_SENSITIVITY,0.7404661942682231
GSE57065,SIG001,T2,T48,HALLMARK_KRAS_SIGNALING_UP,HALLMARK_SECONDARY,SSGSEA_RANK_WALK,26,0.15350427350427348,0.4540497924839445,0.15472731465071343,0.20851441405707477,POSSIBLE_PRIOR_EXTERNAL_BENCHMARK,INCLUDE_PRIMARY;EXCLUDE_STRICT_NEVER_USED_SENSITIVITY,0.7160015958400663
GSE57065,SIG001,T2,T48,HALLMARK_MITOTIC_SPINDLE,HALLMARK_SECONDARY,SSGSEA_RANK_WALK,26,0.4488888888888889,0.021432025479478024,0.4833079078808354,0.20851441405707477,POSSIBLE_PRIOR_EXTERNAL_BENCHMARK,INCLUDE_PRIMARY;EXCLUDE_STRICT_NEVER_USED_SENSITIVITY,0.21967826116464975
GSE57065,SIG001,T2,T48,HALLMARK_MTORC1_SIGNALING,HALLMARK_SECONDARY,SSGSEA_RANK_WALK,26,0.3463247863247863,0.08306623085875982,0.36126158279386206,0.20851441405707477,POSSIBLE_PRIOR_EXTERNAL_BENCHMARK,INCLUDE_PRIMARY;EXCLUDE_STRICT_NEVER_USED_SENSITIVITY,0.3764983246970799
GSE57065,SIG001,T2,T48,HALLMARK_MYC_TARGETS_V1,HALLMARK_SECONDARY,SSGSEA_RANK_WALK,26,0.0988034188034188,0.631084510101265,0.09912682533753002,0.20851441405707477,POSSIBLE_PRIOR_EXTERNAL_BENCHMARK,INCLUDE_PRIMARY;EXCLUDE_STRICT_NEVER_USED_SENSITIVITY,0.8177242351164039
GSE57065,SIG001,T2,T48,HALLMARK_MYC_TARGETS_V2,HALLMARK_SECONDARY,SSGSEA_RANK_WALK,26,0.05641025641025641,0.7843086478542027,0.05647020559029773,0.20851441405707477,POSSIBLE_PRIOR_EXTERNAL_BENCHMARK,INCLUDE_PRIMARY;EXCLUDE_STRICT_NEVER_USED_SENSITIVITY,0.8690987719465489
GSE57065,SIG001,T2,T48,HALLMARK_MYOGENESIS,HALLMARK_SECONDARY,SSGSEA_RANK_WALK,26,-0.13504273504273506,0.5107029807105488,-0.13587274009448416,0.20851441405707477,POSSIBLE_PRIOR_EXTERNAL_BENCHMARK,INCLUDE_PRIMARY;EXCLUDE_STRICT_NEVER_USED_SENSITIVITY,0.7404661942682231
GSE57065,SIG001,T2,T48,HALLMARK_NOTCH_SIGNALING,HALLMARK_SECONDARY,SSGSEA_RANK_WALK,26,0.018803418803418803,0.9273564412292927,0.01880563537289167,0.20851441405707477,POSSIBLE_PRIOR_EXTERNAL_BENCHMARK,INCLUDE_PRIMARY;EXCLUDE_STRICT_NEVER_USED_SENSITIVITY,0.9505403522600251
GSE57065,SIG001,T2,T48,HALLMARK_OXIDATIVE_PHOSPHORYLATION,PRESET_PRIMARY,SSGSEA_RANK_WALK,26,0.21094017094017092,0.3009554236037242,0.2141550953573943,0.20851441405707477,POSSIBLE_PRIOR_EXTERNAL_BENCHMARK,INCLUDE_PRIMARY;EXCLUDE_STRICT_NEVER_USED_SENSITIVITY,0.5417197624867035
GSE57065,SIG001,T2,T48,HALLMARK_P53_PATHWAY,HALLMARK_SECONDARY,SSGSEA_RANK_WALK,26,0.004444444444444444,0.9828086843170194,0.004444473708623012,0.20851441405707477,POSSIBLE_PRIOR_EXTERNAL_BENCHMARK,INCLUDE_PRIMARY;EXCLUDE_STRICT_NEVER_USED_SENSITIVITY,0.9828086843170194
GSE57065,SIG001,T2,T48,HALLMARK_PANCREAS_BETA_CELLS,HALLMARK_SECONDARY,SSGSEA_RANK_WALK,26,-0.07555555555555556,0.7137407418062232,-0.07569982322768422,0.20851441405707477,POSSIBLE_PRIOR_EXTERNAL_BENCHMARK,INCLUDE_PRIMARY;EXCLUDE_STRICT_NEVER_USED_SENSITIVITY,0.8606873651192691
GSE57065,SIG001,T2,T48,HALLMARK_PEROXISOME,HALLMARK_SECONDARY,SSGSEA_RANK_WALK,26,0.20615384615384613,0.31230813998237655,0.20915112743442255,0.20851441405707477,POSSIBLE_PRIOR_EXTERNAL_BENCHMARK,INCLUDE_PRIMARY;EXCLUDE_STRICT_NEVER_USED_SENSITIVITY,0.5850909148759611
GSE57065,SIG001,T2,T48,HALLMARK_PI3K_AKT_MTOR_SIGNALING,HALLMARK_SECONDARY,SSGSEA_RANK_WALK,26,0.18769230769230769,0.35852718374297243,0.18994413315925734,0.20851441405707477,POSSIBLE_PRIOR_EXTERNAL_BENCHMARK,INCLUDE_PRIMARY;EXCLUDE_STRICT_NEVER_USED_SENSITIVITY,0.6124839388942446
GSE57065,SIG001,T2,T48,HALLMARK_PROTEIN_SECRETION,HALLMARK_SECONDARY,SSGSEA_RANK_WALK,26,0.2574358974358974,0.20421246713980898,0.2633603620552202,0.20851441405707477,POSSIBLE_PRIOR_EXTERNAL_BENCHMARK,INCLUDE_PRIMARY;EXCLUDE_STRICT_NEVER_USED_SENSITIVITY,0.44466976025531874
GSE57065,SIG001,T2,T48,HALLMARK_REACTIVE_OXYGEN_SPECIES_PATHWAY,HALLMARK_SECONDARY,SSGSEA_RANK_WALK,26,0.604102564102564,0.001082527114122851,0.6995822758202126,0.20851441405707477,POSSIBLE_PRIOR_EXTERNAL_BENCHMARK,INCLUDE_PRIMARY;EXCLUDE_STRICT_NEVER_USED_SENSITIVITY,0.044383611679036886
GSE57065,SIG001,T2,T48,HALLMARK_SPERMATOGENESIS,HALLMARK_SECONDARY,SSGSEA_RANK_WALK,26,0.2533333333333333,0.21176996749099924,0.2589715457674273,0.20851441405707477,POSSIBLE_PRIOR_EXTERNAL_BENCHMARK,INCLUDE_PRIMARY;EXCLUDE_STRICT_NEVER_USED_SENSITIVITY,0.44466976025531874
GSE57065,SIG001,T2,T48,HALLMARK_TGF_BETA_SIGNALING,HALLMARK_SECONDARY,SSGSEA_RANK_WALK,26,-0.20547008547008547,0.3139512226163694,-0.20843712249300683,0.20851441405707477,POSSIBLE_PRIOR_EXTERNAL_BENCHMARK,INCLUDE_PRIMARY;EXCLUDE_STRICT_NEVER_USED_SENSITIVITY,0.5850909148759611
GSE57065,SIG001,T2,T48,HALLMARK_TNFA_SIGNALING_VIA_NFKB,PRESET_PRIMARY,SSGSEA_RANK_WALK,26,0.2300854700854701,0.25815449691319536,0.23427971262544872,0.20851441405707477,POSSIBLE_PRIOR_EXTERNAL_BENCHMARK,INCLUDE_PRIMARY;EXCLUDE_STRICT_NEVER_USED_SENSITIVITY,0.5417197624867035
GSE57065,SIG001,T2,T48,HALLMARK_UNFOLDED_PROTEIN_RESPONSE,HALLMARK_SECONDARY,SSGSEA_RANK_WALK,26,0.05641025641025641,0.7843086478542027,0.05647020559029773,0.20851441405707477,POSSIBLE_PRIOR_EXTERNAL_BENCHMARK,INCLUDE_PRIMARY;EXCLUDE_STRICT_NEVER_USED_SENSITIVITY,0.8690987719465489
GSE57065,SIG001,T2,T48,HALLMARK_UV_RESPONSE_DN,HALLMARK_SECONDARY,SSGSEA_RANK_WALK,26,-0.10495726495726496,0.609861220702868,-0.10534523658557038,0.20851441405707477,POSSIBLE_PRIOR_EXTERNAL_BENCHMARK,INCLUDE_PRIMARY;EXCLUDE_STRICT_NEVER_USED_SENSITIVITY,0.8177242351164039
GSE57065,SIG001,T2,T48,HALLMARK_UV_RESPONSE_UP,HALLMARK_SECONDARY,SSGSEA_RANK_WALK,26,0.40854700854700854,0.03825167302122963,0.4338658774258737,0.20851441405707477,POSSIBLE_PRIOR_EXTERNAL_BENCHMARK,INCLUDE_PRIMARY;EXCLUDE_STRICT_NEVER_USED_SENSITIVITY,0.22404551341005924
GSE57065,SIG001,T2,T48,HALLMARK_WNT_BETA_CATENIN_SIGNALING,HALLMARK_SECONDARY,SSGSEA_RANK_WALK,26,-0.3374358974358974,0.0918288596822146,-0.3511961193519982,0.20851441405707477,POSSIBLE_PRIOR_EXTERNAL_BENCHMARK,INCLUDE_PRIMARY;EXCLUDE_STRICT_NEVER_USED_SENSITIVITY,0.3764983246970799
GSE57065,SIG001,T2,T48,HALLMARK_XENOBIOTIC_METABOLISM,HALLMARK_SECONDARY,SSGSEA_RANK_WALK,26,0.2505982905982906,0.2169120781733262,0.25605109044145247,0.20851441405707477,POSSIBLE_PRIOR_EXTERNAL_BENCHMARK,INCLUDE_PRIMARY;EXCLUDE_STRICT_NEVER_USED_SENSITIVITY,0.44466976025531874
GSE57065,SIG001,T2,T48,Neutrophil degranulation,REACTOME_SUPPLEMENT,SSGSEA_RANK_WALK,26,0.5282051282051281,0.0055422000064294956,0.587652454728182,0.20851441405707477,POSSIBLE_PRIOR_EXTERNAL_BENCHMARK,INCLUDE_PRIMARY;EXCLUDE_STRICT_NEVER_USED_SENSITIVITY,0.011084400012858991
GSE57065,SIG001,T2,T48,TCR signaling,REACTOME_SUPPLEMENT,SSGSEA_RANK_WALK,26,-0.06119658119658119,0.7664861253612906,-0.0612731474875965,0.20851441405707477,POSSIBLE_PRIOR_EXTERNAL_BENCHMARK,INCLUDE_PRIMARY;EXCLUDE_STRICT_NEVER_USED_SENSITIVITY,0.7664861253612906
GSE57065,SIG002,T1,T24,HALLMARK_ADIPOGENESIS,HALLMARK_SECONDARY,SSGSEA_RANK_WALK,28,0.07717569786535304,0.6962853459956213,0.077329469525199,0.2,NO_KNOWN_OVERLAP,INCLUDE_PRIMARY_INDEPENDENT,0.9933834762125375
GSE57065,SIG002,T1,T24,HALLMARK_ALLOGRAFT_REJECTION,PRESET_PRIMARY,SSGSEA_RANK_WALK,28,-0.08319649698960044,0.6738323118155445,-0.08338925067169946,0.2,NO_KNOWN_OVERLAP,INCLUDE_PRIMARY_INDEPENDENT,0.9270872364384023
GSE57065,SIG002,T1,T24,HALLMARK_ANDROGEN_RESPONSE,HALLMARK_SECONDARY,SSGSEA_RANK_WALK,28,0.0016420361247947454,0.9933834762125375,0.0016420376005949627,0.2,NO_KNOWN_OVERLAP,INCLUDE_PRIMARY_INDEPENDENT,0.9933834762125375
GSE57065,SIG002,T1,T24,HALLMARK_ANGIOGENESIS,HALLMARK_SECONDARY,SSGSEA_RANK_WALK,28,-0.30103995621237,0.11954404228119095,-0.3106628056638273,0.2,NO_KNOWN_OVERLAP,INCLUDE_PRIMARY_INDEPENDENT,0.6126632166911036
GSE57065,SIG002,T1,T24,HALLMARK_APICAL_JUNCTION,HALLMARK_SECONDARY,SSGSEA_RANK_WALK,28,0.041050903119868636,0.8356939585960415,0.04107398580449943,0.2,NO_KNOWN_OVERLAP,INCLUDE_PRIMARY_INDEPENDENT,0.9933834762125375
GSE57065,SIG002,T1,T24,HALLMARK_APICAL_SURFACE,HALLMARK_SECONDARY,SSGSEA_RANK_WALK,28,-0.10016420361247948,0.6120615636453772,-0.1005012127184981,0.2,NO_KNOWN_OVERLAP,INCLUDE_PRIMARY_INDEPENDENT,0.9933834762125375
GSE57065,SIG002,T1,T24,HALLMARK_APOPTOSIS,PRESET_PRIMARY,SSGSEA_RANK_WALK,28,0.07060755336617405,0.7210678505632018,0.07072524186173501,0.2,NO_KNOWN_OVERLAP,INCLUDE_PRIMARY_INDEPENDENT,0.9270872364384023
GSE57065,SIG002,T1,T24,HALLMARK_BILE_ACID_METABOLISM,HALLMARK_SECONDARY,SSGSEA_RANK_WALK,28,0.14559386973180075,0.45976219893389403,0.1466359009652838,0.2,NO_KNOWN_OVERLAP,INCLUDE_PRIMARY_INDEPENDENT,0.9933834762125375
GSE57065,SIG002,T1,T24,HALLMARK_CHOLESTEROL_HOMEOSTASIS,HALLMARK_SECONDARY,SSGSEA_RANK_WALK,28,0.09797482211275313,0.6198989091088627,0.0982901290262319,0.2,NO_KNOWN_OVERLAP,INCLUDE_PRIMARY_INDEPENDENT,0.9933834762125375
GSE57065,SIG002,T1,T24,HALLMARK_COAGULATION,PRESET_PRIMARY,SSGSEA_RANK_WALK,28,-0.0010946907498631637,0.9955889577120898,-0.0010946911871369091,0.2,NO_KNOWN_OVERLAP,INCLUDE_PRIMARY_INDEPENDENT,0.9977944709271015
GSE57065,SIG002,T1,T24,HALLMARK_COMPLEMENT,PRESET_PRIMARY,SSGSEA_RANK_WALK,28,0.36398467432950193,0.05689516362186159,0.3814714712477436,0.2,NO_KNOWN_OVERLAP,INCLUDE_PRIMARY_INDEPENDENT,0.2560282362983771
GSE57065,SIG002,T1,T24,HALLMARK_DNA_REPAIR,HALLMARK_SECONDARY,SSGSEA_RANK_WALK,28,0.09304871373836891,0.6376811688652821,0.09331865799462616,0.2,NO_KNOWN_OVERLAP,INCLUDE_PRIMARY_INDEPENDENT,0.9933834762125375
GSE57065,SIG002,T1,T24,HALLMARK_E2F_TARGETS,HALLMARK_SECONDARY,SSGSEA_RANK_WALK,28,-0.004378762999452655,0.9823570994002738,-0.004378790985274197,0.2,NO_KNOWN_OVERLAP,INCLUDE_PRIMARY_INDEPENDENT,0.9933834762125375
GSE57065,SIG002,T1,T24,HALLMARK_EPITHELIAL_MESENCHYMAL_TRANSITION,HALLMARK_SECONDARY,SSGSEA_RANK_WALK,28,0.04159824849480022,0.8335332025809923,0.04162226750514882,0.2,NO_KNOWN_OVERLAP,INCLUDE_PRIMARY_INDEPENDENT,0.9933834762125375
GSE57065,SIG002,T1,T24,HALLMARK_ESTROGEN_RESPONSE_EARLY,HALLMARK_SECONDARY,SSGSEA_RANK_WALK,28,-0.441160372194855,0.018775187110737213,-0.4736706706658219,0.2,NO_KNOWN_OVERLAP,INCLUDE_PRIMARY_INDEPENDENT,0.38489133577011286
GSE57065,SIG002,T1,T24,HALLMARK_ESTROGEN_RESPONSE_LATE,HALLMARK_SECONDARY,SSGSEA_RANK_WALK,28,-0.31636562671045426,0.10097071177939733,-0.3276033362071419,0.2,NO_KNOWN_OVERLAP,INCLUDE_PRIMARY_INDEPENDENT,0.6126632166911036
GSE57065,SIG002,T1,T24,HALLMARK_FATTY_ACID_METABOLISM,HALLMARK_SECONDARY,SSGSEA_RANK_WALK,28,0.011494252873563218,0.9537083000670102,0.01149475911234937,0.2,NO_KNOWN_OVERLAP,INCLUDE_PRIMARY_INDEPENDENT,0.9933834762125375
GSE57065,SIG002,T1,T24,HALLMARK_G2M_CHECKPOINT,HALLMARK_SECONDARY,SSGSEA_RANK_WALK,28,-0.025725232621784347,0.8966138146095978,-0.025730909756118334,0.2,NO_KNOWN_OVERLAP,INCLUDE_PRIMARY_INDEPENDENT,0.9933834762125375
GSE57065,SIG002,T1,T24,HALLMARK_GLYCOLYSIS,HALLMARK_SECONDARY,SSGSEA_RANK_WALK,28,0.02463054187192118,0.9009914341588439,0.024635524503391366,0.2,NO_KNOWN_OVERLAP,INCLUDE_PRIMARY_INDEPENDENT,0.9933834762125375
GSE57065,SIG002,T1,T24,HALLMARK_HEDGEHOG_SIGNALING,HALLMARK_SECONDARY,SSGSEA_RANK_WALK,28,-0.28078817733990147,0.14779742879721405,-0.2885375046535956,0.2,NO_KNOWN_OVERLAP,INCLUDE_PRIMARY_INDEPENDENT,0.6180589185957195
GSE57065,SIG002,T1,T24,HALLMARK_HEME_METABOLISM,HALLMARK_SECONDARY,SSGSEA_RANK_WALK,28,-0.11439518336070059,0.5621623776194051,-0.11489814002598818,0.2,NO_KNOWN_OVERLAP,INCLUDE_PRIMARY_INDEPENDENT,0.9933834762125375
GSE57065,SIG002,T1,T24,HALLMARK_HYPOXIA,HALLMARK_SECONDARY,SSGSEA_RANK_WALK,28,-0.3054187192118227,0.11399851298093659,-0.315484967804027,0.2,NO_KNOWN_OVERLAP,INCLUDE_PRIMARY_INDEPENDENT,0.6126632166911036
GSE57065,SIG002,T1,T24,HALLMARK_IL2_STAT5_SIGNALING,HALLMARK_SECONDARY,SSGSEA_RANK_WALK,28,0.1899288451012589,0.3330252971824663,0.192263350461497,0.2,NO_KNOWN_OVERLAP,INCLUDE_PRIMARY_INDEPENDENT,0.9102691456320746
GSE57065,SIG002,T1,T24,HALLMARK_IL6_JAK_STAT3_SIGNALING,HALLMARK_SECONDARY,SSGSEA_RANK_WALK,28,0.2692939244663382,0.16582068547690035,0.2761023832105908,0.2,NO_KNOWN_OVERLAP,INCLUDE_PRIMARY_INDEPENDENT,0.6180589185957195
GSE57065,SIG002,T1,T24,HALLMARK_INFLAMMATORY_RESPONSE,PRESET_PRIMARY,SSGSEA_RANK_WALK,28,0.09797482211275313,0.6198989091088627,0.0982901290262319,0.2,NO_KNOWN_OVERLAP,INCLUDE_PRIMARY_INDEPENDENT,0.9270872364384023
GSE57065,SIG002,T1,T24,HALLMARK_INTERFERON_ALPHA_RESPONSE,PRESET_PRIMARY,SSGSEA_RANK_WALK,28,0.4417077175697865,0.01861152624254085,0.4743504880124548,0.2,NO_KNOWN_OVERLAP,INCLUDE_PRIMARY_INDEPENDENT,0.16750373618286762
GSE57065,SIG002,T1,T24,HALLMARK_INTERFERON_GAMMA_RESPONSE,PRESET_PRIMARY,SSGSEA_RANK_WALK,28,0.2922824302134647,0.13122739324125404,0.3010600791568277,0.2,NO_KNOWN_OVERLAP,INCLUDE_PRIMARY_INDEPENDENT,0.3936821797237621
GSE57065,SIG002,T1,T24,HALLMARK_KRAS_SIGNALING_DN,HALLMARK_SECONDARY,SSGSEA_RANK_WALK,28,-0.13628899835796388,0.48923181434896235,-0.13714237143997984,0.2,NO_KNOWN_OVERLAP,INCLUDE_PRIMARY_INDEPENDENT,0.9933834762125375
GSE57065,SIG002,T1,T24,HALLMARK_KRAS_SIGNALING_UP,HALLMARK_SECONDARY,SSGSEA_RANK_WALK,28,-0.17022441160372195,0.38647825199129726,-0.17189776269133678,0.2,NO_KNOWN_OVERLAP,INCLUDE_PRIMARY_INDEPENDENT,0.9903505207276992
GSE57065,SIG002,T1,T24,HALLMARK_MITOTIC_SPINDLE,HALLMARK_SECONDARY,SSGSEA_RANK_WALK,28,0.03886152162014231,0.8443485073804998,0.0388811024874056,0.2,NO_KNOWN_OVERLAP,INCLUDE_PRIMARY_INDEPENDENT,0.9933834762125375
GSE57065,SIG002,T1,T24,HALLMARK_MTORC1_SIGNALING,HALLMARK_SECONDARY,SSGSEA_RANK_WALK,28,0.04707170224411604,0.8119931372480311,0.04710651483603192,0.2,NO_KNOWN_OVERLAP,INCLUDE_PRIMARY_INDEPENDENT,0.9933834762125375
GSE57065,SIG002,T1,T24,HALLMARK_MYC_TARGETS_V1,HALLMARK_SECONDARY,SSGSEA_RANK_WALK,28,-0.07006020799124248,0.7231459604683705,-0.07017517537376705,0.2,NO_KNOWN_OVERLAP,INCLUDE_PRIMARY_INDEPENDENT,0.9933834762125375
GSE57065,SIG002,T1,T24,HALLMARK_MYC_TARGETS_V2,HALLMARK_SECONDARY,SSGSEA_RANK_WALK,28,-0.10618500273672687,0.5907252351691594,-0.10658681221657794,0.2,NO_KNOWN_OVERLAP,INCLUDE_PRIMARY_INDEPENDENT,0.9933834762125375
GSE57065,SIG002,T1,T24,HALLMARK_MYOGENESIS,HALLMARK_SECONDARY,SSGSEA_RANK_WALK,28,-0.21839080459770116,0.26422020235145266,-0.22196569446798026,0.2,NO_KNOWN_OVERLAP,INCLUDE_PRIMARY_INDEPENDENT,0.8410724411576436
GSE57065,SIG002,T1,T24,HALLMARK_NOTCH_SIGNALING,HALLMARK_SECONDARY,SSGSEA_RANK_WALK,28,-0.1899288451012589,0.3330252971824663,-0.192263350461497,0.2,NO_KNOWN_OVERLAP,INCLUDE_PRIMARY_INDEPENDENT,0.9102691456320746
GSE57065,SIG002,T1,T24,HALLMARK_OXIDATIVE_PHOSPHORYLATION,PRESET_PRIMARY,SSGSEA_RANK_WALK,28,0.13683634373289547,0.4874722557528416,0.13770011845653696,0.2,NO_KNOWN_OVERLAP,INCLUDE_PRIMARY_INDEPENDENT,0.9270872364384023
GSE57065,SIG002,T1,T24,HALLMARK_P53_PATHWAY,HALLMARK_SECONDARY,SSGSEA_RANK_WALK,28,-0.27367268746579093,0.15878004630696693,-0.2808295644850421,0.2,NO_KNOWN_OVERLAP,INCLUDE_PRIMARY_INDEPENDENT,0.6180589185957195
GSE57065,SIG002,T1,T24,HALLMARK_PANCREAS_BETA_CELLS,HALLMARK_SECONDARY,SSGSEA_RANK_WALK,28,-0.056376573617952924,0.7756882409162642,-0.05643641533764641,0.2,NO_KNOWN_OVERLAP,INCLUDE_PRIMARY_INDEPENDENT,0.9933834762125375
GSE57065,SIG002,T1,T24,HALLMARK_PEROXISOME,HALLMARK_SECONDARY,SSGSEA_RANK_WALK,28,0.48275862068965514,0.00926804004076253,0.5265749572956762,0.2,NO_KNOWN_OVERLAP,INCLUDE_PRIMARY_INDEPENDENT,0.37998964167126376
GSE57065,SIG002,T1,T24,HALLMARK_PI3K_AKT_MTOR_SIGNALING,HALLMARK_SECONDARY,SSGSEA_RANK_WALK,28,0.12643678160919541,0.5214457058876625,0.12711706919212043,0.2,NO_KNOWN_OVERLAP,INCLUDE_PRIMARY_INDEPENDENT,0.9933834762125375
GSE57065,SIG002,T1,T24,HALLMARK_PROTEIN_SECRETION,HALLMARK_SECONDARY,SSGSEA_RANK_WALK,28,0.13738368910782706,0.48571591740141484,0.13825795062067414,0.2,NO_KNOWN_OVERLAP,INCLUDE_PRIMARY_INDEPENDENT,0.9933834762125375
GSE57065,SIG002,T1,T24,HALLMARK_REACTIVE_OXYGEN_SPECIES_PATHWAY,HALLMARK_SECONDARY,SSGSEA_RANK_WALK,28,0.3880678708264915,0.04129063001987516,0.40952333092103604,0.2,NO_KNOWN_OVERLAP,INCLUDE_PRIMARY_INDEPENDENT,0.5643052769382938
GSE57065,SIG002,T1,T24,HALLMARK_SPERMATOGENESIS,HALLMARK_SECONDARY,SSGSEA_RANK_WALK,28,-0.3229337712096333,0.09370930341425153,-0.3349190041554976,0.2,NO_KNOWN_OVERLAP,INCLUDE_PRIMARY_INDEPENDENT,0.6126632166911036
GSE57065,SIG002,T1,T24,HALLMARK_TGF_BETA_SIGNALING,HALLMARK_SECONDARY,SSGSEA_RANK_WALK,28,0.05747126436781609,0.771445677951152,0.057534664892393596,0.2,NO_KNOWN_OVERLAP,INCLUDE_PRIMARY_INDEPENDENT,0.9933834762125375
GSE57065,SIG002,T1,T24,HALLMARK_TNFA_SIGNALING_VIA_NFKB,PRESET_PRIMARY,SSGSEA_RANK_WALK,28,-0.0005473453749315818,0.9977944709271016,-0.0005473454295907705,0.2,NO_KNOWN_OVERLAP,INCLUDE_PRIMARY_INDEPENDENT,0.9977944709271015
GSE57065,SIG002,T1,T24,HALLMARK_UNFOLDED_PROTEIN_RESPONSE,HALLMARK_SECONDARY,SSGSEA_RANK_WALK,28,-0.09523809523809523,0.6297529435898366,-0.09552761838135461,0.2,NO_KNOWN_OVERLAP,INCLUDE_PRIMARY_INDEPENDENT,0.9933834762125375
GSE57065,SIG002,T1,T24,HALLMARK_UV_RESPONSE_DN,HALLMARK_SECONDARY,SSGSEA_RANK_WALK,28,-0.0240831964969896,0.9031813149903167,-0.024087854205474605,0.2,NO_KNOWN_OVERLAP,INCLUDE_PRIMARY_INDEPENDENT,0.9933834762125375
GSE57065,SIG002,T1,T24,HALLMARK_UV_RESPONSE_UP,HALLMARK_SECONDARY,SSGSEA_RANK_WALK,28,-0.21729611384783798,0.2666815057329114,-0.22081646605826002,0.2,NO_KNOWN_OVERLAP,INCLUDE_PRIMARY_INDEPENDENT,0.8410724411576436
GSE57065,SIG002,T1,T24,HALLMARK_WNT_BETA_CATENIN_SIGNALING,HALLMARK_SECONDARY,SSGSEA_RANK_WALK,28,0.00875752599890531,0.964722315510463,0.008757749893204951,0.2,NO_KNOWN_OVERLAP,INCLUDE_PRIMARY_INDEPENDENT,0.9933834762125375
GSE57065,SIG002,T1,T24,HALLMARK_XENOBIOTIC_METABOLISM,HALLMARK_SECONDARY,SSGSEA_RANK_WALK,28,-0.3043240284619595,0.11536667821514839,-0.31427810295464403,0.2,NO_KNOWN_OVERLAP,INCLUDE_PRIMARY_INDEPENDENT,0.6126632166911036
GSE57065,SIG002,T1,T24,Neutrophil degranulation,REACTOME_SUPPLEMENT,SSGSEA_RANK_WALK,28,0.043787629994526546,0.8249021525438205,0.04381564773318125,0.2,NO_KNOWN_OVERLAP,INCLUDE_PRIMARY_INDEPENDENT,0.8249021525438205
GSE57065,SIG002,T1,T24,TCR signaling,REACTOME_SUPPLEMENT,SSGSEA_RANK_WALK,28,0.20361247947454844,0.2986972072261833,0.20649840547458415,0.2,NO_KNOWN_OVERLAP,INCLUDE_PRIMARY_INDEPENDENT,0.5973944144523666
GSE57065,SIG002,T2,T48,HALLMARK_ADIPOGENESIS,HALLMARK_SECONDARY,SSGSEA_RANK_WALK,26,0.2998290598290598,0.13671730418760358,0.309331768444488,0.20851441405707477,NO_KNOWN_OVERLAP,INCLUDE_PRIMARY_INDEPENDENT,0.8007727816702496
GSE57065,SIG002,T2,T48,HALLMARK_ALLOGRAFT_REJECTION,PRESET_PRIMARY,SSGSEA_RANK_WALK,26,-0.3388034188034188,0.09043737860013563,-0.3527401638185807,0.20851441405707477,NO_KNOWN_OVERLAP,INCLUDE_PRIMARY_INDEPENDENT,0.6264177608771749
GSE57065,SIG002,T2,T48,HALLMARK_ANDROGEN_RESPONSE,HALLMARK_SECONDARY,SSGSEA_RANK_WALK,26,0.3456410256410256,0.08371687370692052,0.3604848430796222,0.20851441405707477,NO_KNOWN_OVERLAP,INCLUDE_PRIMARY_INDEPENDENT,0.6864783643967483
GSE57065,SIG002,T2,T48,HALLMARK_ANGIOGENESIS,HALLMARK_SECONDARY,SSGSEA_RANK_WALK,26,0.13094017094017094,0.52374438131167,0.13169630219709128,0.20851441405707477,NO_KNOWN_OVERLAP,INCLUDE_PRIMARY_INDEPENDENT,0.8432325900526212
GSE57065,SIG002,T2,T48,HALLMARK_APICAL_JUNCTION,HALLMARK_SECONDARY,SSGSEA_RANK_WALK,26,-0.13504273504273506,0.5107029807105488,-0.13587274009448416,0.20851441405707477,NO_KNOWN_OVERLAP,INCLUDE_PRIMARY_INDEPENDENT,0.8432325900526212
GSE57065,SIG002,T2,T48,HALLMARK_APICAL_SURFACE,HALLMARK_SECONDARY,SSGSEA_RANK_WALK,26,-0.15418803418803417,0.45201745067995136,-0.15542765138170725,0.20851441405707477,NO_KNOWN_OVERLAP,INCLUDE_PRIMARY_INDEPENDENT,0.8432325900526212
GSE57065,SIG002,T2,T48,HALLMARK_APOPTOSIS,PRESET_PRIMARY,SSGSEA_RANK_WALK,26,0.1692307692307692,0.4085443954184593,0.17087464686102832,0.20851441405707477,NO_KNOWN_OVERLAP,INCLUDE_PRIMARY_INDEPENDENT,0.6264177608771749
GSE57065,SIG002,T2,T48,HALLMARK_BILE_ACID_METABOLISM,HALLMARK_SECONDARY,SSGSEA_RANK_WALK,26,0.39555555555555555,0.04548129950045343,0.4183690500861007,0.20851441405707477,NO_KNOWN_OVERLAP,INCLUDE_PRIMARY_INDEPENDENT,0.5509107136661334
GSE57065,SIG002,T2,T48,HALLMARK_CHOLESTEROL_HOMEOSTASIS,HALLMARK_SECONDARY,SSGSEA_RANK_WALK,26,0.24991452991452992,0.21821062508219666,0.2553216458694325,0.20851441405707477,NO_KNOWN_OVERLAP,INCLUDE_PRIMARY_INDEPENDENT,0.8432325900526212
GSE57065,SIG002,T2,T48,HALLMARK_COAGULATION,PRESET_PRIMARY,SSGSEA_RANK_WALK,26,-0.0858119658119658,0.6768191025896042,-0.08602353235256892,0.20851441405707477,NO_KNOWN_OVERLAP,INCLUDE_PRIMARY_INDEPENDENT,0.6768191025896042
GSE57065,SIG002,T2,T48,HALLMARK_COMPLEMENT,PRESET_PRIMARY,SSGSEA_RANK_WALK,26,0.25196581196581197,0.21433061734955552,0.2575107808462921,0.20851441405707477,NO_KNOWN_OVERLAP,INCLUDE_PRIMARY_INDEPENDENT,0.6264177608771749
GSE57065,SIG002,T2,T48,HALLMARK_DNA_REPAIR,HALLMARK_SECONDARY,SSGSEA_RANK_WALK,26,0.15897435897435896,0.437926701828534,0.1603342857240437,0.20851441405707477,NO_KNOWN_OVERLAP,INCLUDE_PRIMARY_INDEPENDENT,0.8432325900526212
GSE57065,SIG002,T2,T48,HALLMARK_E2F_TARGETS,HALLMARK_SECONDARY,SSGSEA_RANK_WALK,26,0.18564102564102564,0.3638989666000729,0.18781879399259352,0.20851441405707477,NO_KNOWN_OVERLAP,INCLUDE_PRIMARY_INDEPENDENT,0.8432325900526212
GSE57065,SIG002,T2,T48,HALLMARK_EPITHELIAL_MESENCHYMAL_TRANSITION,HALLMARK_SECONDARY,SSGSEA_RANK_WALK,26,-0.050940170940170934,0.8048071777997566,-0.05098430123592302,0.20851441405707477,NO_KNOWN_OVERLAP,INCLUDE_PRIMARY_INDEPENDENT,0.9552075693742933
GSE57065,SIG002,T2,T48,HALLMARK_ESTROGEN_RESPONSE_EARLY,HALLMARK_SECONDARY,SSGSEA_RANK_WALK,26,-0.094017094017094,0.6477917988785469,-0.09429558490377499,0.20851441405707477,NO_KNOWN_OVERLAP,INCLUDE_PRIMARY_INDEPENDENT,0.9485522769293008
GSE57065,SIG002,T2,T48,HALLMARK_ESTROGEN_RESPONSE_LATE,HALLMARK_SECONDARY,SSGSEA_RANK_WALK,26,0.17811965811965808,0.38399481075403963,0.1800400607163883,0.20851441405707477,NO_KNOWN_OVERLAP,INCLUDE_PRIMARY_INDEPENDENT,0.8432325900526212
GSE57065,SIG002,T2,T48,HALLMARK_FATTY_ACID_METABOLISM,HALLMARK_SECONDARY,SSGSEA_RANK_WALK,26,0.2567521367521367,0.20545911864208424,0.2626282078972114,0.20851441405707477,NO_KNOWN_OVERLAP,INCLUDE_PRIMARY_INDEPENDENT,0.8432325900526212
GSE57065,SIG002,T2,T48,HALLMARK_G2M_CHECKPOINT,HALLMARK_SECONDARY,SSGSEA_RANK_WALK,26,0.1528205128205128,0.4560869461523138,0.15402712846632913,0.20851441405707477,NO_KNOWN_OVERLAP,INCLUDE_PRIMARY_INDEPENDENT,0.8432325900526212
GSE57065,SIG002,T2,T48,HALLMARK_GLYCOLYSIS,HALLMARK_SECONDARY,SSGSEA_RANK_WALK,26,0.38256410256410256,0.053747386699134966,0.4030599230817157,0.20851441405707477,NO_KNOWN_OVERLAP,INCLUDE_PRIMARY_INDEPENDENT,0.5509107136661334
GSE57065,SIG002,T2,T48,HALLMARK_HEDGEHOG_SIGNALING,HALLMARK_SECONDARY,SSGSEA_RANK_WALK,26,-0.27794871794871795,0.169183408053848,-0.285457671594678,0.20851441405707477,NO_KNOWN_OVERLAP,INCLUDE_PRIMARY_INDEPENDENT,0.8432325900526212
GSE57065,SIG002,T2,T48,HALLMARK_HEME_METABOLISM,HALLMARK_SECONDARY,SSGSEA_RANK_WALK,26,0.045470085470085464,0.8254320783624893,0.04550146130337226,0.20851441405707477,NO_KNOWN_OVERLAP,INCLUDE_PRIMARY_INDEPENDENT,0.9552075693742933
GSE57065,SIG002,T2,T48,HALLMARK_HYPOXIA,HALLMARK_SECONDARY,SSGSEA_RANK_WALK,26,0.03316239316239316,0.8722326311142032,0.03317455790811075,0.20851441405707477,NO_KNOWN_OVERLAP,INCLUDE_PRIMARY_INDEPENDENT,0.9552075693742933
GSE57065,SIG002,T2,T48,HALLMARK_IL2_STAT5_SIGNALING,HALLMARK_SECONDARY,SSGSEA_RANK_WALK,26,0.05914529914529914,0.7741107650674119,0.059214410961789817,0.20851441405707477,NO_KNOWN_OVERLAP,INCLUDE_PRIMARY_INDEPENDENT,0.9552075693742933
GSE57065,SIG002,T2,T48,HALLMARK_IL6_JAK_STAT3_SIGNALING,HALLMARK_SECONDARY,SSGSEA_RANK_WALK,26,0.02974358974358974,0.8853143325908084,0.029752365599898106,0.20851441405707477,NO_KNOWN_OVERLAP,INCLUDE_PRIMARY_INDEPENDENT,0.9552075693742933
GSE57065,SIG002,T2,T48,HALLMARK_INFLAMMATORY_RESPONSE,PRESET_PRIMARY,SSGSEA_RANK_WALK,26,0.1794871794871795,0.380294564217309,0.18145274684468424,0.20851441405707477,NO_KNOWN_OVERLAP,INCLUDE_PRIMARY_INDEPENDENT,0.6264177608771749
GSE57065,SIG002,T2,T48,HALLMARK_INTERFERON_ALPHA_RESPONSE,PRESET_PRIMARY,SSGSEA_RANK_WALK,26,0.14256410256410257,0.4872138140155805,0.14354190370126385,0.20851441405707477,NO_KNOWN_OVERLAP,INCLUDE_PRIMARY_INDEPENDENT,0.6264177608771749
GSE57065,SIG002,T2,T48,HALLMARK_INTERFERON_GAMMA_RESPONSE,PRESET_PRIMARY,SSGSEA_RANK_WALK,26,0.14393162393162393,0.48300259035624504,0.14493807466339007,0.20851441405707477,NO_KNOWN_OVERLAP,INCLUDE_PRIMARY_INDEPENDENT,0.6264177608771749
GSE57065,SIG002,T2,T48,HALLMARK_KRAS_SIGNALING_DN,HALLMARK_SECONDARY,SSGSEA_RANK_WALK,26,-0.15555555555555553,0.4479672466656881,-0.15682877942752077,0.20851441405707477,NO_KNOWN_OVERLAP,INCLUDE_PRIMARY_INDEPENDENT,0.8432325900526212
GSE57065,SIG002,T2,T48,HALLMARK_KRAS_SIGNALING_UP,HALLMARK_SECONDARY,SSGSEA_RANK_WALK,26,0.03658119658119658,0.8591835535388535,0.036597527151818375,0.20851441405707477,NO_KNOWN_OVERLAP,INCLUDE_PRIMARY_INDEPENDENT,0.9552075693742933
GSE57065,SIG002,T2,T48,HALLMARK_MITOTIC_SPINDLE,HALLMARK_SECONDARY,SSGSEA_RANK_WALK,26,0.31897435897435894,0.11222397359967826,0.3305048776605654,0.20851441405707477,NO_KNOWN_OVERLAP,INCLUDE_PRIMARY_INDEPENDENT,0.7668638195978015
GSE57065,SIG002,T2,T48,HALLMARK_MTORC1_SIGNALING,HALLMARK_SECONDARY,SSGSEA_RANK_WALK,26,0.23282051282051283,0.25238073807787453,0.23716956856033786,0.20851441405707477,NO_KNOWN_OVERLAP,INCLUDE_PRIMARY_INDEPENDENT,0.8432325900526212
GSE57065,SIG002,T2,T48,HALLMARK_MYC_TARGETS_V1,HALLMARK_SECONDARY,SSGSEA_RANK_WALK,26,0.14735042735042733,0.47255604009205465,0.1484309706735575,0.20851441405707477,NO_KNOWN_OVERLAP,INCLUDE_PRIMARY_INDEPENDENT,0.8432325900526212
GSE57065,SIG002,T2,T48,HALLMARK_MYC_TARGETS_V2,HALLMARK_SECONDARY,SSGSEA_RANK_WALK,26,0.11931623931623932,0.5615407062932042,0.11988733535341799,0.20851441405707477,NO_KNOWN_OVERLAP,INCLUDE_PRIMARY_INDEPENDENT,0.852709961408199
GSE57065,SIG002,T2,T48,HALLMARK_MYOGENESIS,HALLMARK_SECONDARY,SSGSEA_RANK_WALK,26,-0.1275213675213675,0.534732861984589,-0.12821942932743183,0.20851441405707477,NO_KNOWN_OVERLAP,INCLUDE_PRIMARY_INDEPENDENT,0.8432325900526212
GSE57065,SIG002,T2,T48,HALLMARK_NOTCH_SIGNALING,HALLMARK_SECONDARY,SSGSEA_RANK_WALK,26,-0.019487179487179485,0.9247220780592231,-0.01948964680258637,0.20851441405707477,NO_KNOWN_OVERLAP,INCLUDE_PRIMARY_INDEPENDENT,0.9721437230879013
GSE57065,SIG002,T2,T48,HALLMARK_OXIDATIVE_PHOSPHORYLATION,PRESET_PRIMARY,SSGSEA_RANK_WALK,26,0.23829059829059826,0.24108772896850433,0.242961018698092,0.20851441405707477,NO_KNOWN_OVERLAP,INCLUDE_PRIMARY_INDEPENDENT,0.6264177608771749
GSE57065,SIG002,T2,T48,HALLMARK_P53_PATHWAY,HALLMARK_SECONDARY,SSGSEA_RANK_WALK,26,0.07076923076923076,0.731194023076702,0.07088773119980235,0.20851441405707477,NO_KNOWN_OVERLAP,INCLUDE_PRIMARY_INDEPENDENT,0.9552075693742933
GSE57065,SIG002,T2,T48,HALLMARK_PANCREAS_BETA_CELLS,HALLMARK_SECONDARY,SSGSEA_RANK_WALK,26,-0.24034188034188034,0.236940118240925,-0.24513692051772595,0.20851441405707477,NO_KNOWN_OVERLAP,INCLUDE_PRIMARY_INDEPENDENT,0.8432325900526212
GSE57065,SIG002,T2,T48,HALLMARK_PEROXISOME,HALLMARK_SECONDARY,SSGSEA_RANK_WALK,26,0.5097435897435897,0.007811427963040281,0.5623832833986827,0.20851441405707477,NO_KNOWN_OVERLAP,INCLUDE_PRIMARY_INDEPENDENT,0.32026854648465153
GSE57065,SIG002,T2,T48,HALLMARK_PI3K_AKT_MTOR_SIGNALING,HALLMARK_SECONDARY,SSGSEA_RANK_WALK,26,0.14461538461538462,0.48090393977380497,0.14563637029125476,0.20851441405707477,NO_KNOWN_OVERLAP,INCLUDE_PRIMARY_INDEPENDENT,0.8432325900526212
GSE57065,SIG002,T2,T48,HALLMARK_PROTEIN_SECRETION,HALLMARK_SECONDARY,SSGSEA_RANK_WALK,26,0.15418803418803417,0.45201745067995136,0.15542765138170725,0.20851441405707477,NO_KNOWN_OVERLAP,INCLUDE_PRIMARY_INDEPENDENT,0.8432325900526212
GSE57065,SIG002,T2,T48,HALLMARK_REACTIVE_OXYGEN_SPECIES_PATHWAY,HALLMARK_SECONDARY,SSGSEA_RANK_WALK,26,0.41743589743589743,0.033855121740812115,0.4445827928032319,0.20851441405707477,NO_KNOWN_OVERLAP,INCLUDE_PRIMARY_INDEPENDENT,0.5509107136661334
GSE57065,SIG002,T2,T48,HALLMARK_SPERMATOGENESIS,HALLMARK_SECONDARY,SSGSEA_RANK_WALK,26,0.03111111111111111,0.8800779478636698,0.031121154438610476,0.20851441405707477,NO_KNOWN_OVERLAP,INCLUDE_PRIMARY_INDEPENDENT,0.9552075693742933
GSE57065,SIG002,T2,T48,HALLMARK_TGF_BETA_SIGNALING,HALLMARK_SECONDARY,SSGSEA_RANK_WALK,26,0.013333333333333332,0.9484559205883564,0.013334123541080661,0.20851441405707477,NO_KNOWN_OVERLAP,INCLUDE_PRIMARY_INDEPENDENT,0.9721673186030653
GSE57065,SIG002,T2,T48,HALLMARK_TNFA_SIGNALING_VIA_NFKB,PRESET_PRIMARY,SSGSEA_RANK_WALK,26,0.1152136752136752,0.575168500244609,0.11572756378008399,0.20851441405707477,NO_KNOWN_OVERLAP,INCLUDE_PRIMARY_INDEPENDENT,0.6470645627751851
GSE57065,SIG002,T2,T48,HALLMARK_UNFOLDED_PROTEIN_RESPONSE,HALLMARK_SECONDARY,SSGSEA_RANK_WALK,26,0.08170940170940172,0.6915062731609445,0.08189197590218082,0.20851441405707477,NO_KNOWN_OVERLAP,INCLUDE_PRIMARY_INDEPENDENT,0.9552075693742933
GSE57065,SIG002,T2,T48,HALLMARK_UV_RESPONSE_DN,HALLMARK_SECONDARY,SSGSEA_RANK_WALK,26,0.13572649572649573,0.5085449744543752,0.13656926745324607,0.20851441405707477,NO_KNOWN_OVERLAP,INCLUDE_PRIMARY_INDEPENDENT,0.8432325900526212
GSE57065,SIG002,T2,T48,HALLMARK_UV_RESPONSE_UP,HALLMARK_SECONDARY,SSGSEA_RANK_WALK,26,0.005811965811965812,0.9775202047741484,0.005812031253986422,0.20851441405707477,NO_KNOWN_OVERLAP,INCLUDE_PRIMARY_INDEPENDENT,0.9775202047741482
GSE57065,SIG002,T2,T48,HALLMARK_WNT_BETA_CATENIN_SIGNALING,HALLMARK_SECONDARY,SSGSEA_RANK_WALK,26,-0.13025641025641024,0.5259333726654232,-0.13100067696047835,0.20851441405707477,NO_KNOWN_OVERLAP,INCLUDE_PRIMARY_INDEPENDENT,0.8432325900526212
GSE57065,SIG002,T2,T48,HALLMARK_XENOBIOTIC_METABOLISM,HALLMARK_SECONDARY,SSGSEA_RANK_WALK,26,0.06119658119658119,0.7664861253612906,0.0612731474875965,0.20851441405707477,NO_KNOWN_OVERLAP,INCLUDE_PRIMARY_INDEPENDENT,0.9552075693742933
GSE57065,SIG002,T2,T48,Neutrophil degranulation,REACTOME_SUPPLEMENT,SSGSEA_RANK_WALK,26,0.13504273504273506,0.5107029807105488,0.13587274009448416,0.20851441405707477,NO_KNOWN_OVERLAP,INCLUDE_PRIMARY_INDEPENDENT,0.9168237305773801
GSE57065,SIG002,T2,T48,TCR signaling,REACTOME_SUPPLEMENT,SSGSEA_RANK_WALK,26,0.021538461538461538,0.9168237305773801,0.021541793068155853,0.20851441405707477,NO_KNOWN_OVERLAP,INCLUDE_PRIMARY_INDEPENDENT,0.9168237305773801
GSE57065,SIG003,T1,T24,HALLMARK_ADIPOGENESIS,HALLMARK_SECONDARY,SSGSEA_RANK_WALK,28,0.3305966064586754,0.08574375913006747,0.34349791931447543,0.2,NO_KNOWN_OVERLAP,INCLUDE_PRIMARY_INDEPENDENT,0.3195903749393424
GSE57065,SIG003,T1,T24,HALLMARK_ALLOGRAFT_REJECTION,PRESET_PRIMARY,SSGSEA_RANK_WALK,28,-0.6091954022988505,0.0005802033206020472,-0.7076409489965714,0.2,NO_KNOWN_OVERLAP,INCLUDE_PRIMARY_INDEPENDENT,0.005221829885418425
GSE57065,SIG003,T1,T24,HALLMARK_ANDROGEN_RESPONSE,HALLMARK_SECONDARY,SSGSEA_RANK_WALK,28,0.03667214012041598,0.8530207733331914,0.036688592856913047,0.2,NO_KNOWN_OVERLAP,INCLUDE_PRIMARY_INDEPENDENT,0.9867673805710814
GSE57065,SIG003,T1,T24,HALLMARK_ANGIOGENESIS,HALLMARK_SECONDARY,SSGSEA_RANK_WALK,28,-0.09688013136288998,0.6238329434181383,-0.09718494765506457,0.2,NO_KNOWN_OVERLAP,INCLUDE_PRIMARY_INDEPENDENT,0.8819707131084025
GSE57065,SIG003,T1,T24,HALLMARK_APICAL_JUNCTION,HALLMARK_SECONDARY,SSGSEA_RANK_WALK,28,-0.13026819923371646,0.5087973091567661,-0.13101266942920858,0.2,NO_KNOWN_OVERLAP,INCLUDE_PRIMARY_INDEPENDENT,0.8344275870170965
GSE57065,SIG003,T1,T24,HALLMARK_APICAL_SURFACE,HALLMARK_SECONDARY,SSGSEA_RANK_WALK,28,-0.25506294471811713,0.19022186129669078,-0.2608206401032192,0.2,NO_KNOWN_OVERLAP,INCLUDE_PRIMARY_INDEPENDENT,0.5478393412574762
GSE57065,SIG003,T1,T24,HALLMARK_APOPTOSIS,PRESET_PRIMARY,SSGSEA_RANK_WALK,28,-0.1472359058565955,0.4546607008107201,-0.14831390950511958,0.2,NO_KNOWN_OVERLAP,INCLUDE_PRIMARY_INDEPENDENT,0.5845637581852116
GSE57065,SIG003,T1,T24,HALLMARK_BILE_ACID_METABOLISM,HALLMARK_SECONDARY,SSGSEA_RANK_WALK,28,0.20306513409961688,0.30002598489473004,0.20592745310346772,0.2,NO_KNOWN_OVERLAP,INCLUDE_PRIMARY_INDEPENDENT,0.6447186903828629
GSE57065,SIG003,T1,T24,HALLMARK_CHOLESTEROL_HOMEOSTASIS,HALLMARK_SECONDARY,SSGSEA_RANK_WALK,28,0.36672140120415986,0.05491902103338202,0.38462978154304833,0.2,NO_KNOWN_OVERLAP,INCLUDE_PRIMARY_INDEPENDENT,0.25018665137429585
GSE57065,SIG003,T1,T24,HALLMARK_COAGULATION,PRESET_PRIMARY,SSGSEA_RANK_WALK,28,0.16639299397920088,0.3974139427485063,0.16795463960172766,0.2,NO_KNOWN_OVERLAP,INCLUDE_PRIMARY_INDEPENDENT,0.5845637581852116
GSE57065,SIG003,T1,T24,HALLMARK_COMPLEMENT,PRESET_PRIMARY,SSGSEA_RANK_WALK,28,0.39244663382594414,0.038861034100559806,0.41468881507681643,0.2,NO_KNOWN_OVERLAP,INCLUDE_PRIMARY_INDEPENDENT,0.17487465345251912
GSE57065,SIG003,T1,T24,HALLMARK_DNA_REPAIR,HALLMARK_SECONDARY,SSGSEA_RANK_WALK,28,-0.2731253420908593,0.15964828536673217,-0.2802380015211153,0.2,NO_KNOWN_OVERLAP,INCLUDE_PRIMARY_INDEPENDENT,0.5035061307720015
GSE57065,SIG003,T1,T24,HALLMARK_E2F_TARGETS,HALLMARK_SECONDARY,SSGSEA_RANK_WALK,28,-0.03557744937055282,0.8573632480608897,-0.03559247155784939,0.2,NO_KNOWN_OVERLAP,INCLUDE_PRIMARY_INDEPENDENT,0.9867673805710814
GSE57065,SIG003,T1,T24,HALLMARK_EPITHELIAL_MESENCHYMAL_TRANSITION,HALLMARK_SECONDARY,SSGSEA_RANK_WALK,28,0.031746031746031744,0.8725931294284597,0.03175670286116292,0.2,NO_KNOWN_OVERLAP,INCLUDE_PRIMARY_INDEPENDENT,0.9867673805710814
GSE57065,SIG003,T1,T24,HALLMARK_ESTROGEN_RESPONSE_EARLY,HALLMARK_SECONDARY,SSGSEA_RANK_WALK,28,-0.4055829228243021,0.0322504511942626,-0.43031308215798547,0.2,NO_KNOWN_OVERLAP,INCLUDE_PRIMARY_INDEPENDENT,0.2492213854715485
GSE57065,SIG003,T1,T24,HALLMARK_ESTROGEN_RESPONSE_LATE,HALLMARK_SECONDARY,SSGSEA_RANK_WALK,28,0.003284072249589491,0.9867673805710813,0.0032840840560485304,0.2,NO_KNOWN_OVERLAP,INCLUDE_PRIMARY_INDEPENDENT,0.9867673805710814
GSE57065,SIG003,T1,T24,HALLMARK_FATTY_ACID_METABOLISM,HALLMARK_SECONDARY,SSGSEA_RANK_WALK,28,0.008210180623973728,0.9669259423830507,0.008210365106163759,0.2,NO_KNOWN_OVERLAP,INCLUDE_PRIMARY_INDEPENDENT,0.9867673805710814
GSE57065,SIG003,T1,T24,HALLMARK_G2M_CHECKPOINT,HALLMARK_SECONDARY,SSGSEA_RANK_WALK,28,-0.0049261083743842365,0.980152141145451,-0.004926148221505815,0.2,NO_KNOWN_OVERLAP,INCLUDE_PRIMARY_INDEPENDENT,0.9867673805710814
GSE57065,SIG003,T1,T24,HALLMARK_GLYCOLYSIS,HALLMARK_SECONDARY,SSGSEA_RANK_WALK,28,0.3858784893267652,0.04254999264148389,0.40694834859071266,0.2,NO_KNOWN_OVERLAP,INCLUDE_PRIMARY_INDEPENDENT,0.2492213854715485
GSE57065,SIG003,T1,T24,HALLMARK_HEDGEHOG_SIGNALING,HALLMARK_SECONDARY,SSGSEA_RANK_WALK,28,0.05582922824302135,0.7778118952527077,0.05588734172013448,0.2,NO_KNOWN_OVERLAP,INCLUDE_PRIMARY_INDEPENDENT,0.9867673805710814
GSE57065,SIG003,T1,T24,HALLMARK_HEME_METABOLISM,HALLMARK_SECONDARY,SSGSEA_RANK_WALK,28,-0.06458675424192666,0.7440305926840296,-0.06467678646847788,0.2,NO_KNOWN_OVERLAP,INCLUDE_PRIMARY_INDEPENDENT,0.984040461291781
GSE57065,SIG003,T1,T24,HALLMARK_HYPOXIA,HALLMARK_SECONDARY,SSGSEA_RANK_WALK,28,0.07060755336617405,0.7210678505632018,0.07072524186173501,0.2,NO_KNOWN_OVERLAP,INCLUDE_PRIMARY_INDEPENDENT,0.984040461291781
GSE57065,SIG003,T1,T24,HALLMARK_IL2_STAT5_SIGNALING,HALLMARK_SECONDARY,SSGSEA_RANK_WALK,28,0.21565407772304324,0.27040119781219885,0.2190936980331278,0.2,NO_KNOWN_OVERLAP,INCLUDE_PRIMARY_INDEPENDENT,0.6187549048514819
GSE57065,SIG003,T1,T24,HALLMARK_IL6_JAK_STAT3_SIGNALING,HALLMARK_SECONDARY,SSGSEA_RANK_WALK,28,0.7142857142857142,1.9622039280567873e-05,0.8958797346140273,0.2,NO_KNOWN_OVERLAP,INCLUDE_PRIMARY_INDEPENDENT,0.0008045036105032827
GSE57065,SIG003,T1,T24,HALLMARK_INFLAMMATORY_RESPONSE,PRESET_PRIMARY,SSGSEA_RANK_WALK,28,0.3431855500821018,0.07378866810260622,0.3576988947473825,0.2,NO_KNOWN_OVERLAP,INCLUDE_PRIMARY_INDEPENDENT,0.22136600430781864
GSE57065,SIG003,T1,T24,HALLMARK_INTERFERON_ALPHA_RESPONSE,PRESET_PRIMARY,SSGSEA_RANK_WALK,28,0.27203065134099613,0.16139488697261767,0.27905544837800117,0.2,NO_KNOWN_OVERLAP,INCLUDE_PRIMARY_INDEPENDENT,0.36313849568838974
GSE57065,SIG003,T1,T24,HALLMARK_INTERFERON_GAMMA_RESPONSE,PRESET_PRIMARY,SSGSEA_RANK_WALK,28,0.09688013136288998,0.6238329434181383,0.09718494765506457,0.2,NO_KNOWN_OVERLAP,INCLUDE_PRIMARY_INDEPENDENT,0.6238329434181383
GSE57065,SIG003,T1,T24,HALLMARK_KRAS_SIGNALING_DN,HALLMARK_SECONDARY,SSGSEA_RANK_WALK,28,0.0060207991242474,0.9757426685296572,0.006020871877196877,0.2,NO_KNOWN_OVERLAP,INCLUDE_PRIMARY_INDEPENDENT,0.9867673805710814
GSE57065,SIG003,T1,T24,HALLMARK_KRAS_SIGNALING_UP,HALLMARK_SECONDARY,SSGSEA_RANK_WALK,28,-0.1023535851122058,0.6042657744249464,-0.10271327623013175,0.2,NO_KNOWN_OVERLAP,INCLUDE_PRIMARY_INDEPENDENT,0.8819707131084025
GSE57065,SIG003,T1,T24,HALLMARK_MITOTIC_SPINDLE,HALLMARK_SECONDARY,SSGSEA_RANK_WALK,28,0.2430213464696223,0.21272682858849018,0.2479826052204001,0.2,NO_KNOWN_OVERLAP,INCLUDE_PRIMARY_INDEPENDENT,0.5478393412574762
GSE57065,SIG003,T1,T24,HALLMARK_MTORC1_SIGNALING,HALLMARK_SECONDARY,SSGSEA_RANK_WALK,28,0.1319102353585112,0.5034232998343338,0.1326834167167632,0.2,NO_KNOWN_OVERLAP,INCLUDE_PRIMARY_INDEPENDENT,0.8344275870170965
GSE57065,SIG003,T1,T24,HALLMARK_MYC_TARGETS_V1,HALLMARK_SECONDARY,SSGSEA_RANK_WALK,28,-0.24247400109469072,0.21379096244194193,-0.2474009871489167,0.2,NO_KNOWN_OVERLAP,INCLUDE_PRIMARY_INDEPENDENT,0.5478393412574762
GSE57065,SIG003,T1,T24,HALLMARK_MYC_TARGETS_V2,HALLMARK_SECONDARY,SSGSEA_RANK_WALK,28,-0.4904214559386973,0.008061054593855003,-0.5366151076983462,0.2,NO_KNOWN_OVERLAP,INCLUDE_PRIMARY_INDEPENDENT,0.16525161917402756
GSE57065,SIG003,T1,T24,HALLMARK_MYOGENESIS,HALLMARK_SECONDARY,SSGSEA_RANK_WALK,28,-0.19376026272577995,0.3231810040799791,-0.19624117486949938,0.2,NO_KNOWN_OVERLAP,INCLUDE_PRIMARY_INDEPENDENT,0.6447186903828629
GSE57065,SIG003,T1,T24,HALLMARK_NOTCH_SIGNALING,HALLMARK_SECONDARY,SSGSEA_RANK_WALK,28,-0.012588943623426383,0.9493049110329377,-0.01258960872490077,0.2,NO_KNOWN_OVERLAP,INCLUDE_PRIMARY_INDEPENDENT,0.9867673805710814
GSE57065,SIG003,T1,T24,HALLMARK_OXIDATIVE_PHOSPHORYLATION,PRESET_PRIMARY,SSGSEA_RANK_WALK,28,0.10071154898741107,0.6101086929016459,0.101054135867692,0.2,NO_KNOWN_OVERLAP,INCLUDE_PRIMARY_INDEPENDENT,0.6238329434181383
GSE57065,SIG003,T1,T24,HALLMARK_P53_PATHWAY,HALLMARK_SECONDARY,SSGSEA_RANK_WALK,28,-0.30103995621237,0.11954404228119095,-0.3106628056638273,0.2,NO_KNOWN_OVERLAP,INCLUDE_PRIMARY_INDEPENDENT,0.40844214446073573
GSE57065,SIG003,T1,T24,HALLMARK_PANCREAS_BETA_CELLS,HALLMARK_SECONDARY,SSGSEA_RANK_WALK,28,-0.3968253968253968,0.036547036375878215,-0.41987532737591027,0.2,NO_KNOWN_OVERLAP,INCLUDE_PRIMARY_INDEPENDENT,0.2492213854715485
GSE57065,SIG003,T1,T24,HALLMARK_PEROXISOME,HALLMARK_SECONDARY,SSGSEA_RANK_WALK,28,0.18609742747673783,0.34304957327942853,0.188291527538102,0.2,NO_KNOWN_OVERLAP,INCLUDE_PRIMARY_INDEPENDENT,0.6447186903828629
GSE57065,SIG003,T1,T24,HALLMARK_PI3K_AKT_MTOR_SIGNALING,HALLMARK_SECONDARY,SSGSEA_RANK_WALK,28,-0.18500273672687464,0.3459466143517801,-0.1871578038762906,0.2,NO_KNOWN_OVERLAP,INCLUDE_PRIMARY_INDEPENDENT,0.6447186903828629
GSE57065,SIG003,T1,T24,HALLMARK_PROTEIN_SECRETION,HALLMARK_SECONDARY,SSGSEA_RANK_WALK,28,0.37328954570333883,0.05039569872702279,0.39223981518904116,0.2,NO_KNOWN_OVERLAP,INCLUDE_PRIMARY_INDEPENDENT,0.25018665137429585
GSE57065,SIG003,T1,T24,HALLMARK_REACTIVE_OXYGEN_SPECIES_PATHWAY,HALLMARK_SECONDARY,SSGSEA_RANK_WALK,28,0.4072249589490969,0.031492131616535184,0.43227998013244945,0.2,NO_KNOWN_OVERLAP,INCLUDE_PRIMARY_INDEPENDENT,0.2492213854715485
GSE57065,SIG003,T1,T24,HALLMARK_SPERMATOGENESIS,HALLMARK_SECONDARY,SSGSEA_RANK_WALK,28,-0.21510673234811167,0.2716484948128457,-0.21851972685337975,0.2,NO_KNOWN_OVERLAP,INCLUDE_PRIMARY_INDEPENDENT,0.6187549048514819
GSE57065,SIG003,T1,T24,HALLMARK_TGF_BETA_SIGNALING,HALLMARK_SECONDARY,SSGSEA_RANK_WALK,28,0.03284072249589491,0.868236957154471,0.03285253652442691,0.2,NO_KNOWN_OVERLAP,INCLUDE_PRIMARY_INDEPENDENT,0.9867673805710814
GSE57065,SIG003,T1,T24,HALLMARK_TNFA_SIGNALING_VIA_NFKB,PRESET_PRIMARY,SSGSEA_RANK_WALK,28,0.19047619047619047,0.33160793537700584,0.19283124040599234,0.2,NO_KNOWN_OVERLAP,INCLUDE_PRIMARY_INDEPENDENT,0.5845637581852116
GSE57065,SIG003,T1,T24,HALLMARK_UNFOLDED_PROTEIN_RESPONSE,HALLMARK_SECONDARY,SSGSEA_RANK_WALK,28,-0.11494252873563218,0.5602807550099641,-0.11545277832484947,0.2,NO_KNOWN_OVERLAP,INCLUDE_PRIMARY_INDEPENDENT,0.8507967020521677
GSE57065,SIG003,T1,T24,HALLMARK_UV_RESPONSE_DN,HALLMARK_SECONDARY,SSGSEA_RANK_WALK,28,-0.3333333333333333,0.08302735681557931,-0.34657359027997264,0.2,NO_KNOWN_OVERLAP,INCLUDE_PRIMARY_INDEPENDENT,0.3195903749393424
GSE57065,SIG003,T1,T24,HALLMARK_UV_RESPONSE_UP,HALLMARK_SECONDARY,SSGSEA_RANK_WALK,28,-0.11658456486042693,0.554653187273154,-0.11711711900418396,0.2,NO_KNOWN_OVERLAP,INCLUDE_PRIMARY_INDEPENDENT,0.8507967020521677
GSE57065,SIG003,T1,T24,HALLMARK_WNT_BETA_CATENIN_SIGNALING,HALLMARK_SECONDARY,SSGSEA_RANK_WALK,28,-0.4455391351943076,0.017498464453066985,-0.47912070402422446,0.2,NO_KNOWN_OVERLAP,INCLUDE_PRIMARY_INDEPENDENT,0.23914568085858212
GSE57065,SIG003,T1,T24,HALLMARK_XENOBIOTIC_METABOLISM,HALLMARK_SECONDARY,SSGSEA_RANK_WALK,28,0.15489874110563767,0.43125528483288955,0.15615574794269538,0.2,NO_KNOWN_OVERLAP,INCLUDE_PRIMARY_INDEPENDENT,0.768759420789064
GSE57065,SIG003,T1,T24,Neutrophil degranulation,REACTOME_SUPPLEMENT,SSGSEA_RANK_WALK,28,0.551176792556103,0.0023664430917297867,0.6200700399961636,0.2,NO_KNOWN_OVERLAP,INCLUDE_PRIMARY_INDEPENDENT,0.0047328861834595734
GSE57065,SIG003,T1,T24,TCR signaling,REACTOME_SUPPLEMENT,SSGSEA_RANK_WALK,28,-0.34646962233169126,0.07089171429239366,-0.3614261674869305,0.2,NO_KNOWN_OVERLAP,INCLUDE_PRIMARY_INDEPENDENT,0.07089171429239366
GSE57065,SIG003,T2,T48,HALLMARK_ADIPOGENESIS,HALLMARK_SECONDARY,SSGSEA_RANK_WALK,26,0.6136752136752136,0.0008554003437982895,0.7147955834366073,0.20851441405707477,NO_KNOWN_OVERLAP,INCLUDE_PRIMARY_INDEPENDENT,0.03507141409572987
GSE57065,SIG003,T2,T48,HALLMARK_ALLOGRAFT_REJECTION,PRESET_PRIMARY,SSGSEA_RANK_WALK,26,-0.5117948717948718,0.00752606800017063,-0.565158609258931,0.20851441405707477,NO_KNOWN_OVERLAP,INCLUDE_PRIMARY_INDEPENDENT,0.06773461200153567
GSE57065,SIG003,T2,T48,HALLMARK_ANDROGEN_RESPONSE,HALLMARK_SECONDARY,SSGSEA_RANK_WALK,26,0.33128205128205124,0.0982903970048473,0.34426766766869116,0.20851441405707477,NO_KNOWN_OVERLAP,INCLUDE_PRIMARY_INDEPENDENT,0.26866041847991595
GSE57065,SIG003,T2,T48,HALLMARK_ANGIOGENESIS,HALLMARK_SECONDARY,SSGSEA_RANK_WALK,26,0.13572649572649573,0.5085449744543752,0.13656926745324607,0.20851441405707477,NO_KNOWN_OVERLAP,INCLUDE_PRIMARY_INDEPENDENT,0.7446551411653352
GSE57065,SIG003,T2,T48,HALLMARK_APICAL_JUNCTION,HALLMARK_SECONDARY,SSGSEA_RANK_WALK,26,-0.3244444444444444,0.10586182023267646,-0.336606482829564,0.20851441405707477,NO_KNOWN_OVERLAP,INCLUDE_PRIMARY_INDEPENDENT,0.2712709143462334
GSE57065,SIG003,T2,T48,HALLMARK_APICAL_SURFACE,HALLMARK_SECONDARY,SSGSEA_RANK_WALK,26,-0.4858119658119658,0.011866159080490896,-0.5305638281532948,0.20851441405707477,NO_KNOWN_OVERLAP,INCLUDE_PRIMARY_INDEPENDENT,0.13789642244733413
GSE57065,SIG003,T2,T48,HALLMARK_APOPTOSIS,PRESET_PRIMARY,SSGSEA_RANK_WALK,26,0.06256410256410255,0.7614147178180355,0.06264592568263917,0.20851441405707477,NO_KNOWN_OVERLAP,INCLUDE_PRIMARY_INDEPENDENT,0.7843086478542027
GSE57065,SIG003,T2,T48,HALLMARK_BILE_ACID_METABOLISM,HALLMARK_SECONDARY,SSGSEA_RANK_WALK,26,0.35794871794871796,0.07258210771708078,0.37453118269842756,0.20851441405707477,NO_KNOWN_OVERLAP,INCLUDE_PRIMARY_INDEPENDENT,0.2622935595961136
GSE57065,SIG003,T2,T48,HALLMARK_CHOLESTEROL_HOMEOSTASIS,HALLMARK_SECONDARY,SSGSEA_RANK_WALK,26,0.08512820512820513,0.6792591630063669,0.08533473991911766,0.20851441405707477,NO_KNOWN_OVERLAP,INCLUDE_PRIMARY_INDEPENDENT,0.8983750220406788
GSE57065,SIG003,T2,T48,HALLMARK_COAGULATION,PRESET_PRIMARY,SSGSEA_RANK_WALK,26,-0.05641025641025641,0.7843086478542027,-0.05647020559029773,0.20851441405707477,NO_KNOWN_OVERLAP,INCLUDE_PRIMARY_INDEPENDENT,0.7843086478542027
GSE57065,SIG003,T2,T48,HALLMARK_COMPLEMENT,PRESET_PRIMARY,SSGSEA_RANK_WALK,26,0.372991452991453,0.06055548760076643,0.39189350427757746,0.20851441405707477,NO_KNOWN_OVERLAP,INCLUDE_PRIMARY_INDEPENDENT,0.13624984710172447
GSE57065,SIG003,T2,T48,HALLMARK_DNA_REPAIR,HALLMARK_SECONDARY,SSGSEA_RANK_WALK,26,0.15487179487179487,0.44998993177006685,0.15612813939508197,0.20851441405707477,NO_KNOWN_OVERLAP,INCLUDE_PRIMARY_INDEPENDENT,0.7379834881029096
GSE57065,SIG003,T2,T48,HALLMARK_E2F_TARGETS,HALLMARK_SECONDARY,SSGSEA_RANK_WALK,26,0.1794871794871795,0.380294564217309,0.18145274684468424,0.20851441405707477,NO_KNOWN_OVERLAP,INCLUDE_PRIMARY_INDEPENDENT,0.6779163970830291
GSE57065,SIG003,T2,T48,HALLMARK_EPITHELIAL_MESENCHYMAL_TRANSITION,HALLMARK_SECONDARY,SSGSEA_RANK_WALK,26,-0.18427350427350422,0.36750617088856974,-0.1864028335122321,0.20851441405707477,NO_KNOWN_OVERLAP,INCLUDE_PRIMARY_INDEPENDENT,0.6779163970830291
GSE57065,SIG003,T2,T48,HALLMARK_ESTROGEN_RESPONSE_EARLY,HALLMARK_SECONDARY,SSGSEA_RANK_WALK,26,-0.3456410256410256,0.08371687370692052,-0.3604848430796222,0.20851441405707477,NO_KNOWN_OVERLAP,INCLUDE_PRIMARY_INDEPENDENT,0.2640301401525955
GSE57065,SIG003,T2,T48,HALLMARK_ESTROGEN_RESPONSE_LATE,HALLMARK_SECONDARY,SSGSEA_RANK_WALK,26,-0.04136752136752136,0.8409758887019692,-0.04139114265031319,0.20851441405707477,NO_KNOWN_OVERLAP,INCLUDE_PRIMARY_INDEPENDENT,0.9986774958874209
GSE57065,SIG003,T2,T48,HALLMARK_FATTY_ACID_METABOLISM,HALLMARK_SECONDARY,SSGSEA_RANK_WALK,26,0.4317948717948718,0.027614881146390435,0.46210079828751705,0.20851441405707477,NO_KNOWN_OVERLAP,INCLUDE_PRIMARY_INDEPENDENT,0.1617443038574297
GSE57065,SIG003,T2,T48,HALLMARK_G2M_CHECKPOINT,HALLMARK_SECONDARY,SSGSEA_RANK_WALK,26,0.14735042735042733,0.47255604009205465,0.1484309706735575,0.20851441405707477,NO_KNOWN_OVERLAP,INCLUDE_PRIMARY_INDEPENDENT,0.7446551411653352
GSE57065,SIG003,T2,T48,HALLMARK_GLYCOLYSIS,HALLMARK_SECONDARY,SSGSEA_RANK_WALK,26,0.40376068376068375,0.04080045178240672,0.42813399655497697,0.20851441405707477,NO_KNOWN_OVERLAP,INCLUDE_PRIMARY_INDEPENDENT,0.16728185230786755
GSE57065,SIG003,T2,T48,HALLMARK_HEDGEHOG_SIGNALING,HALLMARK_SECONDARY,SSGSEA_RANK_WALK,26,-0.21914529914529915,0.28210067105544356,-0.22275811382359245,0.20851441405707477,NO_KNOWN_OVERLAP,INCLUDE_PRIMARY_INDEPENDENT,0.5783063756636593
GSE57065,SIG003,T2,T48,HALLMARK_HEME_METABOLISM,HALLMARK_SECONDARY,SSGSEA_RANK_WALK,26,0.11384615384615385,0.5797433676495642,0.11434186584491256,0.20851441405707477,NO_KNOWN_OVERLAP,INCLUDE_PRIMARY_INDEPENDENT,0.8196371749528322
GSE57065,SIG003,T2,T48,HALLMARK_HYPOXIA,HALLMARK_SECONDARY,SSGSEA_RANK_WALK,26,-0.02974358974358974,0.8853143325908084,-0.029752365599898106,0.20851441405707477,NO_KNOWN_OVERLAP,INCLUDE_PRIMARY_INDEPENDENT,0.9986774958874209
GSE57065,SIG003,T2,T48,HALLMARK_IL2_STAT5_SIGNALING,HALLMARK_SECONDARY,SSGSEA_RANK_WALK,26,-0.007179487179487179,0.9722326499002788,-0.0071796105389444346,0.20851441405707477,NO_KNOWN_OVERLAP,INCLUDE_PRIMARY_INDEPENDENT,0.9986774958874209
GSE57065,SIG003,T2,T48,HALLMARK_IL6_JAK_STAT3_SIGNALING,HALLMARK_SECONDARY,SSGSEA_RANK_WALK,26,0.411965811965812,0.036509911497279585,0.43797655807378993,0.20851441405707477,NO_KNOWN_OVERLAP,INCLUDE_PRIMARY_INDEPENDENT,0.16728185230786755
GSE57065,SIG003,T2,T48,HALLMARK_INFLAMMATORY_RESPONSE,PRESET_PRIMARY,SSGSEA_RANK_WALK,26,0.46803418803418795,0.01589661090603178,0.5075501368501946,0.20851441405707477,NO_KNOWN_OVERLAP,INCLUDE_PRIMARY_INDEPENDENT,0.07153474907714301
GSE57065,SIG003,T2,T48,HALLMARK_INTERFERON_ALPHA_RESPONSE,PRESET_PRIMARY,SSGSEA_RANK_WALK,26,0.33401709401709395,0.09537792896348794,0.347343018490288,0.20851441405707477,NO_KNOWN_OVERLAP,INCLUDE_PRIMARY_INDEPENDENT,0.1430668934452319
GSE57065,SIG003,T2,T48,HALLMARK_INTERFERON_GAMMA_RESPONSE,PRESET_PRIMARY,SSGSEA_RANK_WALK,26,0.20888888888888887,0.3057889575271597,0.21200925800195608,0.20851441405707477,NO_KNOWN_OVERLAP,INCLUDE_PRIMARY_INDEPENDENT,0.39315723110634815
GSE57065,SIG003,T2,T48,HALLMARK_KRAS_SIGNALING_DN,HALLMARK_SECONDARY,SSGSEA_RANK_WALK,26,-0.29435897435897435,0.144374770366577,-0.30333210258390736,0.20851441405707477,NO_KNOWN_OVERLAP,INCLUDE_PRIMARY_INDEPENDENT,0.34819797558997984
GSE57065,SIG003,T2,T48,HALLMARK_KRAS_SIGNALING_UP,HALLMARK_SECONDARY,SSGSEA_RANK_WALK,26,0.3531623931623932,0.07676884671105765,0.36905218827534375,0.20851441405707477,NO_KNOWN_OVERLAP,INCLUDE_PRIMARY_INDEPENDENT,0.2622935595961136
GSE57065,SIG003,T2,T48,HALLMARK_MITOTIC_SPINDLE,HALLMARK_SECONDARY,SSGSEA_RANK_WALK,26,0.4044444444444444,0.04042831577033426,0.4289512068180003,0.20851441405707477,NO_KNOWN_OVERLAP,INCLUDE_PRIMARY_INDEPENDENT,0.16728185230786755
GSE57065,SIG003,T2,T48,HALLMARK_MTORC1_SIGNALING,HALLMARK_SECONDARY,SSGSEA_RANK_WALK,26,0.17059829059829057,0.4047117087826133,0.17228282387881863,0.20851441405707477,NO_KNOWN_OVERLAP,INCLUDE_PRIMARY_INDEPENDENT,0.6913825025036311
GSE57065,SIG003,T2,T48,HALLMARK_MYC_TARGETS_V1,HALLMARK_SECONDARY,SSGSEA_RANK_WALK,26,0.043418803418803414,0.8331963550117072,0.04344611858946056,0.20851441405707477,NO_KNOWN_OVERLAP,INCLUDE_PRIMARY_INDEPENDENT,0.9986774958874209
GSE57065,SIG003,T2,T48,HALLMARK_MYC_TARGETS_V2,HALLMARK_SECONDARY,SSGSEA_RANK_WALK,26,-0.08923076923076922,0.6646667944021045,-0.08946872940485703,0.20851441405707477,NO_KNOWN_OVERLAP,INCLUDE_PRIMARY_INDEPENDENT,0.8983750220406788
GSE57065,SIG003,T2,T48,HALLMARK_MYOGENESIS,HALLMARK_SECONDARY,SSGSEA_RANK_WALK,26,-0.2704273504273504,0.18149939565364726,-0.2773248340360152,0.20851441405707477,NO_KNOWN_OVERLAP,INCLUDE_PRIMARY_INDEPENDENT,0.4134152900999743
GSE57065,SIG003,T2,T48,HALLMARK_NOTCH_SIGNALING,HALLMARK_SECONDARY,SSGSEA_RANK_WALK,26,0.1398290598290598,0.49569158917301404,0.14075122274520405,0.20851441405707477,NO_KNOWN_OVERLAP,INCLUDE_PRIMARY_INDEPENDENT,0.7446551411653352
GSE57065,SIG003,T2,T48,HALLMARK_OXIDATIVE_PHOSPHORYLATION,PRESET_PRIMARY,SSGSEA_RANK_WALK,26,0.3764102564102564,0.05805130552932751,0.39587071778273003,0.20851441405707477,NO_KNOWN_OVERLAP,INCLUDE_PRIMARY_INDEPENDENT,0.13624984710172447
GSE57065,SIG003,T2,T48,HALLMARK_P53_PATHWAY,HALLMARK_SECONDARY,SSGSEA_RANK_WALK,26,0.18974358974358974,0.3532023557623776,0.19207116931967158,0.20851441405707477,NO_KNOWN_OVERLAP,INCLUDE_PRIMARY_INDEPENDENT,0.6779163970830291
GSE57065,SIG003,T2,T48,HALLMARK_PANCREAS_BETA_CELLS,HALLMARK_SECONDARY,SSGSEA_RANK_WALK,26,-0.4441025641025641,0.02303671143540106,-0.47732976763917073,0.20851441405707477,NO_KNOWN_OVERLAP,INCLUDE_PRIMARY_INDEPENDENT,0.1617443038574297
GSE57065,SIG003,T2,T48,HALLMARK_PEROXISOME,HALLMARK_SECONDARY,SSGSEA_RANK_WALK,26,0.43316239316239313,0.027072587422029608,0.46378294515281887,0.20851441405707477,NO_KNOWN_OVERLAP,INCLUDE_PRIMARY_INDEPENDENT,0.1617443038574297
GSE57065,SIG003,T2,T48,HALLMARK_PI3K_AKT_MTOR_SIGNALING,HALLMARK_SECONDARY,SSGSEA_RANK_WALK,26,0.0441025641025641,0.8306065333332748,0.04413119121243843,0.20851441405707477,NO_KNOWN_OVERLAP,INCLUDE_PRIMARY_INDEPENDENT,0.9986774958874209
GSE57065,SIG003,T2,T48,HALLMARK_PROTEIN_SECRETION,HALLMARK_SECONDARY,SSGSEA_RANK_WALK,26,0.4782905982905982,0.013453309507056989,0.5207654834573482,0.20851441405707477,NO_KNOWN_OVERLAP,INCLUDE_PRIMARY_INDEPENDENT,0.13789642244733413
GSE57065,SIG003,T2,T48,HALLMARK_REACTIVE_OXYGEN_SPECIES_PATHWAY,HALLMARK_SECONDARY,SSGSEA_RANK_WALK,26,0.3381196581196581,0.09113112140322083,0.35196794005974963,0.20851441405707477,NO_KNOWN_OVERLAP,INCLUDE_PRIMARY_INDEPENDENT,0.2668839983951467
GSE57065,SIG003,T2,T48,HALLMARK_SPERMATOGENESIS,HALLMARK_SECONDARY,SSGSEA_RANK_WALK,26,0.033846153846153845,0.8696201004656646,0.033859087027475435,0.20851441405707477,NO_KNOWN_OVERLAP,INCLUDE_PRIMARY_INDEPENDENT,0.9986774958874209
GSE57065,SIG003,T2,T48,HALLMARK_TGF_BETA_SIGNALING,HALLMARK_SECONDARY,SSGSEA_RANK_WALK,26,-0.017435897435897435,0.9326273771742375,-0.017437664657006125,0.20851441405707477,NO_KNOWN_OVERLAP,INCLUDE_PRIMARY_INDEPENDENT,0.9986774958874209
GSE57065,SIG003,T2,T48,HALLMARK_TNFA_SIGNALING_VIA_NFKB,PRESET_PRIMARY,SSGSEA_RANK_WALK,26,0.3429059829059829,0.08635810840449296,0.3573820399720593,0.20851441405707477,NO_KNOWN_OVERLAP,INCLUDE_PRIMARY_INDEPENDENT,0.1430668934452319
GSE57065,SIG003,T2,T48,HALLMARK_UNFOLDED_PROTEIN_RESPONSE,HALLMARK_SECONDARY,SSGSEA_RANK_WALK,26,0.0017094017094017092,0.993387547450459,0.0017094033743927787,0.20851441405707477,NO_KNOWN_OVERLAP,INCLUDE_PRIMARY_INDEPENDENT,0.9986774958874209
GSE57065,SIG003,T2,T48,HALLMARK_UV_RESPONSE_DN,HALLMARK_SECONDARY,SSGSEA_RANK_WALK,26,0.0003418803418803419,0.9986774958874209,0.00034188035520024804,0.20851441405707477,NO_KNOWN_OVERLAP,INCLUDE_PRIMARY_INDEPENDENT,0.9986774958874209
GSE57065,SIG003,T2,T48,HALLMARK_UV_RESPONSE_UP,HALLMARK_SECONDARY,SSGSEA_RANK_WALK,26,-0.005811965811965812,0.9775202047741484,-0.005812031253986422,0.20851441405707477,NO_KNOWN_OVERLAP,INCLUDE_PRIMARY_INDEPENDENT,0.9986774958874209
GSE57065,SIG003,T2,T48,HALLMARK_WNT_BETA_CATENIN_SIGNALING,HALLMARK_SECONDARY,SSGSEA_RANK_WALK,26,-0.4947008547008547,0.010193791993774416,-0.542265373894141,0.20851441405707477,NO_KNOWN_OVERLAP,INCLUDE_PRIMARY_INDEPENDENT,0.13789642244733413
GSE57065,SIG003,T2,T48,HALLMARK_XENOBIOTIC_METABOLISM,HALLMARK_SECONDARY,SSGSEA_RANK_WALK,26,0.24444444444444444,0.22878721004611616,0.24949558305949393,0.20851441405707477,NO_KNOWN_OVERLAP,INCLUDE_PRIMARY_INDEPENDENT,0.49369871641530333
GSE57065,SIG003,T2,T48,Neutrophil degranulation,REACTOME_SUPPLEMENT,SSGSEA_RANK_WALK,26,0.42769230769230765,0.029294532513711294,0.4570689392565269,0.20851441405707477,NO_KNOWN_OVERLAP,INCLUDE_PRIMARY_INDEPENDENT,0.05858906502742259
GSE57065,SIG003,T2,T48,TCR signaling,REACTOME_SUPPLEMENT,SSGSEA_RANK_WALK,26,-0.08170940170940172,0.6915062731609445,-0.08189197590218082,0.20851441405707477,NO_KNOWN_OVERLAP,INCLUDE_PRIMARY_INDEPENDENT,0.6915062731609445
GSE57065,SIG004,T1,T24,HALLMARK_ADIPOGENESIS,HALLMARK_SECONDARY,SSGSEA_RANK_WALK,28,-0.21565407772304324,0.27040119781219885,-0.2190936980331278,0.2,NO_KNOWN_OVERLAP,INCLUDE_PRIMARY_INDEPENDENT,0.6359783709645391
GSE57065,SIG004,T1,T24,HALLMARK_ALLOGRAFT_REJECTION,PRESET_PRIMARY,SSGSEA_RANK_WALK,28,0.42145593869731796,0.02550450466745098,0.4494611128962554,0.2,NO_KNOWN_OVERLAP,INCLUDE_PRIMARY_INDEPENDENT,0.2295405420070588
GSE57065,SIG004,T1,T24,HALLMARK_ANDROGEN_RESPONSE,HALLMARK_SECONDARY,SSGSEA_RANK_WALK,28,0.0049261083743842365,0.980152141145451,0.004926148221505815,0.2,NO_KNOWN_OVERLAP,INCLUDE_PRIMARY_INDEPENDENT,0.9801521411454509
GSE57065,SIG004,T1,T24,HALLMARK_ANGIOGENESIS,HALLMARK_SECONDARY,SSGSEA_RANK_WALK,28,0.3700054734537493,0.05261915505350744,0.3884294413549457,0.2,NO_KNOWN_OVERLAP,INCLUDE_PRIMARY_INDEPENDENT,0.4747563362914411
GSE57065,SIG004,T1,T24,HALLMARK_APICAL_JUNCTION,HALLMARK_SECONDARY,SSGSEA_RANK_WALK,28,0.04159824849480022,0.8335332025809923,0.04162226750514882,0.2,NO_KNOWN_OVERLAP,INCLUDE_PRIMARY_INDEPENDENT,0.938030080384545
GSE57065,SIG004,T1,T24,HALLMARK_APICAL_SURFACE,HALLMARK_SECONDARY,SSGSEA_RANK_WALK,28,0.36453201970443344,0.05649554924973266,0.3821025509128331,0.2,NO_KNOWN_OVERLAP,INCLUDE_PRIMARY_INDEPENDENT,0.4747563362914411
GSE57065,SIG004,T1,T24,HALLMARK_APOPTOSIS,PRESET_PRIMARY,SSGSEA_RANK_WALK,28,0.24904214559386975,0.20125852984110953,0.25439136106809523,0.2,NO_KNOWN_OVERLAP,INCLUDE_PRIMARY_INDEPENDENT,0.9056633842849929
GSE57065,SIG004,T1,T24,HALLMARK_BILE_ACID_METABOLISM,HALLMARK_SECONDARY,SSGSEA_RANK_WALK,28,-0.2222222222222222,0.2557220171187362,-0.2259925618715286,0.2,NO_KNOWN_OVERLAP,INCLUDE_PRIMARY_INDEPENDENT,0.6359783709645391
GSE57065,SIG004,T1,T24,HALLMARK_CHOLESTEROL_HOMEOSTASIS,HALLMARK_SECONDARY,SSGSEA_RANK_WALK,28,-0.19978106185002736,0.3080763741256857,-0.20250450387909116,0.2,NO_KNOWN_OVERLAP,INCLUDE_PRIMARY_INDEPENDENT,0.6647963862712165
GSE57065,SIG004,T1,T24,HALLMARK_COAGULATION,PRESET_PRIMARY,SSGSEA_RANK_WALK,28,0.1412151067323481,0.4735123340459825,0.1421651907499346,0.2,NO_KNOWN_OVERLAP,INCLUDE_PRIMARY_INDEPENDENT,0.9110769826395637
GSE57065,SIG004,T1,T24,HALLMARK_COMPLEMENT,PRESET_PRIMARY,SSGSEA_RANK_WALK,28,0.047619047619047616,0.8098462067907233,0.04765508990216243,0.2,NO_KNOWN_OVERLAP,INCLUDE_PRIMARY_INDEPENDENT,0.9110769826395637
GSE57065,SIG004,T1,T24,HALLMARK_DNA_REPAIR,HALLMARK_SECONDARY,SSGSEA_RANK_WALK,28,0.019704433497536946,0.9207240119137842,0.01970698427043834,0.2,NO_KNOWN_OVERLAP,INCLUDE_PRIMARY_INDEPENDENT,0.9679406279093629
GSE57065,SIG004,T1,T24,HALLMARK_E2F_TARGETS,HALLMARK_SECONDARY,SSGSEA_RANK_WALK,28,0.056376573617952924,0.7756882409162642,0.05643641533764641,0.2,NO_KNOWN_OVERLAP,INCLUDE_PRIMARY_INDEPENDENT,0.938030080384545
GSE57065,SIG004,T1,T24,HALLMARK_EPITHELIAL_MESENCHYMAL_TRANSITION,HALLMARK_SECONDARY,SSGSEA_RANK_WALK,28,0.13683634373289547,0.4874722557528416,0.13770011845653696,0.2,NO_KNOWN_OVERLAP,INCLUDE_PRIMARY_INDEPENDENT,0.8051688956183216
GSE57065,SIG004,T1,T24,HALLMARK_ESTROGEN_RESPONSE_EARLY,HALLMARK_SECONDARY,SSGSEA_RANK_WALK,28,0.6267104542966612,0.0003592178564826709,0.7359803739970938,0.2,NO_KNOWN_OVERLAP,INCLUDE_PRIMARY_INDEPENDENT,0.014727932115789507
GSE57065,SIG004,T1,T24,HALLMARK_ESTROGEN_RESPONSE_LATE,HALLMARK_SECONDARY,SSGSEA_RANK_WALK,28,0.36124794745484395,0.05892652123449108,0.3783204057584243,0.2,NO_KNOWN_OVERLAP,INCLUDE_PRIMARY_INDEPENDENT,0.4747563362914411
GSE57065,SIG004,T1,T24,HALLMARK_FATTY_ACID_METABOLISM,HALLMARK_SECONDARY,SSGSEA_RANK_WALK,28,0.13902572523262177,0.48046629798488727,0.1399319616676783,0.2,NO_KNOWN_OVERLAP,INCLUDE_PRIMARY_INDEPENDENT,0.8051688956183216
GSE57065,SIG004,T1,T24,HALLMARK_G2M_CHECKPOINT,HALLMARK_SECONDARY,SSGSEA_RANK_WALK,28,0.05473453749315818,0.7820638783665188,0.05478929513384389,0.2,NO_KNOWN_OVERLAP,INCLUDE_PRIMARY_INDEPENDENT,0.938030080384545
GSE57065,SIG004,T1,T24,HALLMARK_GLYCOLYSIS,HALLMARK_SECONDARY,SSGSEA_RANK_WALK,28,-0.08319649698960044,0.6738323118155445,-0.08338925067169946,0.2,NO_KNOWN_OVERLAP,INCLUDE_PRIMARY_INDEPENDENT,0.8938827701395727
GSE57065,SIG004,T1,T24,HALLMARK_HEDGEHOG_SIGNALING,HALLMARK_SECONDARY,SSGSEA_RANK_WALK,28,0.12972085385878487,0.5105949094164967,0.13045591569358805,0.2,NO_KNOWN_OVERLAP,INCLUDE_PRIMARY_INDEPENDENT,0.8051688956183216
GSE57065,SIG004,T1,T24,HALLMARK_HEME_METABOLISM,HALLMARK_SECONDARY,SSGSEA_RANK_WALK,28,0.24740010946907498,0.20434324355558658,0.2526415095725063,0.2,NO_KNOWN_OVERLAP,INCLUDE_PRIMARY_INDEPENDENT,0.6359783709645391
GSE57065,SIG004,T1,T24,HALLMARK_HYPOXIA,HALLMARK_SECONDARY,SSGSEA_RANK_WALK,28,0.19157088122605362,0.3287842391242004,0.19396738935158378,0.2,NO_KNOWN_OVERLAP,INCLUDE_PRIMARY_INDEPENDENT,0.6740076902046108
GSE57065,SIG004,T1,T24,HALLMARK_IL2_STAT5_SIGNALING,HALLMARK_SECONDARY,SSGSEA_RANK_WALK,28,0.005473453749315818,0.9779473255739854,0.0054735084094772336,0.2,NO_KNOWN_OVERLAP,INCLUDE_PRIMARY_INDEPENDENT,0.9801521411454509
GSE57065,SIG004,T1,T24,HALLMARK_IL6_JAK_STAT3_SIGNALING,HALLMARK_SECONDARY,SSGSEA_RANK_WALK,28,-0.4477285166940339,0.0168874666584397,-0.4818556619693954,0.2,NO_KNOWN_OVERLAP,INCLUDE_PRIMARY_INDEPENDENT,0.34619306649801385
GSE57065,SIG004,T1,T24,HALLMARK_INFLAMMATORY_RESPONSE,PRESET_PRIMARY,SSGSEA_RANK_WALK,28,0.008210180623973728,0.9669259423830507,0.008210365106163759,0.2,NO_KNOWN_OVERLAP,INCLUDE_PRIMARY_INDEPENDENT,0.9669259423830509
GSE57065,SIG004,T1,T24,HALLMARK_INTERFERON_ALPHA_RESPONSE,PRESET_PRIMARY,SSGSEA_RANK_WALK,28,-0.10344827586206896,0.6003836825173241,-0.10381968238912224,0.2,NO_KNOWN_OVERLAP,INCLUDE_PRIMARY_INDEPENDENT,0.9110769826395637
GSE57065,SIG004,T1,T24,HALLMARK_INTERFERON_GAMMA_RESPONSE,PRESET_PRIMARY,SSGSEA_RANK_WALK,28,0.060207991242473995,0.760867615387937,0.06028090125476017,0.2,NO_KNOWN_OVERLAP,INCLUDE_PRIMARY_INDEPENDENT,0.9110769826395637
GSE57065,SIG004,T1,T24,HALLMARK_KRAS_SIGNALING_DN,HALLMARK_SECONDARY,SSGSEA_RANK_WALK,28,0.16967706622879036,0.38802981915948287,0.17133413798530767,0.2,NO_KNOWN_OVERLAP,INCLUDE_PRIMARY_INDEPENDENT,0.7575820278827999
GSE57065,SIG004,T1,T24,HALLMARK_KRAS_SIGNALING_UP,HALLMARK_SECONDARY,SSGSEA_RANK_WALK,28,0.348111658456486,0.06947653701825968,0.36329341438261886,0.2,NO_KNOWN_OVERLAP,INCLUDE_PRIMARY_INDEPENDENT,0.4747563362914411
GSE57065,SIG004,T1,T24,HALLMARK_MITOTIC_SPINDLE,HALLMARK_SECONDARY,SSGSEA_RANK_WALK,28,-0.11275314723590585,0.567824409870983,-0.11323464594633526,0.2,NO_KNOWN_OVERLAP,INCLUDE_PRIMARY_INDEPENDENT,0.8622518816559371
GSE57065,SIG004,T1,T24,HALLMARK_MTORC1_SIGNALING,HALLMARK_SECONDARY,SSGSEA_RANK_WALK,28,0.08264915161466885,0.6758625823006525,0.08283811557031452,0.2,NO_KNOWN_OVERLAP,INCLUDE_PRIMARY_INDEPENDENT,0.8938827701395727
GSE57065,SIG004,T1,T24,HALLMARK_MYC_TARGETS_V1,HALLMARK_SECONDARY,SSGSEA_RANK_WALK,28,0.25506294471811713,0.19022186129669078,0.2608206401032192,0.2,NO_KNOWN_OVERLAP,INCLUDE_PRIMARY_INDEPENDENT,0.6359783709645391
GSE57065,SIG004,T1,T24,HALLMARK_MYC_TARGETS_V2,HALLMARK_SECONDARY,SSGSEA_RANK_WALK,28,0.27586206896551724,0.15534071227054985,0.2831977374604007,0.2,NO_KNOWN_OVERLAP,INCLUDE_PRIMARY_INDEPENDENT,0.6359783709645391
GSE57065,SIG004,T1,T24,HALLMARK_MYOGENESIS,HALLMARK_SECONDARY,SSGSEA_RANK_WALK,28,0.1346469622331691,0.4945297363032438,0.13546963761315375,0.2,NO_KNOWN_OVERLAP,INCLUDE_PRIMARY_INDEPENDENT,0.8051688956183216
GSE57065,SIG004,T1,T24,HALLMARK_NOTCH_SIGNALING,HALLMARK_SECONDARY,SSGSEA_RANK_WALK,28,0.041050903119868636,0.8356939585960415,0.04107398580449943,0.2,NO_KNOWN_OVERLAP,INCLUDE_PRIMARY_INDEPENDENT,0.938030080384545
GSE57065,SIG004,T1,T24,HALLMARK_OXIDATIVE_PHOSPHORYLATION,PRESET_PRIMARY,SSGSEA_RANK_WALK,28,-0.08155446086480568,0.6799297727015543,-0.08173599564033081,0.2,NO_KNOWN_OVERLAP,INCLUDE_PRIMARY_INDEPENDENT,0.9110769826395637
GSE57065,SIG004,T1,T24,HALLMARK_P53_PATHWAY,HALLMARK_SECONDARY,SSGSEA_RANK_WALK,28,0.15270935960591134,0.4378745277603028,0.1539133192721242,0.2,NO_KNOWN_OVERLAP,INCLUDE_PRIMARY_INDEPENDENT,0.8051688956183216
GSE57065,SIG004,T1,T24,HALLMARK_PANCREAS_BETA_CELLS,HALLMARK_SECONDARY,SSGSEA_RANK_WALK,28,0.09742747673782157,0.6218646554725848,0.09773750859053533,0.2,NO_KNOWN_OVERLAP,INCLUDE_PRIMARY_INDEPENDENT,0.8938827701395727
GSE57065,SIG004,T1,T24,HALLMARK_PEROXISOME,HALLMARK_SECONDARY,SSGSEA_RANK_WALK,28,-0.24521072796934865,0.20850630427657757,-0.25031072679587446,0.2,NO_KNOWN_OVERLAP,INCLUDE_PRIMARY_INDEPENDENT,0.6359783709645391
GSE57065,SIG004,T1,T24,HALLMARK_PI3K_AKT_MTOR_SIGNALING,HALLMARK_SECONDARY,SSGSEA_RANK_WALK,28,0.02463054187192118,0.9009914341588439,0.024635524503391366,0.2,NO_KNOWN_OVERLAP,INCLUDE_PRIMARY_INDEPENDENT,0.9679406279093629
GSE57065,SIG004,T1,T24,HALLMARK_PROTEIN_SECRETION,HALLMARK_SECONDARY,SSGSEA_RANK_WALK,28,-0.2194854953475643,0.2617736838341756,-0.2231155000364667,0.2,NO_KNOWN_OVERLAP,INCLUDE_PRIMARY_INDEPENDENT,0.6359783709645391
GSE57065,SIG004,T1,T24,HALLMARK_REACTIVE_OXYGEN_SPECIES_PATHWAY,HALLMARK_SECONDARY,SSGSEA_RANK_WALK,28,-0.2638204707170224,0.1749285291614673,-0.27021025865927795,0.2,NO_KNOWN_OVERLAP,INCLUDE_PRIMARY_INDEPENDENT,0.6359783709645391
GSE57065,SIG004,T1,T24,HALLMARK_SPERMATOGENESIS,HALLMARK_SECONDARY,SSGSEA_RANK_WALK,28,0.2222222222222222,0.2557220171187362,0.2259925618715286,0.2,NO_KNOWN_OVERLAP,INCLUDE_PRIMARY_INDEPENDENT,0.6359783709645391
GSE57065,SIG004,T1,T24,HALLMARK_TGF_BETA_SIGNALING,HALLMARK_SECONDARY,SSGSEA_RANK_WALK,28,0.03831417624521073,0.8465149505909308,0.03833294087395851,0.2,NO_KNOWN_OVERLAP,INCLUDE_PRIMARY_INDEPENDENT,0.938030080384545
GSE57065,SIG004,T1,T24,HALLMARK_TNFA_SIGNALING_VIA_NFKB,PRESET_PRIMARY,SSGSEA_RANK_WALK,28,-0.05473453749315818,0.7820638783665188,-0.05478929513384389,0.2,NO_KNOWN_OVERLAP,INCLUDE_PRIMARY_INDEPENDENT,0.9110769826395637
GSE57065,SIG004,T1,T24,HALLMARK_UNFOLDED_PROTEIN_RESPONSE,HALLMARK_SECONDARY,SSGSEA_RANK_WALK,28,0.21182266009852216,0.2792100165210172,0.21507886034926793,0.2,NO_KNOWN_OVERLAP,INCLUDE_PRIMARY_INDEPENDENT,0.6359783709645391
GSE57065,SIG004,T1,T24,HALLMARK_UV_RESPONSE_DN,HALLMARK_SECONDARY,SSGSEA_RANK_WALK,28,0.09140667761357417,0.6436531023679799,0.09166253458559735,0.2,NO_KNOWN_OVERLAP,INCLUDE_PRIMARY_INDEPENDENT,0.8938827701395727
GSE57065,SIG004,T1,T24,HALLMARK_UV_RESPONSE_UP,HALLMARK_SECONDARY,SSGSEA_RANK_WALK,28,0.2260536398467433,0.24740455272155562,0.2300266491962837,0.2,NO_KNOWN_OVERLAP,INCLUDE_PRIMARY_INDEPENDENT,0.6359783709645391
GSE57065,SIG004,T1,T24,HALLMARK_WNT_BETA_CATENIN_SIGNALING,HALLMARK_SECONDARY,SSGSEA_RANK_WALK,28,-0.052545155993431854,0.7905861413646891,-0.052593595206285246,0.2,NO_KNOWN_OVERLAP,INCLUDE_PRIMARY_INDEPENDENT,0.938030080384545
GSE57065,SIG004,T1,T24,HALLMARK_XENOBIOTIC_METABOLISM,HALLMARK_SECONDARY,SSGSEA_RANK_WALK,28,0.2205801860974275,0.25934194222648915,0.2242658862411217,0.2,NO_KNOWN_OVERLAP,INCLUDE_PRIMARY_INDEPENDENT,0.6359783709645391
GSE57065,SIG004,T1,T24,Neutrophil degranulation,REACTOME_SUPPLEMENT,SSGSEA_RANK_WALK,28,-0.2835249042145594,0.14372234916133209,-0.29151095748523986,0.2,NO_KNOWN_OVERLAP,INCLUDE_PRIMARY_INDEPENDENT,0.28744469832266417
GSE57065,SIG004,T1,T24,TCR signaling,REACTOME_SUPPLEMENT,SSGSEA_RANK_WALK,28,0.050355774493705534,0.7991320319423116,0.05039840181337018,0.2,NO_KNOWN_OVERLAP,INCLUDE_PRIMARY_INDEPENDENT,0.7991320319423116
GSE57065,SIG004,T2,T48,HALLMARK_ADIPOGENESIS,HALLMARK_SECONDARY,SSGSEA_RANK_WALK,26,-0.612991452991453,0.0008701268514968665,-0.7136995006022461,0.20851441405707477,NO_KNOWN_OVERLAP,INCLUDE_PRIMARY_INDEPENDENT,0.03567520091137153
GSE57065,SIG004,T2,T48,HALLMARK_ALLOGRAFT_REJECTION,PRESET_PRIMARY,SSGSEA_RANK_WALK,26,0.2984615384615385,0.13860356127010218,0.30782984254078555,0.20851441405707477,NO_KNOWN_OVERLAP,INCLUDE_PRIMARY_INDEPENDENT,0.24948641028618393
GSE57065,SIG004,T2,T48,HALLMARK_ANDROGEN_RESPONSE,HALLMARK_SECONDARY,SSGSEA_RANK_WALK,26,-0.30871794871794866,0.1249063225080767,-0.319127676496214,0.20851441405707477,NO_KNOWN_OVERLAP,INCLUDE_PRIMARY_INDEPENDENT,0.32007245142694657
GSE57065,SIG004,T2,T48,HALLMARK_ANGIOGENESIS,HALLMARK_SECONDARY,SSGSEA_RANK_WALK,26,0.05914529914529914,0.7741107650674119,0.059214410961789817,0.20851441405707477,NO_KNOWN_OVERLAP,INCLUDE_PRIMARY_INDEPENDENT,0.85779841534497
GSE57065,SIG004,T2,T48,HALLMARK_APICAL_JUNCTION,HALLMARK_SECONDARY,SSGSEA_RANK_WALK,26,0.2854700854700854,0.1574661800871157,0.2936274457125416,0.20851441405707477,NO_KNOWN_OVERLAP,INCLUDE_PRIMARY_INDEPENDENT,0.3797713755042202
GSE57065,SIG004,T2,T48,HALLMARK_APICAL_SURFACE,HALLMARK_SECONDARY,SSGSEA_RANK_WALK,26,0.46529914529914523,0.016606411310020247,0.504053627464133,0.20851441405707477,NO_KNOWN_OVERLAP,INCLUDE_PRIMARY_INDEPENDENT,0.13327612766889022
GSE57065,SIG004,T2,T48,HALLMARK_APOPTOSIS,PRESET_PRIMARY,SSGSEA_RANK_WALK,26,-0.07965811965811966,0.698891198892913,-0.07982725202548449,0.20851441405707477,NO_KNOWN_OVERLAP,INCLUDE_PRIMARY_INDEPENDENT,0.698891198892913
GSE57065,SIG004,T2,T48,HALLMARK_BILE_ACID_METABOLISM,HALLMARK_SECONDARY,SSGSEA_RANK_WALK,26,-0.31692307692307686,0.11468106749505903,-0.3282229068547586,0.20851441405707477,NO_KNOWN_OVERLAP,INCLUDE_PRIMARY_INDEPENDENT,0.32007245142694657
GSE57065,SIG004,T2,T48,HALLMARK_CHOLESTEROL_HOMEOSTASIS,HALLMARK_SECONDARY,SSGSEA_RANK_WALK,26,-0.26427350427350427,0.1920287480553857,-0.27069724533269757,0.20851441405707477,NO_KNOWN_OVERLAP,INCLUDE_PRIMARY_INDEPENDENT,0.4143778247510954
GSE57065,SIG004,T2,T48,HALLMARK_COAGULATION,PRESET_PRIMARY,SSGSEA_RANK_WALK,26,0.16034188034188035,0.4339446891481419,0.16173757826356927,0.20851441405707477,NO_KNOWN_OVERLAP,INCLUDE_PRIMARY_INDEPENDENT,0.557928886047611
GSE57065,SIG004,T2,T48,HALLMARK_COMPLEMENT,PRESET_PRIMARY,SSGSEA_RANK_WALK,26,-0.38735042735042735,0.05057555509967236,-0.40867896342544213,0.20851441405707477,NO_KNOWN_OVERLAP,INCLUDE_PRIMARY_INDEPENDENT,0.1517266652990171
GSE57065,SIG004,T2,T48,HALLMARK_DNA_REPAIR,HALLMARK_SECONDARY,SSGSEA_RANK_WALK,26,-0.3162393162393162,0.11550883382650175,-0.32746298386987377,0.20851441405707477,NO_KNOWN_OVERLAP,INCLUDE_PRIMARY_INDEPENDENT,0.32007245142694657
GSE57065,SIG004,T2,T48,HALLMARK_E2F_TARGETS,HALLMARK_SECONDARY,SSGSEA_RANK_WALK,26,-0.26427350427350427,0.1920287480553857,-0.27069724533269757,0.20851441405707477,NO_KNOWN_OVERLAP,INCLUDE_PRIMARY_INDEPENDENT,0.4143778247510954
GSE57065,SIG004,T2,T48,HALLMARK_EPITHELIAL_MESENCHYMAL_TRANSITION,HALLMARK_SECONDARY,SSGSEA_RANK_WALK,26,0.1979487179487179,0.332375121559518,0.2005967114214306,0.20851441405707477,NO_KNOWN_OVERLAP,INCLUDE_PRIMARY_INDEPENDENT,0.5241299993823169
GSE57065,SIG004,T2,T48,HALLMARK_ESTROGEN_RESPONSE_EARLY,HALLMARK_SECONDARY,SSGSEA_RANK_WALK,26,0.33538461538461534,0.09394617487906183,0.3488830632081199,0.20851441405707477,NO_KNOWN_OVERLAP,INCLUDE_PRIMARY_INDEPENDENT,0.32007245142694657
GSE57065,SIG004,T2,T48,HALLMARK_ESTROGEN_RESPONSE_LATE,HALLMARK_SECONDARY,SSGSEA_RANK_WALK,26,0.0037606837606837602,0.9854532028833436,0.003760701489628028,0.20851441405707477,NO_KNOWN_OVERLAP,INCLUDE_PRIMARY_INDEPENDENT,0.9854532028833436
GSE57065,SIG004,T2,T48,HALLMARK_FATTY_ACID_METABOLISM,HALLMARK_SECONDARY,SSGSEA_RANK_WALK,26,-0.3374358974358974,0.0918288596822146,-0.3511961193519982,0.20851441405707477,NO_KNOWN_OVERLAP,INCLUDE_PRIMARY_INDEPENDENT,0.32007245142694657
GSE57065,SIG004,T2,T48,HALLMARK_G2M_CHECKPOINT,HALLMARK_SECONDARY,SSGSEA_RANK_WALK,26,-0.2246153846153846,0.2699571854740491,-0.2285114588865072,0.20851441405707477,NO_KNOWN_OVERLAP,INCLUDE_PRIMARY_INDEPENDENT,0.4637381421629867
GSE57065,SIG004,T2,T48,HALLMARK_GLYCOLYSIS,HALLMARK_SECONDARY,SSGSEA_RANK_WALK,26,-0.4051282051282051,0.04005887676201827,-0.4297689576408527,0.20851441405707477,NO_KNOWN_OVERLAP,INCLUDE_PRIMARY_INDEPENDENT,0.20530174340534363
GSE57065,SIG004,T2,T48,HALLMARK_HEDGEHOG_SIGNALING,HALLMARK_SECONDARY,SSGSEA_RANK_WALK,26,0.24991452991452992,0.21821062508219666,0.2553216458694325,0.20851441405707477,NO_KNOWN_OVERLAP,INCLUDE_PRIMARY_INDEPENDENT,0.4440627952579283
GSE57065,SIG004,T2,T48,HALLMARK_HEME_METABOLISM,HALLMARK_SECONDARY,SSGSEA_RANK_WALK,26,0.02222222222222222,0.9141926183026543,0.022225881285416915,0.20851441405707477,NO_KNOWN_OVERLAP,INCLUDE_PRIMARY_INDEPENDENT,0.9370474337602207
GSE57065,SIG004,T2,T48,HALLMARK_HYPOXIA,HALLMARK_SECONDARY,SSGSEA_RANK_WALK,26,0.21572649572649572,0.2898635615743311,0.21916964947223957,0.20851441405707477,NO_KNOWN_OVERLAP,INCLUDE_PRIMARY_INDEPENDENT,0.475376240981903
GSE57065,SIG004,T2,T48,HALLMARK_IL2_STAT5_SIGNALING,HALLMARK_SECONDARY,SSGSEA_RANK_WALK,26,-0.22529914529914527,0.2684632230028999,-0.22923166625343472,0.20851441405707477,NO_KNOWN_OVERLAP,INCLUDE_PRIMARY_INDEPENDENT,0.4637381421629867
GSE57065,SIG004,T2,T48,HALLMARK_IL6_JAK_STAT3_SIGNALING,HALLMARK_SECONDARY,SSGSEA_RANK_WALK,26,-0.4646153846153846,0.01678786925401344,-0.5031812775084454,0.20851441405707477,NO_KNOWN_OVERLAP,INCLUDE_PRIMARY_INDEPENDENT,0.13327612766889022
GSE57065,SIG004,T2,T48,HALLMARK_INFLAMMATORY_RESPONSE,PRESET_PRIMARY,SSGSEA_RANK_WALK,26,-0.545982905982906,0.003909970026097234,-0.6126401614007679,0.20851441405707477,NO_KNOWN_OVERLAP,INCLUDE_PRIMARY_INDEPENDENT,0.03518973023487511
GSE57065,SIG004,T2,T48,HALLMARK_INTERFERON_ALPHA_RESPONSE,PRESET_PRIMARY,SSGSEA_RANK_WALK,26,-0.17538461538461536,0.3914568546270284,-0.17721681404785924,0.20851441405707477,NO_KNOWN_OVERLAP,INCLUDE_PRIMARY_INDEPENDENT,0.557928886047611
GSE57065,SIG004,T2,T48,HALLMARK_INTERFERON_GAMMA_RESPONSE,PRESET_PRIMARY,SSGSEA_RANK_WALK,26,-0.13572649572649573,0.5085449744543752,-0.13656926745324607,0.20851441405707477,NO_KNOWN_OVERLAP,INCLUDE_PRIMARY_INDEPENDENT,0.5721130962611721
GSE57065,SIG004,T2,T48,HALLMARK_KRAS_SIGNALING_DN,HALLMARK_SECONDARY,SSGSEA_RANK_WALK,26,0.3634188034188034,0.06801389017851188,0.38081933662235823,0.20851441405707477,NO_KNOWN_OVERLAP,INCLUDE_PRIMARY_INDEPENDENT,0.30984105525766525
GSE57065,SIG004,T2,T48,HALLMARK_KRAS_SIGNALING_UP,HALLMARK_SECONDARY,SSGSEA_RANK_WALK,26,-0.2451282051282051,0.227446797571134,-0.25022292644528366,0.20851441405707477,NO_KNOWN_OVERLAP,INCLUDE_PRIMARY_INDEPENDENT,0.4440627952579283
GSE57065,SIG004,T2,T48,HALLMARK_MITOTIC_SPINDLE,HALLMARK_SECONDARY,SSGSEA_RANK_WALK,26,-0.4317948717948718,0.027614881146390435,-0.46210079828751705,0.20851441405707477,NO_KNOWN_OVERLAP,INCLUDE_PRIMARY_INDEPENDENT,0.1617443038574297
GSE57065,SIG004,T2,T48,HALLMARK_MTORC1_SIGNALING,HALLMARK_SECONDARY,SSGSEA_RANK_WALK,26,-0.187008547008547,0.3603125676946046,-0.1892354992647568,0.20851441405707477,NO_KNOWN_OVERLAP,INCLUDE_PRIMARY_INDEPENDENT,0.5471413064992144
GSE57065,SIG004,T2,T48,HALLMARK_MYC_TARGETS_V1,HALLMARK_SECONDARY,SSGSEA_RANK_WALK,26,-0.14393162393162393,0.48300259035624504,-0.14493807466339007,0.20851441405707477,NO_KNOWN_OVERLAP,INCLUDE_PRIMARY_INDEPENDENT,0.6601035401535349
GSE57065,SIG004,T2,T48,HALLMARK_MYC_TARGETS_V2,HALLMARK_SECONDARY,SSGSEA_RANK_WALK,26,-0.12273504273504272,0.5502971635239916,-0.12335696269836853,0.20851441405707477,NO_KNOWN_OVERLAP,INCLUDE_PRIMARY_INDEPENDENT,0.7278123775639889
GSE57065,SIG004,T2,T48,HALLMARK_MYOGENESIS,HALLMARK_SECONDARY,SSGSEA_RANK_WALK,26,0.31965811965811963,0.11141363831154774,0.3312662723701692,0.20851441405707477,NO_KNOWN_OVERLAP,INCLUDE_PRIMARY_INDEPENDENT,0.32007245142694657
GSE57065,SIG004,T2,T48,HALLMARK_NOTCH_SIGNALING,HALLMARK_SECONDARY,SSGSEA_RANK_WALK,26,-0.10153846153846154,0.6216154509711336,-0.10188959206620929,0.20851441405707477,NO_KNOWN_OVERLAP,INCLUDE_PRIMARY_INDEPENDENT,0.7723101057520144
GSE57065,SIG004,T2,T48,HALLMARK_OXIDATIVE_PHOSPHORYLATION,PRESET_PRIMARY,SSGSEA_RANK_WALK,26,-0.41538461538461535,0.03483195129901905,-0.44210120866132724,0.20851441405707477,NO_KNOWN_OVERLAP,INCLUDE_PRIMARY_INDEPENDENT,0.1517266652990171
GSE57065,SIG004,T2,T48,HALLMARK_P53_PATHWAY,HALLMARK_SECONDARY,SSGSEA_RANK_WALK,26,-0.2239316239316239,0.2714564734612605,-0.2277914844596488,0.20851441405707477,NO_KNOWN_OVERLAP,INCLUDE_PRIMARY_INDEPENDENT,0.4637381421629867
GSE57065,SIG004,T2,T48,HALLMARK_PANCREAS_BETA_CELLS,HALLMARK_SECONDARY,SSGSEA_RANK_WALK,26,0.31145299145299143,0.12142667656933931,0.32215368136241057,0.20851441405707477,NO_KNOWN_OVERLAP,INCLUDE_PRIMARY_INDEPENDENT,0.32007245142694657
GSE57065,SIG004,T2,T48,HALLMARK_PEROXISOME,HALLMARK_SECONDARY,SSGSEA_RANK_WALK,26,-0.47008547008547,0.015380795641106901,-0.5101800458841806,0.20851441405707477,NO_KNOWN_OVERLAP,INCLUDE_PRIMARY_INDEPENDENT,0.13327612766889022
GSE57065,SIG004,T2,T48,HALLMARK_PI3K_AKT_MTOR_SIGNALING,HALLMARK_SECONDARY,SSGSEA_RANK_WALK,26,-0.17128205128205126,0.40280293925139,-0.17298716584743004,0.20851441405707477,NO_KNOWN_OVERLAP,INCLUDE_PRIMARY_INDEPENDENT,0.5898185896181067
GSE57065,SIG004,T2,T48,HALLMARK_PROTEIN_SECRETION,HALLMARK_SECONDARY,SSGSEA_RANK_WALK,26,-0.4598290598290598,0.018104170301947976,-0.49709449010082885,0.20851441405707477,NO_KNOWN_OVERLAP,INCLUDE_PRIMARY_INDEPENDENT,0.13327612766889022
GSE57065,SIG004,T2,T48,HALLMARK_REACTIVE_OXYGEN_SPECIES_PATHWAY,HALLMARK_SECONDARY,SSGSEA_RANK_WALK,26,-0.455042735042735,0.019503823561301006,-0.49104158583566,0.20851441405707477,NO_KNOWN_OVERLAP,INCLUDE_PRIMARY_INDEPENDENT,0.13327612766889022
GSE57065,SIG004,T2,T48,HALLMARK_SPERMATOGENESIS,HALLMARK_SECONDARY,SSGSEA_RANK_WALK,26,-0.03316239316239316,0.8722326311142032,-0.03317455790811075,0.20851441405707477,NO_KNOWN_OVERLAP,INCLUDE_PRIMARY_INDEPENDENT,0.9169625096328804
GSE57065,SIG004,T2,T48,HALLMARK_TGF_BETA_SIGNALING,HALLMARK_SECONDARY,SSGSEA_RANK_WALK,26,0.0864957264957265,0.674382213218179,0.08671240622006246,0.20851441405707477,NO_KNOWN_OVERLAP,INCLUDE_PRIMARY_INDEPENDENT,0.8132256100572158
GSE57065,SIG004,T2,T48,HALLMARK_TNFA_SIGNALING_VIA_NFKB,PRESET_PRIMARY,SSGSEA_RANK_WALK,26,-0.32307692307692304,0.10742665025723581,-0.3350788311676232,0.20851441405707477,NO_KNOWN_OVERLAP,INCLUDE_PRIMARY_INDEPENDENT,0.2417099630787806
GSE57065,SIG004,T2,T48,HALLMARK_UNFOLDED_PROTEIN_RESPONSE,HALLMARK_SECONDARY,SSGSEA_RANK_WALK,26,-0.042735042735042736,0.8357878719483252,-0.04276108671908101,0.20851441405707477,NO_KNOWN_OVERLAP,INCLUDE_PRIMARY_INDEPENDENT,0.9017711249968772
GSE57065,SIG004,T2,T48,HALLMARK_UV_RESPONSE_DN,HALLMARK_SECONDARY,SSGSEA_RANK_WALK,26,-0.10564102564102562,0.6075215129314938,-0.10603666377998139,0.20851441405707477,NO_KNOWN_OVERLAP,INCLUDE_PRIMARY_INDEPENDENT,0.7723101057520144
GSE57065,SIG004,T2,T48,HALLMARK_UV_RESPONSE_UP,HALLMARK_SECONDARY,SSGSEA_RANK_WALK,26,-0.06871794871794872,0.7387146311049512,-0.06882642185600946,0.20851441405707477,NO_KNOWN_OVERLAP,INCLUDE_PRIMARY_INDEPENDENT,0.85779841534497
GSE57065,SIG004,T2,T48,HALLMARK_WNT_BETA_CATENIN_SIGNALING,HALLMARK_SECONDARY,SSGSEA_RANK_WALK,26,0.16034188034188035,0.4339446891481419,0.16173757826356927,0.20851441405707477,NO_KNOWN_OVERLAP,INCLUDE_PRIMARY_INDEPENDENT,0.6135080087956489
GSE57065,SIG004,T2,T48,HALLMARK_XENOBIOTIC_METABOLISM,HALLMARK_SECONDARY,SSGSEA_RANK_WALK,26,-0.06188034188034188,0.7639492368746058,-0.06195950743142827,0.20851441405707477,NO_KNOWN_OVERLAP,INCLUDE_PRIMARY_INDEPENDENT,0.85779841534497
GSE57065,SIG004,T2,T48,Neutrophil degranulation,REACTOME_SUPPLEMENT,SSGSEA_RANK_WALK,26,-0.45572649572649565,0.019298625740866594,-0.49190423952454815,0.20851441405707477,NO_KNOWN_OVERLAP,INCLUDE_PRIMARY_INDEPENDENT,0.03859725148173319
GSE57065,SIG004,T2,T48,TCR signaling,REACTOME_SUPPLEMENT,SSGSEA_RANK_WALK,26,-0.22735042735042732,0.26401327745940373,-0.23139369460799647,0.20851441405707477,NO_KNOWN_OVERLAP,INCLUDE_PRIMARY_INDEPENDENT,0.26401327745940373
GSE57065,SIG022,T1,T24,HALLMARK_ADIPOGENESIS,HALLMARK_SECONDARY,SSGSEA_RANK_WALK,28,-0.28790366721401206,0.13737183098836245,-0.29627895510742863,0.2,NO_KNOWN_OVERLAP,INCLUDE_PRIMARY_INDEPENDENT,0.40230321932306146
GSE57065,SIG022,T1,T24,HALLMARK_ALLOGRAFT_REJECTION,PRESET_PRIMARY,SSGSEA_RANK_WALK,28,0.5966064586754242,0.0008051899571505484,0.6878615388391924,0.2,NO_KNOWN_OVERLAP,INCLUDE_PRIMARY_INDEPENDENT,0.0072467096143549355
GSE57065,SIG022,T1,T24,HALLMARK_ANDROGEN_RESPONSE,HALLMARK_SECONDARY,SSGSEA_RANK_WALK,28,-0.09140667761357417,0.6436531023679799,-0.09166253458559735,0.2,NO_KNOWN_OVERLAP,INCLUDE_PRIMARY_INDEPENDENT,0.9425940102306029
GSE57065,SIG022,T1,T24,HALLMARK_ANGIOGENESIS,HALLMARK_SECONDARY,SSGSEA_RANK_WALK,28,-0.013683634373289545,0.9449029783807149,-0.013684488518920734,0.2,NO_KNOWN_OVERLAP,INCLUDE_PRIMARY_INDEPENDENT,0.9449029783807149
GSE57065,SIG022,T1,T24,HALLMARK_APICAL_JUNCTION,HALLMARK_SECONDARY,SSGSEA_RANK_WALK,28,0.12370005473453749,0.5305724838850181,0.12433685201110944,0.2,NO_KNOWN_OVERLAP,INCLUDE_PRIMARY_INDEPENDENT,0.9425940102306029
GSE57065,SIG022,T1,T24,HALLMARK_APICAL_SURFACE,HALLMARK_SECONDARY,SSGSEA_RANK_WALK,28,0.4006568144499179,0.03461408238441607,0.42443109695459375,0.2,NO_KNOWN_OVERLAP,INCLUDE_PRIMARY_INDEPENDENT,0.24781576809195405
GSE57065,SIG022,T1,T24,HALLMARK_APOPTOSIS,PRESET_PRIMARY,SSGSEA_RANK_WALK,28,0.1023535851122058,0.6042657744249464,0.10271327623013175,0.2,NO_KNOWN_OVERLAP,INCLUDE_PRIMARY_INDEPENDENT,0.9255908903983767
GSE57065,SIG022,T1,T24,HALLMARK_BILE_ACID_METABOLISM,HALLMARK_SECONDARY,SSGSEA_RANK_WALK,28,-0.06513409961685823,0.7419338618991111,-0.06522644419871759,0.2,NO_KNOWN_OVERLAP,INCLUDE_PRIMARY_INDEPENDENT,0.9425940102306029
GSE57065,SIG022,T1,T24,HALLMARK_CHOLESTEROL_HOMEOSTASIS,HALLMARK_SECONDARY,SSGSEA_RANK_WALK,28,-0.3563218390804598,0.06272523438859408,-0.3726664668652578,0.2,NO_KNOWN_OVERLAP,INCLUDE_PRIMARY_INDEPENDENT,0.36739065856176534
GSE57065,SIG022,T1,T24,HALLMARK_COAGULATION,PRESET_PRIMARY,SSGSEA_RANK_WALK,28,-0.04433497536945813,0.8227474581318904,-0.04436405780434216,0.2,NO_KNOWN_OVERLAP,INCLUDE_PRIMARY_INDEPENDENT,0.9255908903983767
GSE57065,SIG022,T1,T24,HALLMARK_COMPLEMENT,PRESET_PRIMARY,SSGSEA_RANK_WALK,28,0.046524356869184456,0.8141413986141794,0.046557968099449246,0.2,NO_KNOWN_OVERLAP,INCLUDE_PRIMARY_INDEPENDENT,0.9255908903983767
GSE57065,SIG022,T1,T24,HALLMARK_DNA_REPAIR,HALLMARK_SECONDARY,SSGSEA_RANK_WALK,28,0.1538040503557745,0.43455805749906706,0.15503434025694285,0.2,NO_KNOWN_OVERLAP,INCLUDE_PRIMARY_INDEPENDENT,0.9425940102306029
GSE57065,SIG022,T1,T24,HALLMARK_E2F_TARGETS,HALLMARK_SECONDARY,SSGSEA_RANK_WALK,28,0.05856595511767926,0.7672095372604153,0.05863305310287045,0.2,NO_KNOWN_OVERLAP,INCLUDE_PRIMARY_INDEPENDENT,0.9425940102306029
GSE57065,SIG022,T1,T24,HALLMARK_EPITHELIAL_MESENCHYMAL_TRANSITION,HALLMARK_SECONDARY,SSGSEA_RANK_WALK,28,0.01532567049808429,0.9383030860180518,0.015326870545501206,0.2,NO_KNOWN_OVERLAP,INCLUDE_PRIMARY_INDEPENDENT,0.9449029783807149
GSE57065,SIG022,T1,T24,HALLMARK_ESTROGEN_RESPONSE_EARLY,HALLMARK_SECONDARY,SSGSEA_RANK_WALK,28,0.441160372194855,0.018775187110737213,0.4736706706658219,0.2,NO_KNOWN_OVERLAP,INCLUDE_PRIMARY_INDEPENDENT,0.24781576809195405
GSE57065,SIG022,T1,T24,HALLMARK_ESTROGEN_RESPONSE_LATE,HALLMARK_SECONDARY,SSGSEA_RANK_WALK,28,0.03831417624521073,0.8465149505909308,0.03833294087395851,0.2,NO_KNOWN_OVERLAP,INCLUDE_PRIMARY_INDEPENDENT,0.9425940102306029
GSE57065,SIG022,T1,T24,HALLMARK_FATTY_ACID_METABOLISM,HALLMARK_SECONDARY,SSGSEA_RANK_WALK,28,-0.07991242474001095,0.6860469937204365,-0.08008318630699987,0.2,NO_KNOWN_OVERLAP,INCLUDE_PRIMARY_INDEPENDENT,0.9425940102306029
GSE57065,SIG022,T1,T24,HALLMARK_G2M_CHECKPOINT,HALLMARK_SECONDARY,SSGSEA_RANK_WALK,28,0.03886152162014231,0.8443485073804998,0.0388811024874056,0.2,NO_KNOWN_OVERLAP,INCLUDE_PRIMARY_INDEPENDENT,0.9425940102306029
GSE57065,SIG022,T1,T24,HALLMARK_GLYCOLYSIS,HALLMARK_SECONDARY,SSGSEA_RANK_WALK,28,-0.3229337712096333,0.09370930341425153,-0.3349190041554976,0.2,NO_KNOWN_OVERLAP,INCLUDE_PRIMARY_INDEPENDENT,0.39416948390175693
GSE57065,SIG022,T1,T24,HALLMARK_HEDGEHOG_SIGNALING,HALLMARK_SECONDARY,SSGSEA_RANK_WALK,28,-0.10399562123700054,0.5984466251138438,-0.10437298029153842,0.2,NO_KNOWN_OVERLAP,INCLUDE_PRIMARY_INDEPENDENT,0.9425940102306029
GSE57065,SIG022,T1,T24,HALLMARK_HEME_METABOLISM,HALLMARK_SECONDARY,SSGSEA_RANK_WALK,28,0.13628899835796388,0.48923181434896235,0.13714237143997984,0.2,NO_KNOWN_OVERLAP,INCLUDE_PRIMARY_INDEPENDENT,0.9425940102306029
GSE57065,SIG022,T1,T24,HALLMARK_HYPOXIA,HALLMARK_SECONDARY,SSGSEA_RANK_WALK,28,-0.0755336617405583,0.7024535849077524,-0.07567780374778077,0.2,NO_KNOWN_OVERLAP,INCLUDE_PRIMARY_INDEPENDENT,0.9425940102306029
GSE57065,SIG022,T1,T24,HALLMARK_IL2_STAT5_SIGNALING,HALLMARK_SECONDARY,SSGSEA_RANK_WALK,28,-0.025725232621784347,0.8966138146095978,-0.025730909756118334,0.2,NO_KNOWN_OVERLAP,INCLUDE_PRIMARY_INDEPENDENT,0.9425940102306029
GSE57065,SIG022,T1,T24,HALLMARK_IL6_JAK_STAT3_SIGNALING,HALLMARK_SECONDARY,SSGSEA_RANK_WALK,28,-0.5692391899288451,0.0015701863708888607,-0.6463966087329833,0.2,NO_KNOWN_OVERLAP,INCLUDE_PRIMARY_INDEPENDENT,0.06437764120644329
GSE57065,SIG022,T1,T24,HALLMARK_INFLAMMATORY_RESPONSE,PRESET_PRIMARY,SSGSEA_RANK_WALK,28,-0.19102353585112206,0.33019424876232717,-0.19339925323384308,0.2,NO_KNOWN_OVERLAP,INCLUDE_PRIMARY_INDEPENDENT,0.9255908903983767
GSE57065,SIG022,T1,T24,HALLMARK_INTERFERON_ALPHA_RESPONSE,PRESET_PRIMARY,SSGSEA_RANK_WALK,28,-0.11275314723590585,0.567824409870983,-0.11323464594633526,0.2,NO_KNOWN_OVERLAP,INCLUDE_PRIMARY_INDEPENDENT,0.9255908903983767
GSE57065,SIG022,T1,T24,HALLMARK_INTERFERON_GAMMA_RESPONSE,PRESET_PRIMARY,SSGSEA_RANK_WALK,28,0.010946907498631636,0.9559105012764118,0.010947344803505734,0.2,NO_KNOWN_OVERLAP,INCLUDE_PRIMARY_INDEPENDENT,0.9559105012764118
GSE57065,SIG022,T1,T24,HALLMARK_KRAS_SIGNALING_DN,HALLMARK_SECONDARY,SSGSEA_RANK_WALK,28,0.15161466885604818,0.441204649626048,0.15279268197215412,0.2,NO_KNOWN_OVERLAP,INCLUDE_PRIMARY_INDEPENDENT,0.9425940102306029
GSE57065,SIG022,T1,T24,HALLMARK_KRAS_SIGNALING_UP,HALLMARK_SECONDARY,SSGSEA_RANK_WALK,28,0.03393541324575808,0.863884545858161,0.033948449067056206,0.2,NO_KNOWN_OVERLAP,INCLUDE_PRIMARY_INDEPENDENT,0.9425940102306029
GSE57065,SIG022,T1,T24,HALLMARK_MITOTIC_SPINDLE,HALLMARK_SECONDARY,SSGSEA_RANK_WALK,28,-0.3984674329501916,0.035708301521222854,-0.42182577411709177,0.2,NO_KNOWN_OVERLAP,INCLUDE_PRIMARY_INDEPENDENT,0.24781576809195405
GSE57065,SIG022,T1,T24,HALLMARK_MTORC1_SIGNALING,HALLMARK_SECONDARY,SSGSEA_RANK_WALK,28,-0.02955665024630542,0.8813162664859093,-0.02956526161341125,0.2,NO_KNOWN_OVERLAP,INCLUDE_PRIMARY_INDEPENDENT,0.9425940102306029
GSE57065,SIG022,T1,T24,HALLMARK_MYC_TARGETS_V1,HALLMARK_SECONDARY,SSGSEA_RANK_WALK,28,0.29337712096332785,0.1297231167959181,0.30225744317013264,0.2,NO_KNOWN_OVERLAP,INCLUDE_PRIMARY_INDEPENDENT,0.40230321932306146
GSE57065,SIG022,T1,T24,HALLMARK_MYC_TARGETS_V2,HALLMARK_SECONDARY,SSGSEA_RANK_WALK,28,0.4165298303229338,0.027462190239674774,0.4434860254475007,0.2,NO_KNOWN_OVERLAP,INCLUDE_PRIMARY_INDEPENDENT,0.24781576809195405
GSE57065,SIG022,T1,T24,HALLMARK_MYOGENESIS,HALLMARK_SECONDARY,SSGSEA_RANK_WALK,28,0.11056376573617953,0.5754134693830785,0.11101762253098844,0.2,NO_KNOWN_OVERLAP,INCLUDE_PRIMARY_INDEPENDENT,0.9425940102306029
GSE57065,SIG022,T1,T24,HALLMARK_NOTCH_SIGNALING,HALLMARK_SECONDARY,SSGSEA_RANK_WALK,28,-0.3043240284619595,0.11536667821514839,-0.31427810295464403,0.2,NO_KNOWN_OVERLAP,INCLUDE_PRIMARY_INDEPENDENT,0.39416948390175693
GSE57065,SIG022,T1,T24,HALLMARK_OXIDATIVE_PHOSPHORYLATION,PRESET_PRIMARY,SSGSEA_RANK_WALK,28,-0.09688013136288998,0.6238329434181383,-0.09718494765506457,0.2,NO_KNOWN_OVERLAP,INCLUDE_PRIMARY_INDEPENDENT,0.9255908903983767
GSE57065,SIG022,T1,T24,HALLMARK_P53_PATHWAY,HALLMARK_SECONDARY,SSGSEA_RANK_WALK,28,-0.07115489874110564,0.7189916769031155,-0.07127535108092496,0.2,NO_KNOWN_OVERLAP,INCLUDE_PRIMARY_INDEPENDENT,0.9425940102306029
GSE57065,SIG022,T1,T24,HALLMARK_PANCREAS_BETA_CELLS,HALLMARK_SECONDARY,SSGSEA_RANK_WALK,28,0.3158182813355227,0.10159433299553895,0.3269952326793757,0.2,NO_KNOWN_OVERLAP,INCLUDE_PRIMARY_INDEPENDENT,0.39416948390175693
GSE57065,SIG022,T1,T24,HALLMARK_PEROXISOME,HALLMARK_SECONDARY,SSGSEA_RANK_WALK,28,0.04926108374384236,0.8034135478061251,0.04930098840226977,0.2,NO_KNOWN_OVERLAP,INCLUDE_PRIMARY_INDEPENDENT,0.9425940102306029
GSE57065,SIG022,T1,T24,HALLMARK_PI3K_AKT_MTOR_SIGNALING,HALLMARK_SECONDARY,SSGSEA_RANK_WALK,28,0.20799124247400108,0.28820031258385626,0.21107083981262628,0.2,NO_KNOWN_OVERLAP,INCLUDE_PRIMARY_INDEPENDENT,0.739749477693981
GSE57065,SIG022,T1,T24,HALLMARK_PROTEIN_SECRETION,HALLMARK_SECONDARY,SSGSEA_RANK_WALK,28,-0.30925013683634367,0.10930450236486626,-0.31971603598468185,0.2,NO_KNOWN_OVERLAP,INCLUDE_PRIMARY_INDEPENDENT,0.39416948390175693
GSE57065,SIG022,T1,T24,HALLMARK_REACTIVE_OXYGEN_SPECIES_PATHWAY,HALLMARK_SECONDARY,SSGSEA_RANK_WALK,28,-0.3973727422003284,0.036265722159798154,-0.4205251402594019,0.2,NO_KNOWN_OVERLAP,INCLUDE_PRIMARY_INDEPENDENT,0.24781576809195405
GSE57065,SIG022,T1,T24,HALLMARK_SPERMATOGENESIS,HALLMARK_SECONDARY,SSGSEA_RANK_WALK,28,0.09359605911330049,0.6356954086585441,0.09387081213164691,0.2,NO_KNOWN_OVERLAP,INCLUDE_PRIMARY_INDEPENDENT,0.9425940102306029
GSE57065,SIG022,T1,T24,HALLMARK_TGF_BETA_SIGNALING,HALLMARK_SECONDARY,SSGSEA_RANK_WALK,28,-0.20744389709906952,0.2894994593602427,-0.21049881343389307,0.2,NO_KNOWN_OVERLAP,INCLUDE_PRIMARY_INDEPENDENT,0.739749477693981
GSE57065,SIG022,T1,T24,HALLMARK_TNFA_SIGNALING_VIA_NFKB,PRESET_PRIMARY,SSGSEA_RANK_WALK,28,-0.23152709359605914,0.23583493027967056,-0.2358024553063547,0.2,NO_KNOWN_OVERLAP,INCLUDE_PRIMARY_INDEPENDENT,0.9255908903983767
GSE57065,SIG022,T1,T24,HALLMARK_UNFOLDED_PROTEIN_RESPONSE,HALLMARK_SECONDARY,SSGSEA_RANK_WALK,28,0.13793103448275862,0.4839628067400008,0.13881586829913975,0.2,NO_KNOWN_OVERLAP,INCLUDE_PRIMARY_INDEPENDENT,0.9425940102306029
GSE57065,SIG022,T1,T24,HALLMARK_UV_RESPONSE_DN,HALLMARK_SECONDARY,SSGSEA_RANK_WALK,28,0.03776683087027915,0.8486824860631973,0.037784802284922404,0.2,NO_KNOWN_OVERLAP,INCLUDE_PRIMARY_INDEPENDENT,0.9425940102306029
GSE57065,SIG022,T1,T24,HALLMARK_UV_RESPONSE_UP,HALLMARK_SECONDARY,SSGSEA_RANK_WALK,28,0.04980842911877395,0.801272087786034,0.049849680111544024,0.2,NO_KNOWN_OVERLAP,INCLUDE_PRIMARY_INDEPENDENT,0.9425940102306029
GSE57065,SIG022,T1,T24,HALLMARK_WNT_BETA_CATENIN_SIGNALING,HALLMARK_SECONDARY,SSGSEA_RANK_WALK,28,0.3448275862068966,0.07232902143038525,0.359561333481603,0.2,NO_KNOWN_OVERLAP,INCLUDE_PRIMARY_INDEPENDENT,0.3706862348307244
GSE57065,SIG022,T1,T24,HALLMARK_XENOBIOTIC_METABOLISM,HALLMARK_SECONDARY,SSGSEA_RANK_WALK,28,-0.20032840722495895,0.3067253931901872,-0.20307466833359436,0.2,NO_KNOWN_OVERLAP,INCLUDE_PRIMARY_INDEPENDENT,0.739749477693981
GSE57065,SIG022,T1,T24,Neutrophil degranulation,REACTOME_SUPPLEMENT,SSGSEA_RANK_WALK,28,-0.6480569239189928,0.00019233314839224065,-0.7719414021220571,0.2,NO_KNOWN_OVERLAP,INCLUDE_PRIMARY_INDEPENDENT,0.0003846662967844813
GSE57065,SIG022,T1,T24,TCR signaling,REACTOME_SUPPLEMENT,SSGSEA_RANK_WALK,28,0.3470169677066229,0.07041754002680811,0.36204831414656985,0.2,NO_KNOWN_OVERLAP,INCLUDE_PRIMARY_INDEPENDENT,0.07041754002680811
GSE57065,SIG022,T2,T48,HALLMARK_ADIPOGENESIS,HALLMARK_SECONDARY,SSGSEA_RANK_WALK,26,-0.5965811965811965,0.0012958792164000262,-0.6878223166016161,0.20851441405707477,NO_KNOWN_OVERLAP,INCLUDE_PRIMARY_INDEPENDENT,0.037007222518634274
GSE57065,SIG022,T2,T48,HALLMARK_ALLOGRAFT_REJECTION,PRESET_PRIMARY,SSGSEA_RANK_WALK,26,0.6164102564102564,0.0007986324706220112,0.7191947365016462,0.20851441405707477,NO_KNOWN_OVERLAP,INCLUDE_PRIMARY_INDEPENDENT,0.007187692235598101
GSE57065,SIG022,T2,T48,HALLMARK_ANDROGEN_RESPONSE,HALLMARK_SECONDARY,SSGSEA_RANK_WALK,26,-0.24854700854700856,0.22082337584912237,-0.2538635533756462,0.20851441405707477,NO_KNOWN_OVERLAP,INCLUDE_PRIMARY_INDEPENDENT,0.43140161971363217
GSE57065,SIG022,T2,T48,HALLMARK_ANGIOGENESIS,HALLMARK_SECONDARY,SSGSEA_RANK_WALK,26,0.012649572649572649,0.9510960223522145,0.012650247407513622,0.20851441405707477,NO_KNOWN_OVERLAP,INCLUDE_PRIMARY_INDEPENDENT,0.9510960223522145
GSE57065,SIG022,T2,T48,HALLMARK_APICAL_JUNCTION,HALLMARK_SECONDARY,SSGSEA_RANK_WALK,26,0.2841025641025641,0.1595525518438448,0.2921392244488357,0.20851441405707477,NO_KNOWN_OVERLAP,INCLUDE_PRIMARY_INDEPENDENT,0.43140161971363217
GSE57065,SIG022,T2,T48,HALLMARK_APICAL_SURFACE,HALLMARK_SECONDARY,SSGSEA_RANK_WALK,26,0.44820512820512814,0.021655526829023743,0.4824519289457014,0.20851441405707477,NO_KNOWN_OVERLAP,INCLUDE_PRIMARY_INDEPENDENT,0.14797943333166225
GSE57065,SIG022,T2,T48,HALLMARK_APOPTOSIS,PRESET_PRIMARY,SSGSEA_RANK_WALK,26,0.1788034188034188,0.3821421171834338,0.18074631457182744,0.20851441405707477,NO_KNOWN_OVERLAP,INCLUDE_PRIMARY_INDEPENDENT,0.6470645627751851
GSE57065,SIG022,T2,T48,HALLMARK_BILE_ACID_METABOLISM,HALLMARK_SECONDARY,SSGSEA_RANK_WALK,26,-0.24307692307692305,0.23148379594390017,-0.24804167101439362,0.20851441405707477,NO_KNOWN_OVERLAP,INCLUDE_PRIMARY_INDEPENDENT,0.43140161971363217
GSE57065,SIG022,T2,T48,HALLMARK_CHOLESTEROL_HOMEOSTASIS,HALLMARK_SECONDARY,SSGSEA_RANK_WALK,26,-0.35521367521367525,0.07495254621410256,-0.3713977161282379,0.20851441405707477,NO_KNOWN_OVERLAP,INCLUDE_PRIMARY_INDEPENDENT,0.3469498473704167
GSE57065,SIG022,T2,T48,HALLMARK_COAGULATION,PRESET_PRIMARY,SSGSEA_RANK_WALK,26,0.17264957264957262,0.3990005880076417,0.17439636050462673,0.20851441405707477,NO_KNOWN_OVERLAP,INCLUDE_PRIMARY_INDEPENDENT,0.6470645627751851
GSE57065,SIG022,T2,T48,HALLMARK_COMPLEMENT,PRESET_PRIMARY,SSGSEA_RANK_WALK,26,0.1152136752136752,0.575168500244609,0.11572756378008399,0.20851441405707477,NO_KNOWN_OVERLAP,INCLUDE_PRIMARY_INDEPENDENT,0.6470645627751851
GSE57065,SIG022,T2,T48,HALLMARK_DNA_REPAIR,HALLMARK_SECONDARY,SSGSEA_RANK_WALK,26,0.08170940170940172,0.6915062731609445,0.08189197590218082,0.20851441405707477,NO_KNOWN_OVERLAP,INCLUDE_PRIMARY_INDEPENDENT,0.8158139625511405
GSE57065,SIG022,T2,T48,HALLMARK_E2F_TARGETS,HALLMARK_SECONDARY,SSGSEA_RANK_WALK,26,0.05777777777777777,0.7792052599569443,0.057842199499731115,0.20851441405707477,NO_KNOWN_OVERLAP,INCLUDE_PRIMARY_INDEPENDENT,0.8634436664387761
GSE57065,SIG022,T2,T48,HALLMARK_EPITHELIAL_MESENCHYMAL_TRANSITION,HALLMARK_SECONDARY,SSGSEA_RANK_WALK,26,0.17743589743589744,0.38585263819604465,0.17933398450649862,0.20851441405707477,NO_KNOWN_OVERLAP,INCLUDE_PRIMARY_INDEPENDENT,0.5252060613999433
GSE57065,SIG022,T2,T48,HALLMARK_ESTROGEN_RESPONSE_EARLY,HALLMARK_SECONDARY,SSGSEA_RANK_WALK,26,0.4673504273504273,0.01607167765671264,0.5066749386599477,0.20851441405707477,NO_KNOWN_OVERLAP,INCLUDE_PRIMARY_INDEPENDENT,0.13178775678504365
GSE57065,SIG022,T2,T48,HALLMARK_ESTROGEN_RESPONSE_LATE,HALLMARK_SECONDARY,SSGSEA_RANK_WALK,26,0.31692307692307686,0.11468106749505903,0.3282229068547586,0.20851441405707477,NO_KNOWN_OVERLAP,INCLUDE_PRIMARY_INDEPENDENT,0.3918269806081183
GSE57065,SIG022,T2,T48,HALLMARK_FATTY_ACID_METABOLISM,HALLMARK_SECONDARY,SSGSEA_RANK_WALK,26,-0.07076923076923076,0.731194023076702,-0.07088773119980235,0.20851441405707477,NO_KNOWN_OVERLAP,INCLUDE_PRIMARY_INDEPENDENT,0.8327487485040217
GSE57065,SIG022,T2,T48,HALLMARK_G2M_CHECKPOINT,HALLMARK_SECONDARY,SSGSEA_RANK_WALK,26,0.048888888888888885,0.8125273985485001,0.04892789500187929,0.20851441405707477,NO_KNOWN_OVERLAP,INCLUDE_PRIMARY_INDEPENDENT,0.870480916299801
GSE57065,SIG022,T2,T48,HALLMARK_GLYCOLYSIS,HALLMARK_SECONDARY,SSGSEA_RANK_WALK,26,-0.18427350427350422,0.36750617088856974,-0.1864028335122321,0.20851441405707477,NO_KNOWN_OVERLAP,INCLUDE_PRIMARY_INDEPENDENT,0.5195776898769434
GSE57065,SIG022,T2,T48,HALLMARK_HEDGEHOG_SIGNALING,HALLMARK_SECONDARY,SSGSEA_RANK_WALK,26,-0.22666666666666666,0.2654912702249571,-0.23067278325131046,0.20851441405707477,NO_KNOWN_OVERLAP,INCLUDE_PRIMARY_INDEPENDENT,0.44518861647646724
GSE57065,SIG022,T2,T48,HALLMARK_HEME_METABOLISM,HALLMARK_SECONDARY,SSGSEA_RANK_WALK,26,0.20820512820512818,0.3074107773134942,0.21129440709337788,0.20851441405707477,NO_KNOWN_OVERLAP,INCLUDE_PRIMARY_INDEPENDENT,0.46680895814271345
GSE57065,SIG022,T2,T48,HALLMARK_HYPOXIA,HALLMARK_SECONDARY,SSGSEA_RANK_WALK,26,0.08034188034188033,0.6964265533973151,0.08051541699253649,0.20851441405707477,NO_KNOWN_OVERLAP,INCLUDE_PRIMARY_INDEPENDENT,0.8158139625511405
GSE57065,SIG022,T2,T48,HALLMARK_IL2_STAT5_SIGNALING,HALLMARK_SECONDARY,SSGSEA_RANK_WALK,26,0.3538461538461538,0.07615972259350609,0.36983359809741906,0.20851441405707477,NO_KNOWN_OVERLAP,INCLUDE_PRIMARY_INDEPENDENT,0.3469498473704167
GSE57065,SIG022,T2,T48,HALLMARK_IL6_JAK_STAT3_SIGNALING,HALLMARK_SECONDARY,SSGSEA_RANK_WALK,26,-0.5302564102564101,0.005328572918997371,-0.5905017983247605,0.20851441405707477,NO_KNOWN_OVERLAP,INCLUDE_PRIMARY_INDEPENDENT,0.07282382989296408
GSE57065,SIG022,T2,T48,HALLMARK_INFLAMMATORY_RESPONSE,PRESET_PRIMARY,SSGSEA_RANK_WALK,26,-0.2341880341880342,0.2495257014211049,-0.23861595323892054,0.20851441405707477,NO_KNOWN_OVERLAP,INCLUDE_PRIMARY_INDEPENDENT,0.6470645627751851
GSE57065,SIG022,T2,T48,HALLMARK_INTERFERON_ALPHA_RESPONSE,PRESET_PRIMARY,SSGSEA_RANK_WALK,26,-0.1569230769230769,0.4439364209267148,-0.15823051850091213,0.20851441405707477,NO_KNOWN_OVERLAP,INCLUDE_PRIMARY_INDEPENDENT,0.6470645627751851
GSE57065,SIG022,T2,T48,HALLMARK_INTERFERON_GAMMA_RESPONSE,PRESET_PRIMARY,SSGSEA_RANK_WALK,26,0.022905982905982905,0.9115623858509039,0.022909990302277573,0.20851441405707477,NO_KNOWN_OVERLAP,INCLUDE_PRIMARY_INDEPENDENT,0.9115623858509038
GSE57065,SIG022,T2,T48,HALLMARK_KRAS_SIGNALING_DN,HALLMARK_SECONDARY,SSGSEA_RANK_WALK,26,0.29299145299145296,0.1463362539461072,0.3018355067950415,0.20851441405707477,NO_KNOWN_OVERLAP,INCLUDE_PRIMARY_INDEPENDENT,0.43140161971363217
GSE57065,SIG022,T2,T48,HALLMARK_KRAS_SIGNALING_UP,HALLMARK_SECONDARY,SSGSEA_RANK_WALK,26,-0.1904273504273504,0.35143787088903955,-0.192780562162119,0.20851441405707477,NO_KNOWN_OVERLAP,INCLUDE_PRIMARY_INDEPENDENT,0.5146054538018079
GSE57065,SIG022,T2,T48,HALLMARK_MITOTIC_SPINDLE,HALLMARK_SECONDARY,SSGSEA_RANK_WALK,26,-0.2458119658119658,0.2261116334044102,-0.25095052928320055,0.20851441405707477,NO_KNOWN_OVERLAP,INCLUDE_PRIMARY_INDEPENDENT,0.43140161971363217
GSE57065,SIG022,T2,T48,HALLMARK_MTORC1_SIGNALING,HALLMARK_SECONDARY,SSGSEA_RANK_WALK,26,0.14666666666666667,0.4746359847360758,0.14773210644691795,0.20851441405707477,NO_KNOWN_OVERLAP,INCLUDE_PRIMARY_INDEPENDENT,0.5896992537630033
GSE57065,SIG022,T2,T48,HALLMARK_MYC_TARGETS_V1,HALLMARK_SECONDARY,SSGSEA_RANK_WALK,26,0.26017094017094017,0.19927739928578717,0.26629174913169823,0.20851441405707477,NO_KNOWN_OVERLAP,INCLUDE_PRIMARY_INDEPENDENT,0.43140161971363217
GSE57065,SIG022,T2,T48,HALLMARK_MYC_TARGETS_V2,HALLMARK_SECONDARY,SSGSEA_RANK_WALK,26,0.3278632478632478,0.10202381378095023,0.3404322643520517,0.20851441405707477,NO_KNOWN_OVERLAP,INCLUDE_PRIMARY_INDEPENDENT,0.38027057863808716
GSE57065,SIG022,T2,T48,HALLMARK_MYOGENESIS,HALLMARK_SECONDARY,SSGSEA_RANK_WALK,26,0.21162393162393162,0.2993548919542406,0.21487080544798362,0.20851441405707477,NO_KNOWN_OVERLAP,INCLUDE_PRIMARY_INDEPENDENT,0.46680895814271345
GSE57065,SIG022,T2,T48,HALLMARK_NOTCH_SIGNALING,HALLMARK_SECONDARY,SSGSEA_RANK_WALK,26,-0.2239316239316239,0.2714564734612605,-0.2277914844596488,0.20851441405707477,NO_KNOWN_OVERLAP,INCLUDE_PRIMARY_INDEPENDENT,0.44518861647646724
GSE57065,SIG022,T2,T48,HALLMARK_OXIDATIVE_PHOSPHORYLATION,PRESET_PRIMARY,SSGSEA_RANK_WALK,26,-0.12957264957264958,0.5281267315336438,-0.13030517776175843,0.20851441405707477,NO_KNOWN_OVERLAP,INCLUDE_PRIMARY_INDEPENDENT,0.6470645627751851
GSE57065,SIG022,T2,T48,HALLMARK_P53_PATHWAY,HALLMARK_SECONDARY,SSGSEA_RANK_WALK,26,-0.3388034188034188,0.09043737860013563,-0.3527401638185807,0.20851441405707477,NO_KNOWN_OVERLAP,INCLUDE_PRIMARY_INDEPENDENT,0.3707932522605561
GSE57065,SIG022,T2,T48,HALLMARK_PANCREAS_BETA_CELLS,HALLMARK_SECONDARY,SSGSEA_RANK_WALK,26,0.5822222222222222,0.0018052303667626475,0.6658179742910133,0.20851441405707477,NO_KNOWN_OVERLAP,INCLUDE_PRIMARY_INDEPENDENT,0.037007222518634274
GSE57065,SIG022,T2,T48,HALLMARK_PEROXISOME,HALLMARK_SECONDARY,SSGSEA_RANK_WALK,26,-0.17333333333333334,0.39710702203410353,-0.17510121471655746,0.20851441405707477,NO_KNOWN_OVERLAP,INCLUDE_PRIMARY_INDEPENDENT,0.5252060613999433
GSE57065,SIG022,T2,T48,HALLMARK_PI3K_AKT_MTOR_SIGNALING,HALLMARK_SECONDARY,SSGSEA_RANK_WALK,26,0.2711111111111111,0.18035473761443477,0.27806269149782703,0.20851441405707477,NO_KNOWN_OVERLAP,INCLUDE_PRIMARY_INDEPENDENT,0.43140161971363217
GSE57065,SIG022,T2,T48,HALLMARK_PROTEIN_SECRETION,HALLMARK_SECONDARY,SSGSEA_RANK_WALK,26,-0.4748717948717948,0.014230629387065574,-0.5163419566207421,0.20851441405707477,NO_KNOWN_OVERLAP,INCLUDE_PRIMARY_INDEPENDENT,0.13178775678504365
GSE57065,SIG022,T2,T48,HALLMARK_REACTIVE_OXYGEN_SPECIES_PATHWAY,HALLMARK_SECONDARY,SSGSEA_RANK_WALK,26,-0.033846153846153845,0.8696201004656646,-0.033859087027475435,0.20851441405707477,NO_KNOWN_OVERLAP,INCLUDE_PRIMARY_INDEPENDENT,0.8913606029773062
GSE57065,SIG022,T2,T48,HALLMARK_SPERMATOGENESIS,HALLMARK_SECONDARY,SSGSEA_RANK_WALK,26,0.04478632478632478,0.8280184325778595,0.04481630523475199,0.20851441405707477,NO_KNOWN_OVERLAP,INCLUDE_PRIMARY_INDEPENDENT,0.870480916299801
GSE57065,SIG022,T2,T48,HALLMARK_TGF_BETA_SIGNALING,HALLMARK_SECONDARY,SSGSEA_RANK_WALK,26,-0.16034188034188035,0.4339446891481419,-0.16173757826356927,0.20851441405707477,NO_KNOWN_OVERLAP,INCLUDE_PRIMARY_INDEPENDENT,0.5559916329710568
GSE57065,SIG022,T2,T48,HALLMARK_TNFA_SIGNALING_VIA_NFKB,PRESET_PRIMARY,SSGSEA_RANK_WALK,26,-0.3258119658119658,0.10431396878069848,-0.3381356503200082,0.20851441405707477,NO_KNOWN_OVERLAP,INCLUDE_PRIMARY_INDEPENDENT,0.46941285951314315
GSE57065,SIG022,T2,T48,HALLMARK_UNFOLDED_PROTEIN_RESPONSE,HALLMARK_SECONDARY,SSGSEA_RANK_WALK,26,0.2547008547008547,0.20923008767241574,0.2604333926327406,0.20851441405707477,NO_KNOWN_OVERLAP,INCLUDE_PRIMARY_INDEPENDENT,0.43140161971363217
GSE57065,SIG022,T2,T48,HALLMARK_UV_RESPONSE_DN,HALLMARK_SECONDARY,SSGSEA_RANK_WALK,26,-0.3613675213675213,0.06970029564594206,-0.3784579329176768,0.20851441405707477,NO_KNOWN_OVERLAP,INCLUDE_PRIMARY_INDEPENDENT,0.3469498473704167
GSE57065,SIG022,T2,T48,HALLMARK_UV_RESPONSE_UP,HALLMARK_SECONDARY,SSGSEA_RANK_WALK,26,0.28478632478632476,0.15850693426664988,0.2928831773942985,0.20851441405707477,NO_KNOWN_OVERLAP,INCLUDE_PRIMARY_INDEPENDENT,0.43140161971363217
GSE57065,SIG022,T2,T48,HALLMARK_WNT_BETA_CATENIN_SIGNALING,HALLMARK_SECONDARY,SSGSEA_RANK_WALK,26,0.26700854700854704,0.18729835397864406,0.27363994232730626,0.20851441405707477,NO_KNOWN_OVERLAP,INCLUDE_PRIMARY_INDEPENDENT,0.43140161971363217
GSE57065,SIG022,T2,T48,HALLMARK_XENOBIOTIC_METABOLISM,HALLMARK_SECONDARY,SSGSEA_RANK_WALK,26,-0.23487179487179485,0.24810613571794266,-0.23933951283250274,0.20851441405707477,NO_KNOWN_OVERLAP,INCLUDE_PRIMARY_INDEPENDENT,0.442276154975463
GSE57065,SIG022,T2,T48,Neutrophil degranulation,REACTOME_SUPPLEMENT,SSGSEA_RANK_WALK,26,-0.5104273504273503,0.007715317854425542,-0.5633075182297356,0.20851441405707477,NO_KNOWN_OVERLAP,INCLUDE_PRIMARY_INDEPENDENT,0.015430635708851084
GSE57065,SIG022,T2,T48,TCR signaling,REACTOME_SUPPLEMENT,SSGSEA_RANK_WALK,26,0.17333333333333334,0.39710702203410353,0.17510121471655746,0.20851441405707477,NO_KNOWN_OVERLAP,INCLUDE_PRIMARY_INDEPENDENT,0.39710702203410353
GSE57065,SIG023,T1,T24,HALLMARK_ADIPOGENESIS,HALLMARK_SECONDARY,SSGSEA_RANK_WALK,28,-0.18773946360153257,0.3387314586184603,-0.18999301140358973,0.2,NO_KNOWN_OVERLAP,INCLUDE_PRIMARY_INDEPENDENT,0.5786662418065364
GSE57065,SIG023,T1,T24,HALLMARK_ALLOGRAFT_REJECTION,PRESET_PRIMARY,SSGSEA_RANK_WALK,28,-0.18171866447728516,0.35472535941619376,-0.18375947234501025,0.2,NO_KNOWN_OVERLAP,INCLUDE_PRIMARY_INDEPENDENT,0.399066029343218
GSE57065,SIG023,T1,T24,HALLMARK_ANDROGEN_RESPONSE,HALLMARK_SECONDARY,SSGSEA_RANK_WALK,28,-0.31746031746031744,0.0997320820225945,-0.3288202460515177,0.2,NO_KNOWN_OVERLAP,INCLUDE_PRIMARY_INDEPENDENT,0.3492545185161671
GSE57065,SIG023,T1,T24,HALLMARK_ANGIOGENESIS,HALLMARK_SECONDARY,SSGSEA_RANK_WALK,28,-0.4192665571975917,0.026360078395865554,-0.4468018234623407,0.2,NO_KNOWN_OVERLAP,INCLUDE_PRIMARY_INDEPENDENT,0.1916826080923688
GSE57065,SIG023,T1,T24,HALLMARK_APICAL_JUNCTION,HALLMARK_SECONDARY,SSGSEA_RANK_WALK,28,0.08155446086480568,0.6799297727015543,0.08173599564033081,0.2,NO_KNOWN_OVERLAP,INCLUDE_PRIMARY_INDEPENDENT,0.8199153141401097
GSE57065,SIG023,T1,T24,HALLMARK_APICAL_SURFACE,HALLMARK_SECONDARY,SSGSEA_RANK_WALK,28,0.18171866447728516,0.35472535941619376,0.18375947234501025,0.2,NO_KNOWN_OVERLAP,INCLUDE_PRIMARY_INDEPENDENT,0.5817495894425577
GSE57065,SIG023,T1,T24,HALLMARK_APOPTOSIS,PRESET_PRIMARY,SSGSEA_RANK_WALK,28,-0.5177887246852765,0.004770105434450919,-0.5733137098397993,0.2,NO_KNOWN_OVERLAP,INCLUDE_PRIMARY_INDEPENDENT,0.010732737227514567
GSE57065,SIG023,T1,T24,HALLMARK_BILE_ACID_METABOLISM,HALLMARK_SECONDARY,SSGSEA_RANK_WALK,28,-0.030103995621236997,0.8791341715501779,-0.03011309449014934,0.2,NO_KNOWN_OVERLAP,INCLUDE_PRIMARY_INDEPENDENT,0.9031813149903167
GSE57065,SIG023,T1,T24,HALLMARK_CHOLESTEROL_HOMEOSTASIS,HALLMARK_SECONDARY,SSGSEA_RANK_WALK,28,0.025725232621784347,0.8966138146095978,0.025730909756118334,0.2,NO_KNOWN_OVERLAP,INCLUDE_PRIMARY_INDEPENDENT,0.9031813149903167
GSE57065,SIG023,T1,T24,HALLMARK_COAGULATION,PRESET_PRIMARY,SSGSEA_RANK_WALK,28,-0.025725232621784347,0.8966138146095978,-0.025730909756118334,0.2,NO_KNOWN_OVERLAP,INCLUDE_PRIMARY_INDEPENDENT,0.8966138146095977
GSE57065,SIG023,T1,T24,HALLMARK_COMPLEMENT,PRESET_PRIMARY,SSGSEA_RANK_WALK,28,-0.31198686371100165,0.10604073503102684,-0.3227450129220685,0.2,NO_KNOWN_OVERLAP,INCLUDE_PRIMARY_INDEPENDENT,0.15906110254654027
GSE57065,SIG023,T1,T24,HALLMARK_DNA_REPAIR,HALLMARK_SECONDARY,SSGSEA_RANK_WALK,28,-0.2638204707170224,0.1749285291614673,-0.27021025865927795,0.2,NO_KNOWN_OVERLAP,INCLUDE_PRIMARY_INDEPENDENT,0.42188645268353886
GSE57065,SIG023,T1,T24,HALLMARK_E2F_TARGETS,HALLMARK_SECONDARY,SSGSEA_RANK_WALK,28,-0.20525451559934318,0.2947330918676428,-0.20821206094894193,0.2,NO_KNOWN_OVERLAP,INCLUDE_PRIMARY_INDEPENDENT,0.5786662418065364
GSE57065,SIG023,T1,T24,HALLMARK_EPITHELIAL_MESENCHYMAL_TRANSITION,HALLMARK_SECONDARY,SSGSEA_RANK_WALK,28,-0.2889983579638752,0.13581652278700318,-0.29747299488995926,0.2,NO_KNOWN_OVERLAP,INCLUDE_PRIMARY_INDEPENDENT,0.4090987312522512
GSE57065,SIG023,T1,T24,HALLMARK_ESTROGEN_RESPONSE_EARLY,HALLMARK_SECONDARY,SSGSEA_RANK_WALK,28,-0.23152709359605914,0.23583493027967056,-0.2358024553063547,0.2,NO_KNOWN_OVERLAP,INCLUDE_PRIMARY_INDEPENDENT,0.5371795634148051
GSE57065,SIG023,T1,T24,HALLMARK_ESTROGEN_RESPONSE_LATE,HALLMARK_SECONDARY,SSGSEA_RANK_WALK,28,-0.20087575259989054,0.305378111024327,-0.2036449630663967,0.2,NO_KNOWN_OVERLAP,INCLUDE_PRIMARY_INDEPENDENT,0.5786662418065364
GSE57065,SIG023,T1,T24,HALLMARK_FATTY_ACID_METABOLISM,HALLMARK_SECONDARY,SSGSEA_RANK_WALK,28,-0.4373289545703339,0.01995426232508296,-0.4689233044238155,0.2,NO_KNOWN_OVERLAP,INCLUDE_PRIMARY_INDEPENDENT,0.1916826080923688
GSE57065,SIG023,T1,T24,HALLMARK_G2M_CHECKPOINT,HALLMARK_SECONDARY,SSGSEA_RANK_WALK,28,-0.15818281335522713,0.42142959835032734,-0.15952232145630033,0.2,NO_KNOWN_OVERLAP,INCLUDE_PRIMARY_INDEPENDENT,0.5958142597366698
GSE57065,SIG023,T1,T24,HALLMARK_GLYCOLYSIS,HALLMARK_SECONDARY,SSGSEA_RANK_WALK,28,-0.12041598248494799,0.541624333037944,-0.12100310996188846,0.2,NO_KNOWN_OVERLAP,INCLUDE_PRIMARY_INDEPENDENT,0.6939561767048658
GSE57065,SIG023,T1,T24,HALLMARK_HEDGEHOG_SIGNALING,HALLMARK_SECONDARY,SSGSEA_RANK_WALK,28,0.2731253420908593,0.15964828536673217,0.2802380015211153,0.2,NO_KNOWN_OVERLAP,INCLUDE_PRIMARY_INDEPENDENT,0.4090987312522512
GSE57065,SIG023,T1,T24,HALLMARK_HEME_METABOLISM,HALLMARK_SECONDARY,SSGSEA_RANK_WALK,28,-0.39518336070060206,0.03740148450582806,-0.41792789521213114,0.2,NO_KNOWN_OVERLAP,INCLUDE_PRIMARY_INDEPENDENT,0.1916826080923688
GSE57065,SIG023,T1,T24,HALLMARK_HYPOXIA,HALLMARK_SECONDARY,SSGSEA_RANK_WALK,28,-0.050355774493705534,0.7991320319423116,-0.05039840181337018,0.2,NO_KNOWN_OVERLAP,INCLUDE_PRIMARY_INDEPENDENT,0.9031813149903167
GSE57065,SIG023,T1,T24,HALLMARK_IL2_STAT5_SIGNALING,HALLMARK_SECONDARY,SSGSEA_RANK_WALK,28,-0.3223864258347017,0.09429892378829806,-0.33430805290508203,0.2,NO_KNOWN_OVERLAP,INCLUDE_PRIMARY_INDEPENDENT,0.3492545185161671
GSE57065,SIG023,T1,T24,HALLMARK_IL6_JAK_STAT3_SIGNALING,HALLMARK_SECONDARY,SSGSEA_RANK_WALK,28,-0.027914614121510674,0.8878675784408949,-0.02792186810804642,0.2,NO_KNOWN_OVERLAP,INCLUDE_PRIMARY_INDEPENDENT,0.9031813149903167
GSE57065,SIG023,T1,T24,HALLMARK_INFLAMMATORY_RESPONSE,PRESET_PRIMARY,SSGSEA_RANK_WALK,28,-0.552271483305966,0.0023098363443268045,-0.6216437755246355,0.2,NO_KNOWN_OVERLAP,INCLUDE_PRIMARY_INDEPENDENT,0.006929509032980414
GSE57065,SIG023,T1,T24,HALLMARK_INTERFERON_ALPHA_RESPONSE,PRESET_PRIMARY,SSGSEA_RANK_WALK,28,-0.6299945265462507,0.00032727868136785723,-0.7414070686004951,0.2,NO_KNOWN_OVERLAP,INCLUDE_PRIMARY_INDEPENDENT,0.0014727540661553576
GSE57065,SIG023,T1,T24,HALLMARK_INTERFERON_GAMMA_RESPONSE,PRESET_PRIMARY,SSGSEA_RANK_WALK,28,-0.6699507389162561,9.627056925674169e-05,-0.810653743994742,0.2,NO_KNOWN_OVERLAP,INCLUDE_PRIMARY_INDEPENDENT,0.0008664351233106752
GSE57065,SIG023,T1,T24,HALLMARK_KRAS_SIGNALING_DN,HALLMARK_SECONDARY,SSGSEA_RANK_WALK,28,0.0240831964969896,0.9031813149903167,0.024087854205474605,0.2,NO_KNOWN_OVERLAP,INCLUDE_PRIMARY_INDEPENDENT,0.9031813149903167
GSE57065,SIG023,T1,T24,HALLMARK_KRAS_SIGNALING_UP,HALLMARK_SECONDARY,SSGSEA_RANK_WALK,28,-0.552271483305966,0.0023098363443268045,-0.6216437755246355,0.2,NO_KNOWN_OVERLAP,INCLUDE_PRIMARY_INDEPENDENT,0.09470329011739899
GSE57065,SIG023,T1,T24,HALLMARK_MITOTIC_SPINDLE,HALLMARK_SECONDARY,SSGSEA_RANK_WALK,28,-0.19704433497536944,0.3148867290910068,-0.19965562126689304,0.2,NO_KNOWN_OVERLAP,INCLUDE_PRIMARY_INDEPENDENT,0.5786662418065364
GSE57065,SIG023,T1,T24,HALLMARK_MTORC1_SIGNALING,HALLMARK_SECONDARY,SSGSEA_RANK_WALK,28,-0.350848385331144,0.06716651496367786,-0.3664109027338039,0.2,NO_KNOWN_OVERLAP,INCLUDE_PRIMARY_INDEPENDENT,0.305980790390088
GSE57065,SIG023,T1,T24,HALLMARK_MYC_TARGETS_V1,HALLMARK_SECONDARY,SSGSEA_RANK_WALK,28,-0.31527093596059114,0.10222083468765868,-0.3263873626347789,0.2,NO_KNOWN_OVERLAP,INCLUDE_PRIMARY_INDEPENDENT,0.3492545185161671
GSE57065,SIG023,T1,T24,HALLMARK_MYC_TARGETS_V2,HALLMARK_SECONDARY,SSGSEA_RANK_WALK,28,-0.2824302134646962,0.14534253756814086,-0.2903209773720479,0.2,NO_KNOWN_OVERLAP,INCLUDE_PRIMARY_INDEPENDENT,0.4090987312522512
GSE57065,SIG023,T1,T24,HALLMARK_MYOGENESIS,HALLMARK_SECONDARY,SSGSEA_RANK_WALK,28,0.13355227148330595,0.4980776464536456,0.134354900757286,0.2,NO_KNOWN_OVERLAP,INCLUDE_PRIMARY_INDEPENDENT,0.6587478549870797
GSE57065,SIG023,T1,T24,HALLMARK_NOTCH_SIGNALING,HALLMARK_SECONDARY,SSGSEA_RANK_WALK,28,0.0996168582375479,0.6140170317147633,0.09994835080773108,0.2,NO_KNOWN_OVERLAP,INCLUDE_PRIMARY_INDEPENDENT,0.7628696454637968
GSE57065,SIG023,T1,T24,HALLMARK_OXIDATIVE_PHOSPHORYLATION,PRESET_PRIMARY,SSGSEA_RANK_WALK,28,-0.2654625068418172,0.17216009642461616,-0.27197595613032055,0.2,NO_KNOWN_OVERLAP,INCLUDE_PRIMARY_INDEPENDENT,0.22134869540307792
GSE57065,SIG023,T1,T24,HALLMARK_P53_PATHWAY,HALLMARK_SECONDARY,SSGSEA_RANK_WALK,28,-0.062397372742200335,0.7524352494057918,-0.06247854242244519,0.2,NO_KNOWN_OVERLAP,INCLUDE_PRIMARY_INDEPENDENT,0.8814241493039275
GSE57065,SIG023,T1,T24,HALLMARK_PANCREAS_BETA_CELLS,HALLMARK_SECONDARY,SSGSEA_RANK_WALK,28,0.4373289545703339,0.01995426232508296,0.4689233044238155,0.2,NO_KNOWN_OVERLAP,INCLUDE_PRIMARY_INDEPENDENT,0.1916826080923688
GSE57065,SIG023,T1,T24,HALLMARK_PEROXISOME,HALLMARK_SECONDARY,SSGSEA_RANK_WALK,28,-0.14395183360700603,0.46489368946775367,-0.14495871192680015,0.2,NO_KNOWN_OVERLAP,INCLUDE_PRIMARY_INDEPENDENT,0.6353547089392634
GSE57065,SIG023,T1,T24,HALLMARK_PI3K_AKT_MTOR_SIGNALING,HALLMARK_SECONDARY,SSGSEA_RANK_WALK,28,-0.17296113847837985,0.37877402712544816,-0.1747175166004187,0.2,NO_KNOWN_OVERLAP,INCLUDE_PRIMARY_INDEPENDENT,0.5958142597366698
GSE57065,SIG023,T1,T24,HALLMARK_PROTEIN_SECRETION,HALLMARK_SECONDARY,SSGSEA_RANK_WALK,28,-0.16694033935413247,0.39584104757179217,-0.168517623432052,0.2,NO_KNOWN_OVERLAP,INCLUDE_PRIMARY_INDEPENDENT,0.5958142597366698
GSE57065,SIG023,T1,T24,HALLMARK_REACTIVE_OXYGEN_SPECIES_PATHWAY,HALLMARK_SECONDARY,SSGSEA_RANK_WALK,28,-0.03284072249589491,0.868236957154471,-0.03285253652442691,0.2,NO_KNOWN_OVERLAP,INCLUDE_PRIMARY_INDEPENDENT,0.9031813149903167
GSE57065,SIG023,T1,T24,HALLMARK_SPERMATOGENESIS,HALLMARK_SECONDARY,SSGSEA_RANK_WALK,28,-0.21237000547345375,0.27794050565664613,-0.2156519877959341,0.2,NO_KNOWN_OVERLAP,INCLUDE_PRIMARY_INDEPENDENT,0.5786662418065364
GSE57065,SIG023,T1,T24,HALLMARK_TGF_BETA_SIGNALING,HALLMARK_SECONDARY,SSGSEA_RANK_WALK,28,-0.3962780514504652,0.036830096504715595,-0.41922584944415436,0.2,NO_KNOWN_OVERLAP,INCLUDE_PRIMARY_INDEPENDENT,0.1916826080923688
GSE57065,SIG023,T1,T24,HALLMARK_TNFA_SIGNALING_VIA_NFKB,PRESET_PRIMARY,SSGSEA_RANK_WALK,28,-0.4521072796934866,0.015718230464180298,-0.48734578741125956,0.2,NO_KNOWN_OVERLAP,INCLUDE_PRIMARY_INDEPENDENT,0.028292814835524538
GSE57065,SIG023,T1,T24,HALLMARK_UNFOLDED_PROTEIN_RESPONSE,HALLMARK_SECONDARY,SSGSEA_RANK_WALK,28,-0.2753147235905857,0.15619551306985324,-0.2826054050313964,0.2,NO_KNOWN_OVERLAP,INCLUDE_PRIMARY_INDEPENDENT,0.4090987312522512
GSE57065,SIG023,T1,T24,HALLMARK_UV_RESPONSE_DN,HALLMARK_SECONDARY,SSGSEA_RANK_WALK,28,-0.19157088122605362,0.3287842391242004,-0.19396738935158378,0.2,NO_KNOWN_OVERLAP,INCLUDE_PRIMARY_INDEPENDENT,0.5786662418065364
GSE57065,SIG023,T1,T24,HALLMARK_UV_RESPONSE_UP,HALLMARK_SECONDARY,SSGSEA_RANK_WALK,28,-0.3973727422003284,0.036265722159798154,-0.4205251402594019,0.2,NO_KNOWN_OVERLAP,INCLUDE_PRIMARY_INDEPENDENT,0.1916826080923688
GSE57065,SIG023,T1,T24,HALLMARK_WNT_BETA_CATENIN_SIGNALING,HALLMARK_SECONDARY,SSGSEA_RANK_WALK,28,0.47837985769020247,0.010023376837100117,0.5208812250692068,0.2,NO_KNOWN_OVERLAP,INCLUDE_PRIMARY_INDEPENDENT,0.1916826080923688
GSE57065,SIG023,T1,T24,HALLMARK_XENOBIOTIC_METABOLISM,HALLMARK_SECONDARY,SSGSEA_RANK_WALK,28,-0.16146688560481665,0.4117287564905354,-0.16289248443669593,0.2,NO_KNOWN_OVERLAP,INCLUDE_PRIMARY_INDEPENDENT,0.5958142597366698
GSE57065,SIG023,T1,T24,Neutrophil degranulation,REACTOME_SUPPLEMENT,SSGSEA_RANK_WALK,28,-0.062397372742200335,0.7524352494057918,-0.06247854242244519,0.2,NO_KNOWN_OVERLAP,INCLUDE_PRIMARY_INDEPENDENT,0.9713338933815487
GSE57065,SIG023,T1,T24,TCR signaling,REACTOME_SUPPLEMENT,SSGSEA_RANK_WALK,28,-0.0071154898741105635,0.9713338933815487,-0.0071156099639746945,0.2,NO_KNOWN_OVERLAP,INCLUDE_PRIMARY_INDEPENDENT,0.9713338933815487
GSE57065,SIG023,T2,T48,HALLMARK_ADIPOGENESIS,HALLMARK_SECONDARY,SSGSEA_RANK_WALK,26,0.20068376068376068,0.32560137802268607,0.20344490636149679,0.20851441405707477,NO_KNOWN_OVERLAP,INCLUDE_PRIMARY_INDEPENDENT,0.9801643425516876
GSE57065,SIG023,T2,T48,HALLMARK_ALLOGRAFT_REJECTION,PRESET_PRIMARY,SSGSEA_RANK_WALK,26,0.21025641025641023,0.30256127926185417,0.2134396013059904,0.20851441405707477,NO_KNOWN_OVERLAP,INCLUDE_PRIMARY_INDEPENDENT,0.4538419188927813
GSE57065,SIG023,T2,T48,HALLMARK_ANDROGEN_RESPONSE,HALLMARK_SECONDARY,SSGSEA_RANK_WALK,26,0.07487179487179485,0.7162257338889683,0.07501217240918188,0.20851441405707477,NO_KNOWN_OVERLAP,INCLUDE_PRIMARY_INDEPENDENT,0.9801643425516876
GSE57065,SIG023,T2,T48,HALLMARK_ANGIOGENESIS,HALLMARK_SECONDARY,SSGSEA_RANK_WALK,26,-0.26700854700854704,0.18729835397864406,-0.27363994232730626,0.20851441405707477,NO_KNOWN_OVERLAP,INCLUDE_PRIMARY_INDEPENDENT,0.9801643425516876
GSE57065,SIG023,T2,T48,HALLMARK_APICAL_JUNCTION,HALLMARK_SECONDARY,SSGSEA_RANK_WALK,26,-0.11316239316239315,0.582036773695964,-0.11364918112302085,0.20851441405707477,NO_KNOWN_OVERLAP,INCLUDE_PRIMARY_INDEPENDENT,0.9801643425516876
GSE57065,SIG023,T2,T48,HALLMARK_APICAL_SURFACE,HALLMARK_SECONDARY,SSGSEA_RANK_WALK,26,0.09059829059829058,0.6598286655146643,0.09084739700157274,0.20851441405707477,NO_KNOWN_OVERLAP,INCLUDE_PRIMARY_INDEPENDENT,0.9801643425516876
GSE57065,SIG023,T2,T48,HALLMARK_APOPTOSIS,PRESET_PRIMARY,SSGSEA_RANK_WALK,26,-0.3121367521367521,0.12056796044738737,-0.3229110726740077,0.20851441405707477,NO_KNOWN_OVERLAP,INCLUDE_PRIMARY_INDEPENDENT,0.21702232880529726
GSE57065,SIG023,T2,T48,HALLMARK_BILE_ACID_METABOLISM,HALLMARK_SECONDARY,SSGSEA_RANK_WALK,26,0.1829059829059829,0.371134135753436,0.1849876115631068,0.20851441405707477,NO_KNOWN_OVERLAP,INCLUDE_PRIMARY_INDEPENDENT,0.9801643425516876
GSE57065,SIG023,T2,T48,HALLMARK_CHOLESTEROL_HOMEOSTASIS,HALLMARK_SECONDARY,SSGSEA_RANK_WALK,26,0.011282051282051281,0.9563777062903426,0.0112825299960449,0.20851441405707477,NO_KNOWN_OVERLAP,INCLUDE_PRIMARY_INDEPENDENT,0.9801643425516876
GSE57065,SIG023,T2,T48,HALLMARK_COAGULATION,PRESET_PRIMARY,SSGSEA_RANK_WALK,26,0.10222222222222223,0.6192572431441283,0.10258052438188871,0.20851441405707477,NO_KNOWN_OVERLAP,INCLUDE_PRIMARY_INDEPENDENT,0.7961878840424507
GSE57065,SIG023,T2,T48,HALLMARK_COMPLEMENT,PRESET_PRIMARY,SSGSEA_RANK_WALK,26,0.06940170940170941,0.7362051227661002,0.06951345922689517,0.20851441405707477,NO_KNOWN_OVERLAP,INCLUDE_PRIMARY_INDEPENDENT,0.8282307631118627
GSE57065,SIG023,T2,T48,HALLMARK_DNA_REPAIR,HALLMARK_SECONDARY,SSGSEA_RANK_WALK,26,0.08102564102564101,0.6939649041048016,0.08120365806318858,0.20851441405707477,NO_KNOWN_OVERLAP,INCLUDE_PRIMARY_INDEPENDENT,0.9801643425516876
GSE57065,SIG023,T2,T48,HALLMARK_E2F_TARGETS,HALLMARK_SECONDARY,SSGSEA_RANK_WALK,26,0.030427350427350425,0.8826955404852086,0.030436745767211327,0.20851441405707477,NO_KNOWN_OVERLAP,INCLUDE_PRIMARY_INDEPENDENT,0.9801643425516876
GSE57065,SIG023,T2,T48,HALLMARK_EPITHELIAL_MESENCHYMAL_TRANSITION,HALLMARK_SECONDARY,SSGSEA_RANK_WALK,26,-0.16376068376068376,0.42407587202568464,-0.16524858672307355,0.20851441405707477,NO_KNOWN_OVERLAP,INCLUDE_PRIMARY_INDEPENDENT,0.9801643425516876
GSE57065,SIG023,T2,T48,HALLMARK_ESTROGEN_RESPONSE_EARLY,HALLMARK_SECONDARY,SSGSEA_RANK_WALK,26,0.22324786324786322,0.27296108792660434,0.2270717421138112,0.20851441405707477,NO_KNOWN_OVERLAP,INCLUDE_PRIMARY_INDEPENDENT,0.9801643425516876
GSE57065,SIG023,T2,T48,HALLMARK_ESTROGEN_RESPONSE_LATE,HALLMARK_SECONDARY,SSGSEA_RANK_WALK,26,-0.04205128205128204,0.8383810584311926,-0.04207609495479228,0.20851441405707477,NO_KNOWN_OVERLAP,INCLUDE_PRIMARY_INDEPENDENT,0.9801643425516876
GSE57065,SIG023,T2,T48,HALLMARK_FATTY_ACID_METABOLISM,HALLMARK_SECONDARY,SSGSEA_RANK_WALK,26,-0.08102564102564101,0.6939649041048016,-0.08120365806318858,0.20851441405707477,NO_KNOWN_OVERLAP,INCLUDE_PRIMARY_INDEPENDENT,0.9801643425516876
GSE57065,SIG023,T2,T48,HALLMARK_G2M_CHECKPOINT,HALLMARK_SECONDARY,SSGSEA_RANK_WALK,26,0.035897435897435895,0.8617906014768556,0.03591286728562777,0.20851441405707477,NO_KNOWN_OVERLAP,INCLUDE_PRIMARY_INDEPENDENT,0.9801643425516876
GSE57065,SIG023,T2,T48,HALLMARK_GLYCOLYSIS,HALLMARK_SECONDARY,SSGSEA_RANK_WALK,26,0.107008547008547,0.6028533872873907,0.10741982192062938,0.20851441405707477,NO_KNOWN_OVERLAP,INCLUDE_PRIMARY_INDEPENDENT,0.9801643425516876
GSE57065,SIG023,T2,T48,HALLMARK_HEDGEHOG_SIGNALING,HALLMARK_SECONDARY,SSGSEA_RANK_WALK,26,-0.0605128205128205,0.7690253590768366,-0.06058684519712207,0.20851441405707477,NO_KNOWN_OVERLAP,INCLUDE_PRIMARY_INDEPENDENT,0.9801643425516876
GSE57065,SIG023,T2,T48,HALLMARK_HEME_METABOLISM,HALLMARK_SECONDARY,SSGSEA_RANK_WALK,26,0.027692307692307693,0.8931776409313733,0.02769938969489415,0.20851441405707477,NO_KNOWN_OVERLAP,INCLUDE_PRIMARY_INDEPENDENT,0.9801643425516876
GSE57065,SIG023,T2,T48,HALLMARK_HYPOXIA,HALLMARK_SECONDARY,SSGSEA_RANK_WALK,26,0.3374358974358974,0.0918288596822146,0.3511961193519982,0.20851441405707477,NO_KNOWN_OVERLAP,INCLUDE_PRIMARY_INDEPENDENT,0.9801643425516876
GSE57065,SIG023,T2,T48,HALLMARK_IL2_STAT5_SIGNALING,HALLMARK_SECONDARY,SSGSEA_RANK_WALK,26,-0.17675213675213672,0.3877155926568773,-0.1786280851713865,0.20851441405707477,NO_KNOWN_OVERLAP,INCLUDE_PRIMARY_INDEPENDENT,0.9801643425516876
GSE57065,SIG023,T2,T48,HALLMARK_IL6_JAK_STAT3_SIGNALING,HALLMARK_SECONDARY,SSGSEA_RANK_WALK,26,-0.16376068376068376,0.42407587202568464,-0.16524858672307355,0.20851441405707477,NO_KNOWN_OVERLAP,INCLUDE_PRIMARY_INDEPENDENT,0.9801643425516876
GSE57065,SIG023,T2,T48,HALLMARK_INFLAMMATORY_RESPONSE,PRESET_PRIMARY,SSGSEA_RANK_WALK,26,-0.3511111111111111,0.07861852220819185,-0.36671053984894264,0.20851441405707477,NO_KNOWN_OVERLAP,INCLUDE_PRIMARY_INDEPENDENT,0.21702232880529726
GSE57065,SIG023,T2,T48,HALLMARK_INTERFERON_ALPHA_RESPONSE,PRESET_PRIMARY,SSGSEA_RANK_WALK,26,-0.6252991452991452,0.0006360744047572746,-0.7336595902060891,0.20851441405707477,NO_KNOWN_OVERLAP,INCLUDE_PRIMARY_INDEPENDENT,0.002862334821407736
GSE57065,SIG023,T2,T48,HALLMARK_INTERFERON_GAMMA_RESPONSE,PRESET_PRIMARY,SSGSEA_RANK_WALK,26,-0.6765811965811965,0.0001476483147137068,-0.8227819542820844,0.20851441405707477,NO_KNOWN_OVERLAP,INCLUDE_PRIMARY_INDEPENDENT,0.001328834832423361
GSE57065,SIG023,T2,T48,HALLMARK_KRAS_SIGNALING_DN,HALLMARK_SECONDARY,SSGSEA_RANK_WALK,26,-0.23623931623931624,0.24528289688377605,-0.24078737094146058,0.20851441405707477,NO_KNOWN_OVERLAP,INCLUDE_PRIMARY_INDEPENDENT,0.9801643425516876
GSE57065,SIG023,T2,T48,HALLMARK_KRAS_SIGNALING_UP,HALLMARK_SECONDARY,SSGSEA_RANK_WALK,26,-0.4864957264957265,0.011729922367338315,-0.53145920795851,0.20851441405707477,NO_KNOWN_OVERLAP,INCLUDE_PRIMARY_INDEPENDENT,0.48092681706087087
GSE57065,SIG023,T2,T48,HALLMARK_MITOTIC_SPINDLE,HALLMARK_SECONDARY,SSGSEA_RANK_WALK,26,-0.008547008547008546,0.9669462370616666,-0.008547216679650055,0.20851441405707477,NO_KNOWN_OVERLAP,INCLUDE_PRIMARY_INDEPENDENT,0.9801643425516876
GSE57065,SIG023,T2,T48,HALLMARK_MTORC1_SIGNALING,HALLMARK_SECONDARY,SSGSEA_RANK_WALK,26,-0.005128205128205127,0.9801643425516876,-0.005128250083594548,0.20851441405707477,NO_KNOWN_OVERLAP,INCLUDE_PRIMARY_INDEPENDENT,0.9801643425516876
GSE57065,SIG023,T2,T48,HALLMARK_MYC_TARGETS_V1,HALLMARK_SECONDARY,SSGSEA_RANK_WALK,26,-0.018803418803418803,0.9273564412292927,-0.01880563537289167,0.20851441405707477,NO_KNOWN_OVERLAP,INCLUDE_PRIMARY_INDEPENDENT,0.9801643425516876
GSE57065,SIG023,T2,T48,HALLMARK_MYC_TARGETS_V2,HALLMARK_SECONDARY,SSGSEA_RANK_WALK,26,0.02222222222222222,0.9141926183026543,0.022225881285416915,0.20851441405707477,NO_KNOWN_OVERLAP,INCLUDE_PRIMARY_INDEPENDENT,0.9801643425516876
GSE57065,SIG023,T2,T48,HALLMARK_MYOGENESIS,HALLMARK_SECONDARY,SSGSEA_RANK_WALK,26,-0.06598290598290597,0.7487785064324752,-0.06607891446352057,0.20851441405707477,NO_KNOWN_OVERLAP,INCLUDE_PRIMARY_INDEPENDENT,0.9801643425516876
GSE57065,SIG023,T2,T48,HALLMARK_NOTCH_SIGNALING,HALLMARK_SECONDARY,SSGSEA_RANK_WALK,26,0.07487179487179485,0.7162257338889683,0.07501217240918188,0.20851441405707477,NO_KNOWN_OVERLAP,INCLUDE_PRIMARY_INDEPENDENT,0.9801643425516876
GSE57065,SIG023,T2,T48,HALLMARK_OXIDATIVE_PHOSPHORYLATION,PRESET_PRIMARY,SSGSEA_RANK_WALK,26,0.037948717948717944,0.8539737921729722,0.03796695042059309,0.20851441405707477,NO_KNOWN_OVERLAP,INCLUDE_PRIMARY_INDEPENDENT,0.8539737921729722
GSE57065,SIG023,T2,T48,HALLMARK_P53_PATHWAY,HALLMARK_SECONDARY,SSGSEA_RANK_WALK,26,0.27999999999999997,0.1659288821288708,0.2876820724517809,0.20851441405707477,NO_KNOWN_OVERLAP,INCLUDE_PRIMARY_INDEPENDENT,0.9801643425516876
GSE57065,SIG023,T2,T48,HALLMARK_PANCREAS_BETA_CELLS,HALLMARK_SECONDARY,SSGSEA_RANK_WALK,26,0.37025641025641026,0.06261847425231806,0.3887202129747243,0.20851441405707477,NO_KNOWN_OVERLAP,INCLUDE_PRIMARY_INDEPENDENT,0.9801643425516876
GSE57065,SIG023,T2,T48,HALLMARK_PEROXISOME,HALLMARK_SECONDARY,SSGSEA_RANK_WALK,26,-0.09538461538461539,0.6430008687613966,-0.09567548175667442,0.20851441405707477,NO_KNOWN_OVERLAP,INCLUDE_PRIMARY_INDEPENDENT,0.9801643425516876
GSE57065,SIG023,T2,T48,HALLMARK_PI3K_AKT_MTOR_SIGNALING,HALLMARK_SECONDARY,SSGSEA_RANK_WALK,26,-0.031794871794871796,0.8774615811644544,-0.03180559225709192,0.20851441405707477,NO_KNOWN_OVERLAP,INCLUDE_PRIMARY_INDEPENDENT,0.9801643425516876
GSE57065,SIG023,T2,T48,HALLMARK_PROTEIN_SECRETION,HALLMARK_SECONDARY,SSGSEA_RANK_WALK,26,-0.17059829059829057,0.4047117087826133,-0.17228282387881863,0.20851441405707477,NO_KNOWN_OVERLAP,INCLUDE_PRIMARY_INDEPENDENT,0.9801643425516876
GSE57065,SIG023,T2,T48,HALLMARK_REACTIVE_OXYGEN_SPECIES_PATHWAY,HALLMARK_SECONDARY,SSGSEA_RANK_WALK,26,0.31145299145299143,0.12142667656933931,0.32215368136241057,0.20851441405707477,NO_KNOWN_OVERLAP,INCLUDE_PRIMARY_INDEPENDENT,0.9801643425516876
GSE57065,SIG023,T2,T48,HALLMARK_SPERMATOGENESIS,HALLMARK_SECONDARY,SSGSEA_RANK_WALK,26,0.037264957264957266,0.8565779417361833,0.03728222131527227,0.20851441405707477,NO_KNOWN_OVERLAP,INCLUDE_PRIMARY_INDEPENDENT,0.9801643425516876
GSE57065,SIG023,T2,T48,HALLMARK_TGF_BETA_SIGNALING,HALLMARK_SECONDARY,SSGSEA_RANK_WALK,26,-0.15008547008547007,0.46428345473964194,-0.15122787451109113,0.20851441405707477,NO_KNOWN_OVERLAP,INCLUDE_PRIMARY_INDEPENDENT,0.9801643425516876
GSE57065,SIG023,T2,T48,HALLMARK_TNFA_SIGNALING_VIA_NFKB,PRESET_PRIMARY,SSGSEA_RANK_WALK,26,-0.33196581196581193,0.09755612861441441,-0.3450359160798488,0.20851441405707477,NO_KNOWN_OVERLAP,INCLUDE_PRIMARY_INDEPENDENT,0.21702232880529726
GSE57065,SIG023,T2,T48,HALLMARK_UNFOLDED_PROTEIN_RESPONSE,HALLMARK_SECONDARY,SSGSEA_RANK_WALK,26,-0.08786324786324784,0.6695180334275164,-0.0880904009311089,0.20851441405707477,NO_KNOWN_OVERLAP,INCLUDE_PRIMARY_INDEPENDENT,0.9801643425516876
GSE57065,SIG023,T2,T48,HALLMARK_UV_RESPONSE_DN,HALLMARK_SECONDARY,SSGSEA_RANK_WALK,26,0.045470085470085464,0.8254320783624893,0.04550146130337226,0.20851441405707477,NO_KNOWN_OVERLAP,INCLUDE_PRIMARY_INDEPENDENT,0.9801643425516876
GSE57065,SIG023,T2,T48,HALLMARK_UV_RESPONSE_UP,HALLMARK_SECONDARY,SSGSEA_RANK_WALK,26,0.06393162393162392,0.7563528844737005,0.064018939724944,0.20851441405707477,NO_KNOWN_OVERLAP,INCLUDE_PRIMARY_INDEPENDENT,0.9801643425516876
GSE57065,SIG023,T2,T48,HALLMARK_WNT_BETA_CATENIN_SIGNALING,HALLMARK_SECONDARY,SSGSEA_RANK_WALK,26,0.2300854700854701,0.25815449691319536,0.23427971262544872,0.20851441405707477,NO_KNOWN_OVERLAP,INCLUDE_PRIMARY_INDEPENDENT,0.9801643425516876
GSE57065,SIG023,T2,T48,HALLMARK_XENOBIOTIC_METABOLISM,HALLMARK_SECONDARY,SSGSEA_RANK_WALK,26,0.212991452991453,0.2961698050823268,0.21630287707382106,0.20851441405707477,NO_KNOWN_OVERLAP,INCLUDE_PRIMARY_INDEPENDENT,0.9801643425516876
GSE57065,SIG023,T2,T48,Neutrophil degranulation,REACTOME_SUPPLEMENT,SSGSEA_RANK_WALK,26,0.15965811965811963,0.43593324205666106,0.16103585339290674,0.20851441405707477,NO_KNOWN_OVERLAP,INCLUDE_PRIMARY_INDEPENDENT,0.8718664841133221
GSE57065,SIG023,T2,T48,TCR signaling,REACTOME_SUPPLEMENT,SSGSEA_RANK_WALK,26,-0.02358974358974359,0.9089330600136662,-0.023594120760049332,0.20851441405707477,NO_KNOWN_OVERLAP,INCLUDE_PRIMARY_INDEPENDENT,0.9089330600136662
GSE57065,SIG033,T1,T24,HALLMARK_ADIPOGENESIS,HALLMARK_SECONDARY,SSGSEA_RANK_WALK,28,-0.24958949096880134,0.20023743187240747,-0.2549749834837406,0.2,NO_KNOWN_OVERLAP,INCLUDE_PRIMARY_INDEPENDENT,0.3731697593985776
GSE57065,SIG033,T1,T24,HALLMARK_ALLOGRAFT_REJECTION,PRESET_PRIMARY,SSGSEA_RANK_WALK,28,0.08921729611384782,0.651649431941635,0.08945514816869206,0.2,NO_KNOWN_OVERLAP,INCLUDE_PRIMARY_INDEPENDENT,0.651649431941635
GSE57065,SIG033,T1,T24,HALLMARK_ANDROGEN_RESPONSE,HALLMARK_SECONDARY,SSGSEA_RANK_WALK,28,-0.541871921182266,0.0028977427547216467,-0.6068018486934487,0.2,NO_KNOWN_OVERLAP,INCLUDE_PRIMARY_INDEPENDENT,0.023761490588717505
GSE57065,SIG033,T1,T24,HALLMARK_ANGIOGENESIS,HALLMARK_SECONDARY,SSGSEA_RANK_WALK,28,-0.010399562123700055,0.958113019226768,-0.010399937055337831,0.2,NO_KNOWN_OVERLAP,INCLUDE_PRIMARY_INDEPENDENT,0.9820658447074372
GSE57065,SIG033,T1,T24,HALLMARK_APICAL_JUNCTION,HALLMARK_SECONDARY,SSGSEA_RANK_WALK,28,0.5741652983032293,0.0013982767280887745,0.6537145973312727,0.2,NO_KNOWN_OVERLAP,INCLUDE_PRIMARY_INDEPENDENT,0.017591637025723056
GSE57065,SIG033,T1,T24,HALLMARK_APICAL_SURFACE,HALLMARK_SECONDARY,SSGSEA_RANK_WALK,28,0.3820470717022441,0.04482723192712048,0.4024543887798991,0.2,NO_KNOWN_OVERLAP,INCLUDE_PRIMARY_INDEPENDENT,0.1531597090843283
GSE57065,SIG033,T1,T24,HALLMARK_APOPTOSIS,PRESET_PRIMARY,SSGSEA_RANK_WALK,28,-0.174055829228243,0.37571742622873705,-0.1758461862971342,0.2,NO_KNOWN_OVERLAP,INCLUDE_PRIMARY_INDEPENDENT,0.4226821045073292
GSE57065,SIG033,T1,T24,HALLMARK_BILE_ACID_METABOLISM,HALLMARK_SECONDARY,SSGSEA_RANK_WALK,28,0.11986863711001641,0.5434767589543557,0.12044774838633003,0.2,NO_KNOWN_OVERLAP,INCLUDE_PRIMARY_INDEPENDENT,0.6366442033465309
GSE57065,SIG033,T1,T24,HALLMARK_CHOLESTEROL_HOMEOSTASIS,HALLMARK_SECONDARY,SSGSEA_RANK_WALK,28,0.061850027367268745,0.7545407778923472,0.061929076449824365,0.2,NO_KNOWN_OVERLAP,INCLUDE_PRIMARY_INDEPENDENT,0.8141097866733219
GSE57065,SIG033,T1,T24,HALLMARK_COAGULATION,PRESET_PRIMARY,SSGSEA_RANK_WALK,28,0.3021346469622332,0.11813938896024895,0.3118670263552156,0.2,NO_KNOWN_OVERLAP,INCLUDE_PRIMARY_INDEPENDENT,0.15189350009174865
GSE57065,SIG033,T1,T24,HALLMARK_COMPLEMENT,PRESET_PRIMARY,SSGSEA_RANK_WALK,28,-0.4740010946907498,0.01082959294787066,-0.5152183419206531,0.2,NO_KNOWN_OVERLAP,INCLUDE_PRIMARY_INDEPENDENT,0.032488778843611975
GSE57065,SIG033,T1,T24,HALLMARK_DNA_REPAIR,HALLMARK_SECONDARY,SSGSEA_RANK_WALK,28,-0.1691297208538588,0.38958495126293113,-0.17077062106225513,0.2,NO_KNOWN_OVERLAP,INCLUDE_PRIMARY_INDEPENDENT,0.540304714070436
GSE57065,SIG033,T1,T24,HALLMARK_E2F_TARGETS,HALLMARK_SECONDARY,SSGSEA_RANK_WALK,28,-0.16639299397920088,0.3974139427485063,-0.16795463960172766,0.2,NO_KNOWN_OVERLAP,INCLUDE_PRIMARY_INDEPENDENT,0.540304714070436
GSE57065,SIG033,T1,T24,HALLMARK_EPITHELIAL_MESENCHYMAL_TRANSITION,HALLMARK_SECONDARY,SSGSEA_RANK_WALK,28,0.36179529282977557,0.058515785482737843,0.3789500434743162,0.2,NO_KNOWN_OVERLAP,INCLUDE_PRIMARY_INDEPENDENT,0.17136765748516083
GSE57065,SIG033,T1,T24,HALLMARK_ESTROGEN_RESPONSE_EARLY,HALLMARK_SECONDARY,SSGSEA_RANK_WALK,28,0.48823207443897104,0.008391566119350777,0.5337364576718919,0.2,NO_KNOWN_OVERLAP,INCLUDE_PRIMARY_INDEPENDENT,0.0491506015561974
GSE57065,SIG033,T1,T24,HALLMARK_ESTROGEN_RESPONSE_LATE,HALLMARK_SECONDARY,SSGSEA_RANK_WALK,28,0.41160372194854955,0.02954005612745382,0.4375405326597908,0.2,NO_KNOWN_OVERLAP,INCLUDE_PRIMARY_INDEPENDENT,0.12111423012256066
GSE57065,SIG033,T1,T24,HALLMARK_FATTY_ACID_METABOLISM,HALLMARK_SECONDARY,SSGSEA_RANK_WALK,28,-0.20306513409961688,0.30002598489473004,-0.20592745310346772,0.2,NO_KNOWN_OVERLAP,INCLUDE_PRIMARY_INDEPENDENT,0.5014060814539042
GSE57065,SIG033,T1,T24,HALLMARK_G2M_CHECKPOINT,HALLMARK_SECONDARY,SSGSEA_RANK_WALK,28,-0.1384783798576902,0.48221293115721253,-0.13937387185900757,0.2,NO_KNOWN_OVERLAP,INCLUDE_PRIMARY_INDEPENDENT,0.5991130356801732
GSE57065,SIG033,T1,T24,HALLMARK_GLYCOLYSIS,HALLMARK_SECONDARY,SSGSEA_RANK_WALK,28,-0.1981390257252326,0.3121515008952366,-0.2007947880358476,0.2,NO_KNOWN_OVERLAP,INCLUDE_PRIMARY_INDEPENDENT,0.5014060814539042
GSE57065,SIG033,T1,T24,HALLMARK_HEDGEHOG_SIGNALING,HALLMARK_SECONDARY,SSGSEA_RANK_WALK,28,0.31527093596059114,0.10222083468765868,0.3263873626347789,0.2,NO_KNOWN_OVERLAP,INCLUDE_PRIMARY_INDEPENDENT,0.22605196641285089
GSE57065,SIG033,T1,T24,HALLMARK_HEME_METABOLISM,HALLMARK_SECONDARY,SSGSEA_RANK_WALK,28,0.3223864258347017,0.09429892378829806,0.33430805290508203,0.2,NO_KNOWN_OVERLAP,INCLUDE_PRIMARY_INDEPENDENT,0.22605196641285089
GSE57065,SIG033,T1,T24,HALLMARK_HYPOXIA,HALLMARK_SECONDARY,SSGSEA_RANK_WALK,28,0.29064039408866993,0.13350760508418344,0.2992656020925481,0.2,NO_KNOWN_OVERLAP,INCLUDE_PRIMARY_INDEPENDENT,0.27369059042257604
GSE57065,SIG033,T1,T24,HALLMARK_IL2_STAT5_SIGNALING,HALLMARK_SECONDARY,SSGSEA_RANK_WALK,28,-0.39518336070060206,0.03740148450582806,-0.41792789521213114,0.2,NO_KNOWN_OVERLAP,INCLUDE_PRIMARY_INDEPENDENT,0.1394055331580864
GSE57065,SIG033,T1,T24,HALLMARK_IL6_JAK_STAT3_SIGNALING,HALLMARK_SECONDARY,SSGSEA_RANK_WALK,28,-0.44718117131910234,0.017038539931964653,-0.48117129556813587,0.2,NO_KNOWN_OVERLAP,INCLUDE_PRIMARY_INDEPENDENT,0.07762001524561675
GSE57065,SIG033,T1,T24,HALLMARK_INFLAMMATORY_RESPONSE,PRESET_PRIMARY,SSGSEA_RANK_WALK,28,-0.3415435139573071,0.07527086352675248,-0.3558388337767169,0.2,NO_KNOWN_OVERLAP,INCLUDE_PRIMARY_INDEPENDENT,0.11290629529012873
GSE57065,SIG033,T1,T24,HALLMARK_INTERFERON_ALPHA_RESPONSE,PRESET_PRIMARY,SSGSEA_RANK_WALK,28,-0.5084838533114395,0.005728927079542442,-0.5606827819156748,0.2,NO_KNOWN_OVERLAP,INCLUDE_PRIMARY_INDEPENDENT,0.032488778843611975
GSE57065,SIG033,T1,T24,HALLMARK_INTERFERON_GAMMA_RESPONSE,PRESET_PRIMARY,SSGSEA_RANK_WALK,28,-0.3886152162014231,0.04098047601183824,-0.4101678802650406,0.2,NO_KNOWN_OVERLAP,INCLUDE_PRIMARY_INDEPENDENT,0.07376485682130883
GSE57065,SIG033,T1,T24,HALLMARK_KRAS_SIGNALING_DN,HALLMARK_SECONDARY,SSGSEA_RANK_WALK,28,0.565407772304324,0.0017162572708022494,0.6407467212833813,0.2,NO_KNOWN_OVERLAP,INCLUDE_PRIMARY_INDEPENDENT,0.017591637025723056
GSE57065,SIG033,T1,T24,HALLMARK_KRAS_SIGNALING_UP,HALLMARK_SECONDARY,SSGSEA_RANK_WALK,28,-0.2047071702244116,0.2960507602844297,-0.2076407089780894,0.2,NO_KNOWN_OVERLAP,INCLUDE_PRIMARY_INDEPENDENT,0.5014060814539042
GSE57065,SIG033,T1,T24,HALLMARK_MITOTIC_SPINDLE,HALLMARK_SECONDARY,SSGSEA_RANK_WALK,28,-0.2660098522167488,0.17124417696534835,-0.27256488947488033,0.2,NO_KNOWN_OVERLAP,INCLUDE_PRIMARY_INDEPENDENT,0.33433386931329917
GSE57065,SIG033,T1,T24,HALLMARK_MTORC1_SIGNALING,HALLMARK_SECONDARY,SSGSEA_RANK_WALK,28,-0.1954022988505747,0.3190172651793217,-0.19794782854600682,0.2,NO_KNOWN_OVERLAP,INCLUDE_PRIMARY_INDEPENDENT,0.5014060814539042
GSE57065,SIG033,T1,T24,HALLMARK_MYC_TARGETS_V1,HALLMARK_SECONDARY,SSGSEA_RANK_WALK,28,-0.12370005473453749,0.5305724838850181,-0.12433685201110944,0.2,NO_KNOWN_OVERLAP,INCLUDE_PRIMARY_INDEPENDENT,0.6366442033465309
GSE57065,SIG033,T1,T24,HALLMARK_MYC_TARGETS_V2,HALLMARK_SECONDARY,SSGSEA_RANK_WALK,28,0.031198686371100168,0.8747725876513837,0.031208814784216776,0.2,NO_KNOWN_OVERLAP,INCLUDE_PRIMARY_INDEPENDENT,0.9196327203514547
GSE57065,SIG033,T1,T24,HALLMARK_MYOGENESIS,HALLMARK_SECONDARY,SSGSEA_RANK_WALK,28,0.5873015873015873,0.001017156044533746,0.6735368239833047,0.2,NO_KNOWN_OVERLAP,INCLUDE_PRIMARY_INDEPENDENT,0.017591637025723056
GSE57065,SIG033,T1,T24,HALLMARK_NOTCH_SIGNALING,HALLMARK_SECONDARY,SSGSEA_RANK_WALK,28,-0.09852216748768472,0.6179357155714338,-0.0988428093093489,0.2,NO_KNOWN_OVERLAP,INCLUDE_PRIMARY_INDEPENDENT,0.6847395767142915
GSE57065,SIG033,T1,T24,HALLMARK_OXIDATIVE_PHOSPHORYLATION,PRESET_PRIMARY,SSGSEA_RANK_WALK,28,-0.4258347016967706,0.023861111325843728,-0.454797672895585,0.2,NO_KNOWN_OVERLAP,INCLUDE_PRIMARY_INDEPENDENT,0.05368750048314839
GSE57065,SIG033,T1,T24,HALLMARK_P53_PATHWAY,HALLMARK_SECONDARY,SSGSEA_RANK_WALK,28,-0.1625615763546798,0.4085230764922808,-0.16401668398767416,0.2,NO_KNOWN_OVERLAP,INCLUDE_PRIMARY_INDEPENDENT,0.540304714070436
GSE57065,SIG033,T1,T24,HALLMARK_PANCREAS_BETA_CELLS,HALLMARK_SECONDARY,SSGSEA_RANK_WALK,28,0.5287356321839081,0.0038201198661132994,0.588388530758723,0.2,NO_KNOWN_OVERLAP,INCLUDE_PRIMARY_INDEPENDENT,0.02610415241844088
GSE57065,SIG033,T1,T24,HALLMARK_PEROXISOME,HALLMARK_SECONDARY,SSGSEA_RANK_WALK,28,-0.3130815544608648,0.10475578931327237,-0.32395820563690514,0.2,NO_KNOWN_OVERLAP,INCLUDE_PRIMARY_INDEPENDENT,0.22605196641285089
GSE57065,SIG033,T1,T24,HALLMARK_PI3K_AKT_MTOR_SIGNALING,HALLMARK_SECONDARY,SSGSEA_RANK_WALK,28,-0.10837438423645321,0.5830472950369332,-0.1088016854692972,0.2,NO_KNOWN_OVERLAP,INCLUDE_PRIMARY_INDEPENDENT,0.664026086014285
GSE57065,SIG033,T1,T24,HALLMARK_PROTEIN_SECRETION,HALLMARK_SECONDARY,SSGSEA_RANK_WALK,28,-0.7454844006568144,5.313308788854516e-06,-0.9627126307113506,0.2,NO_KNOWN_OVERLAP,INCLUDE_PRIMARY_INDEPENDENT,0.00021784566034303517
GSE57065,SIG033,T1,T24,HALLMARK_REACTIVE_OXYGEN_SPECIES_PATHWAY,HALLMARK_SECONDARY,SSGSEA_RANK_WALK,28,-0.004378762999452655,0.9823570994002738,-0.004378790985274197,0.2,NO_KNOWN_OVERLAP,INCLUDE_PRIMARY_INDEPENDENT,0.9823570994002738
GSE57065,SIG033,T1,T24,HALLMARK_SPERMATOGENESIS,HALLMARK_SECONDARY,SSGSEA_RANK_WALK,28,0.34646962233169126,0.07089171429239366,0.3614261674869305,0.2,NO_KNOWN_OVERLAP,INCLUDE_PRIMARY_INDEPENDENT,0.19377068573254266
GSE57065,SIG033,T1,T24,HALLMARK_TGF_BETA_SIGNALING,HALLMARK_SECONDARY,SSGSEA_RANK_WALK,28,-0.4570333880678708,0.01448370395097355,-0.493554945835092,0.2,NO_KNOWN_OVERLAP,INCLUDE_PRIMARY_INDEPENDENT,0.07422898274873944
GSE57065,SIG033,T1,T24,HALLMARK_TNFA_SIGNALING_VIA_NFKB,PRESET_PRIMARY,SSGSEA_RANK_WALK,28,-0.4811165845648605,0.009545491526626836,-0.5244361532378559,0.2,NO_KNOWN_OVERLAP,INCLUDE_PRIMARY_INDEPENDENT,0.032488778843611975
GSE57065,SIG033,T1,T24,HALLMARK_UNFOLDED_PROTEIN_RESPONSE,HALLMARK_SECONDARY,SSGSEA_RANK_WALK,28,-0.14504652435686918,0.4614693720532731,-0.1460767473925911,0.2,NO_KNOWN_OVERLAP,INCLUDE_PRIMARY_INDEPENDENT,0.5912576329432562
GSE57065,SIG033,T1,T24,HALLMARK_UV_RESPONSE_DN,HALLMARK_SECONDARY,SSGSEA_RANK_WALK,28,-0.19102353585112206,0.33019424876232717,-0.19339925323384308,0.2,NO_KNOWN_OVERLAP,INCLUDE_PRIMARY_INDEPENDENT,0.5014060814539042
GSE57065,SIG033,T1,T24,HALLMARK_UV_RESPONSE_UP,HALLMARK_SECONDARY,SSGSEA_RANK_WALK,28,0.16694033935413247,0.39584104757179217,0.168517623432052,0.2,NO_KNOWN_OVERLAP,INCLUDE_PRIMARY_INDEPENDENT,0.540304714070436
GSE57065,SIG033,T1,T24,HALLMARK_WNT_BETA_CATENIN_SIGNALING,HALLMARK_SECONDARY,SSGSEA_RANK_WALK,28,0.36234263820470713,0.05810728968481253,0.3795799681838955,0.2,NO_KNOWN_OVERLAP,INCLUDE_PRIMARY_INDEPENDENT,0.17136765748516083
GSE57065,SIG033,T1,T24,HALLMARK_XENOBIOTIC_METABOLISM,HALLMARK_SECONDARY,SSGSEA_RANK_WALK,28,0.31746031746031744,0.0997320820225945,0.3288202460515177,0.2,NO_KNOWN_OVERLAP,INCLUDE_PRIMARY_INDEPENDENT,0.22605196641285089
GSE57065,SIG033,T1,T24,Neutrophil degranulation,REACTOME_SUPPLEMENT,SSGSEA_RANK_WALK,28,-0.29775588396278047,0.12383183352270671,-0.3070553607248845,0.2,NO_KNOWN_OVERLAP,INCLUDE_PRIMARY_INDEPENDENT,0.24766366704541343
GSE57065,SIG033,T1,T24,TCR signaling,REACTOME_SUPPLEMENT,SSGSEA_RANK_WALK,28,-0.1231527093596059,0.5324069487120499,-0.1237810393311778,0.2,NO_KNOWN_OVERLAP,INCLUDE_PRIMARY_INDEPENDENT,0.5324069487120499
GSE57065,SIG033,T2,T48,HALLMARK_ADIPOGENESIS,HALLMARK_SECONDARY,SSGSEA_RANK_WALK,26,-0.3846153846153845,0.052369535324279216,-0.4054651081081643,0.20851441405707477,NO_KNOWN_OVERLAP,INCLUDE_PRIMARY_INDEPENDENT,0.13416254795918964
GSE57065,SIG033,T2,T48,HALLMARK_ALLOGRAFT_REJECTION,PRESET_PRIMARY,SSGSEA_RANK_WALK,26,-0.07487179487179485,0.7162257338889683,-0.07501217240918188,0.20851441405707477,NO_KNOWN_OVERLAP,INCLUDE_PRIMARY_INDEPENDENT,0.7162257338889683
GSE57065,SIG033,T2,T48,HALLMARK_ANDROGEN_RESPONSE,HALLMARK_SECONDARY,SSGSEA_RANK_WALK,26,-0.6123076923076922,0.0008850725079017879,-0.712604888684782,0.20851441405707477,NO_KNOWN_OVERLAP,INCLUDE_PRIMARY_INDEPENDENT,0.005183996117710471
GSE57065,SIG033,T2,T48,HALLMARK_ANGIOGENESIS,HALLMARK_SECONDARY,SSGSEA_RANK_WALK,26,0.2321367521367521,0.25381621379492764,0.23644674171492,0.20851441405707477,NO_KNOWN_OVERLAP,INCLUDE_PRIMARY_INDEPENDENT,0.37165945591400124
GSE57065,SIG033,T2,T48,HALLMARK_APICAL_JUNCTION,HALLMARK_SECONDARY,SSGSEA_RANK_WALK,26,0.6936752136752136,8.506631335357412e-05,0.855005098537187,0.20851441405707477,NO_KNOWN_OVERLAP,INCLUDE_PRIMARY_INDEPENDENT,0.0008542818800457349
GSE57065,SIG033,T2,T48,HALLMARK_APICAL_SURFACE,HALLMARK_SECONDARY,SSGSEA_RANK_WALK,26,0.37982905982905973,0.055628373544054234,0.3998598753992087,0.20851441405707477,NO_KNOWN_OVERLAP,INCLUDE_PRIMARY_INDEPENDENT,0.13416254795918964
GSE57065,SIG033,T2,T48,HALLMARK_APOPTOSIS,PRESET_PRIMARY,SSGSEA_RANK_WALK,26,-0.2622222222222222,0.1956300462931107,-0.26849322490233135,0.20851441405707477,NO_KNOWN_OVERLAP,INCLUDE_PRIMARY_INDEPENDENT,0.24257108687690881
GSE57065,SIG033,T2,T48,HALLMARK_BILE_ACID_METABOLISM,HALLMARK_SECONDARY,SSGSEA_RANK_WALK,26,-0.2423931623931624,0.2328399771354567,-0.247315100544471,0.20851441405707477,NO_KNOWN_OVERLAP,INCLUDE_PRIMARY_INDEPENDENT,0.35357181713161945
GSE57065,SIG033,T2,T48,HALLMARK_CHOLESTEROL_HOMEOSTASIS,HALLMARK_SECONDARY,SSGSEA_RANK_WALK,26,0.13846153846153844,0.499957929572453,0.13935670123451022,0.20851441405707477,NO_KNOWN_OVERLAP,INCLUDE_PRIMARY_INDEPENDENT,0.585665003213445
GSE57065,SIG033,T2,T48,HALLMARK_COAGULATION,PRESET_PRIMARY,SSGSEA_RANK_WALK,26,0.5637606837606838,0.002705459212467397,0.6383289553389957,0.20851441405707477,NO_KNOWN_OVERLAP,INCLUDE_PRIMARY_INDEPENDENT,0.02094452742324132
GSE57065,SIG033,T2,T48,HALLMARK_COMPLEMENT,PRESET_PRIMARY,SSGSEA_RANK_WALK,26,-0.2512820512820513,0.2156187438905856,-0.25678080179243273,0.20851441405707477,NO_KNOWN_OVERLAP,INCLUDE_PRIMARY_INDEPENDENT,0.24257108687690881
GSE57065,SIG033,T2,T48,HALLMARK_DNA_REPAIR,HALLMARK_SECONDARY,SSGSEA_RANK_WALK,26,-0.3292307692307692,0.10051798247592174,-0.3419652627275106,0.20851441405707477,NO_KNOWN_OVERLAP,INCLUDE_PRIMARY_INDEPENDENT,0.2169072253427785
GSE57065,SIG033,T2,T48,HALLMARK_E2F_TARGETS,HALLMARK_SECONDARY,SSGSEA_RANK_WALK,26,-0.15213675213675212,0.4581289005371054,-0.15332709209368975,0.20851441405707477,NO_KNOWN_OVERLAP,INCLUDE_PRIMARY_INDEPENDENT,0.5748689883264112
GSE57065,SIG033,T2,T48,HALLMARK_EPITHELIAL_MESENCHYMAL_TRANSITION,HALLMARK_SECONDARY,SSGSEA_RANK_WALK,26,0.6020512820512819,0.0011374614347415045,0.6963584953881787,0.20851441405707477,NO_KNOWN_OVERLAP,INCLUDE_PRIMARY_INDEPENDENT,0.0058294898530502105
GSE57065,SIG033,T2,T48,HALLMARK_ESTROGEN_RESPONSE_EARLY,HALLMARK_SECONDARY,SSGSEA_RANK_WALK,26,0.7429059829059829,1.3805977951239306e-05,0.9569336304931104,0.20851441405707477,NO_KNOWN_OVERLAP,INCLUDE_PRIMARY_INDEPENDENT,0.00018868169866693716
GSE57065,SIG033,T2,T48,HALLMARK_ESTROGEN_RESPONSE_LATE,HALLMARK_SECONDARY,SSGSEA_RANK_WALK,26,0.5377777777777777,0.004603733590348429,0.6010239379581757,0.20851441405707477,NO_KNOWN_OVERLAP,INCLUDE_PRIMARY_INDEPENDENT,0.018875307720428558
GSE57065,SIG033,T2,T48,HALLMARK_FATTY_ACID_METABOLISM,HALLMARK_SECONDARY,SSGSEA_RANK_WALK,26,-0.3135042735042735,0.11886388380277611,-0.3244269312584411,0.20851441405707477,NO_KNOWN_OVERLAP,INCLUDE_PRIMARY_INDEPENDENT,0.243670961795691
GSE57065,SIG033,T2,T48,HALLMARK_G2M_CHECKPOINT,HALLMARK_SECONDARY,SSGSEA_RANK_WALK,26,-0.09538461538461539,0.6430008687613966,-0.09567548175667442,0.20851441405707477,NO_KNOWN_OVERLAP,INCLUDE_PRIMARY_INDEPENDENT,0.6759752722876221
GSE57065,SIG033,T2,T48,HALLMARK_GLYCOLYSIS,HALLMARK_SECONDARY,SSGSEA_RANK_WALK,26,-0.029059829059829054,0.8879342977087152,-0.02906801329383484,0.20851441405707477,NO_KNOWN_OVERLAP,INCLUDE_PRIMARY_INDEPENDENT,0.9063046675571143
GSE57065,SIG033,T2,T48,HALLMARK_HEDGEHOG_SIGNALING,HALLMARK_SECONDARY,SSGSEA_RANK_WALK,26,0.39965811965811965,0.04309064978316217,0.4232419960130865,0.20851441405707477,NO_KNOWN_OVERLAP,INCLUDE_PRIMARY_INDEPENDENT,0.1254318751973601
GSE57065,SIG033,T2,T48,HALLMARK_HEME_METABOLISM,HALLMARK_SECONDARY,SSGSEA_RANK_WALK,26,0.5206837606837607,0.006388386289873905,0.5772773841679414,0.20851441405707477,NO_KNOWN_OVERLAP,INCLUDE_PRIMARY_INDEPENDENT,0.02381125798953001
GSE57065,SIG033,T2,T48,HALLMARK_HYPOXIA,HALLMARK_SECONDARY,SSGSEA_RANK_WALK,26,0.27384615384615385,0.17582630494762733,0.2810170843998522,0.20851441405707477,NO_KNOWN_OVERLAP,INCLUDE_PRIMARY_INDEPENDENT,0.3003699376188634
GSE57065,SIG033,T2,T48,HALLMARK_IL2_STAT5_SIGNALING,HALLMARK_SECONDARY,SSGSEA_RANK_WALK,26,-0.2458119658119658,0.2261116334044102,-0.25095052928320055,0.20851441405707477,NO_KNOWN_OVERLAP,INCLUDE_PRIMARY_INDEPENDENT,0.35357181713161945
GSE57065,SIG033,T2,T48,HALLMARK_IL6_JAK_STAT3_SIGNALING,HALLMARK_SECONDARY,SSGSEA_RANK_WALK,26,-0.1863247863247863,0.36210316374829743,-0.18852705313769222,0.20851441405707477,NO_KNOWN_OVERLAP,INCLUDE_PRIMARY_INDEPENDENT,0.49978996013063487
GSE57065,SIG033,T2,T48,HALLMARK_INFLAMMATORY_RESPONSE,PRESET_PRIMARY,SSGSEA_RANK_WALK,26,-0.3305982905982906,0.099028787150502,-0.34349981010772,0.20851441405707477,NO_KNOWN_OVERLAP,INCLUDE_PRIMARY_INDEPENDENT,0.148543180725753
GSE57065,SIG033,T2,T48,HALLMARK_INTERFERON_ALPHA_RESPONSE,PRESET_PRIMARY,SSGSEA_RANK_WALK,26,-0.47076923076923066,0.015211950469113411,-0.5110581278390013,0.20851441405707477,NO_KNOWN_OVERLAP,INCLUDE_PRIMARY_INDEPENDENT,0.034226888555505174
GSE57065,SIG033,T2,T48,HALLMARK_INTERFERON_GAMMA_RESPONSE,PRESET_PRIMARY,SSGSEA_RANK_WALK,26,-0.4352136752136752,0.026275297193493776,-0.4663107731498275,0.20851441405707477,NO_KNOWN_OVERLAP,INCLUDE_PRIMARY_INDEPENDENT,0.047295534948288795
GSE57065,SIG033,T2,T48,HALLMARK_KRAS_SIGNALING_DN,HALLMARK_SECONDARY,SSGSEA_RANK_WALK,26,0.6875213675213674,0.00010418071707874816,0.8432399970655367,0.20851441405707477,NO_KNOWN_OVERLAP,INCLUDE_PRIMARY_INDEPENDENT,0.0008542818800457349
GSE57065,SIG033,T2,T48,HALLMARK_KRAS_SIGNALING_UP,HALLMARK_SECONDARY,SSGSEA_RANK_WALK,26,-0.28478632478632476,0.15850693426664988,-0.2928831773942985,0.20851441405707477,NO_KNOWN_OVERLAP,INCLUDE_PRIMARY_INDEPENDENT,0.2862923787167109
GSE57065,SIG033,T2,T48,HALLMARK_MITOTIC_SPINDLE,HALLMARK_SECONDARY,SSGSEA_RANK_WALK,26,-0.2834188034188034,0.16060304171913053,-0.29139558585276065,0.20851441405707477,NO_KNOWN_OVERLAP,INCLUDE_PRIMARY_INDEPENDENT,0.2862923787167109
GSE57065,SIG033,T2,T48,HALLMARK_MTORC1_SIGNALING,HALLMARK_SECONDARY,SSGSEA_RANK_WALK,26,-0.02427350427350427,0.9063046675571143,-0.02427827330016418,0.20851441405707477,NO_KNOWN_OVERLAP,INCLUDE_PRIMARY_INDEPENDENT,0.9063046675571143
GSE57065,SIG033,T2,T48,HALLMARK_MYC_TARGETS_V1,HALLMARK_SECONDARY,SSGSEA_RANK_WALK,26,-0.11658119658119658,0.5706096756014886,-0.11711370431395897,0.20851441405707477,NO_KNOWN_OVERLAP,INCLUDE_PRIMARY_INDEPENDENT,0.6498610194350287
GSE57065,SIG033,T2,T48,HALLMARK_MYC_TARGETS_V2,HALLMARK_SECONDARY,SSGSEA_RANK_WALK,26,-0.09675213675213674,0.6382237932615835,-0.09705574195206725,0.20851441405707477,NO_KNOWN_OVERLAP,INCLUDE_PRIMARY_INDEPENDENT,0.6759752722876221
GSE57065,SIG033,T2,T48,HALLMARK_MYOGENESIS,HALLMARK_SECONDARY,SSGSEA_RANK_WALK,26,0.6717948717948717,0.00017121350875376633,0.8140071490035178,0.20851441405707477,NO_KNOWN_OVERLAP,INCLUDE_PRIMARY_INDEPENDENT,0.00116995897648407
GSE57065,SIG033,T2,T48,HALLMARK_NOTCH_SIGNALING,HALLMARK_SECONDARY,SSGSEA_RANK_WALK,26,-0.24444444444444444,0.22878721004611616,-0.24949558305949393,0.20851441405707477,NO_KNOWN_OVERLAP,INCLUDE_PRIMARY_INDEPENDENT,0.35357181713161945
GSE57065,SIG033,T2,T48,HALLMARK_OXIDATIVE_PHOSPHORYLATION,PRESET_PRIMARY,SSGSEA_RANK_WALK,26,-0.5158974358974359,0.00698150914108044,-0.5707330579612958,0.20851441405707477,NO_KNOWN_OVERLAP,INCLUDE_PRIMARY_INDEPENDENT,0.02094452742324132
GSE57065,SIG033,T2,T48,HALLMARK_P53_PATHWAY,HALLMARK_SECONDARY,SSGSEA_RANK_WALK,26,-0.5405128205128205,0.004361743558447383,-0.6048797999545473,0.20851441405707477,NO_KNOWN_OVERLAP,INCLUDE_PRIMARY_INDEPENDENT,0.018875307720428558
GSE57065,SIG033,T2,T48,HALLMARK_PANCREAS_BETA_CELLS,HALLMARK_SECONDARY,SSGSEA_RANK_WALK,26,0.7435897435897435,1.3423996432176846e-05,0.9584613060910303,0.20851441405707477,NO_KNOWN_OVERLAP,INCLUDE_PRIMARY_INDEPENDENT,0.00018868169866693716
GSE57065,SIG033,T2,T48,HALLMARK_PEROXISOME,HALLMARK_SECONDARY,SSGSEA_RANK_WALK,26,-0.41059829059829056,0.03719886831975411,-0.4363306212037793,0.20851441405707477,NO_KNOWN_OVERLAP,INCLUDE_PRIMARY_INDEPENDENT,0.11731950777768604
GSE57065,SIG033,T2,T48,HALLMARK_PI3K_AKT_MTOR_SIGNALING,HALLMARK_SECONDARY,SSGSEA_RANK_WALK,26,-0.17811965811965808,0.38399481075403963,-0.1800400607163883,0.20851441405707477,NO_KNOWN_OVERLAP,INCLUDE_PRIMARY_INDEPENDENT,0.5078641045456653
GSE57065,SIG033,T2,T48,HALLMARK_PROTEIN_SECRETION,HALLMARK_SECONDARY,SSGSEA_RANK_WALK,26,-0.76,6.66307550682022e-06,-0.9962150823451031,0.20851441405707477,NO_KNOWN_OVERLAP,INCLUDE_PRIMARY_INDEPENDENT,0.00018868169866693716
GSE57065,SIG033,T2,T48,HALLMARK_REACTIVE_OXYGEN_SPECIES_PATHWAY,HALLMARK_SECONDARY,SSGSEA_RANK_WALK,26,0.14871794871794874,0.46841028476864455,0.14982913174924833,0.20851441405707477,NO_KNOWN_OVERLAP,INCLUDE_PRIMARY_INDEPENDENT,0.5748689883264112
GSE57065,SIG033,T2,T48,HALLMARK_SPERMATOGENESIS,HALLMARK_SECONDARY,SSGSEA_RANK_WALK,26,0.18495726495726494,0.3656999708272938,0.1871107210451555,0.20851441405707477,NO_KNOWN_OVERLAP,INCLUDE_PRIMARY_INDEPENDENT,0.49978996013063487
GSE57065,SIG033,T2,T48,HALLMARK_TGF_BETA_SIGNALING,HALLMARK_SECONDARY,SSGSEA_RANK_WALK,26,-0.39487179487179486,0.045889710438058576,-0.41755872091516627,0.20851441405707477,NO_KNOWN_OVERLAP,INCLUDE_PRIMARY_INDEPENDENT,0.1254318751973601
GSE57065,SIG033,T2,T48,HALLMARK_TNFA_SIGNALING_VIA_NFKB,PRESET_PRIMARY,SSGSEA_RANK_WALK,26,-0.5193162393162393,0.006553353196336487,-0.5754030391944551,0.20851441405707477,NO_KNOWN_OVERLAP,INCLUDE_PRIMARY_INDEPENDENT,0.02094452742324132
GSE57065,SIG033,T2,T48,HALLMARK_UNFOLDED_PROTEIN_RESPONSE,HALLMARK_SECONDARY,SSGSEA_RANK_WALK,26,-0.10564102564102562,0.6075215129314938,-0.10603666377998139,0.20851441405707477,NO_KNOWN_OVERLAP,INCLUDE_PRIMARY_INDEPENDENT,0.6731995143294931
GSE57065,SIG033,T2,T48,HALLMARK_UV_RESPONSE_DN,HALLMARK_SECONDARY,SSGSEA_RANK_WALK,26,-0.3688888888888889,0.06367014647604442,-0.3871363626861568,0.20851441405707477,NO_KNOWN_OVERLAP,INCLUDE_PRIMARY_INDEPENDENT,0.14502644475099008
GSE57065,SIG033,T2,T48,HALLMARK_UV_RESPONSE_UP,HALLMARK_SECONDARY,SSGSEA_RANK_WALK,26,0.4140170940170939,0.03549558374109378,0.4404496585152699,0.20851441405707477,NO_KNOWN_OVERLAP,INCLUDE_PRIMARY_INDEPENDENT,0.11731950777768604
GSE57065,SIG033,T2,T48,HALLMARK_WNT_BETA_CATENIN_SIGNALING,HALLMARK_SECONDARY,SSGSEA_RANK_WALK,26,0.14598290598290597,0.47672062446580443,0.14703338545822534,0.20851441405707477,NO_KNOWN_OVERLAP,INCLUDE_PRIMARY_INDEPENDENT,0.5748689883264112
GSE57065,SIG033,T2,T48,HALLMARK_XENOBIOTIC_METABOLISM,HALLMARK_SECONDARY,SSGSEA_RANK_WALK,26,0.28888888888888886,0.15233504377885262,0.2973535538733464,0.20851441405707477,NO_KNOWN_OVERLAP,INCLUDE_PRIMARY_INDEPENDENT,0.2862923787167109
GSE57065,SIG033,T2,T48,Neutrophil degranulation,REACTOME_SUPPLEMENT,SSGSEA_RANK_WALK,26,-0.1623931623931624,0.4280085706187461,-0.16384370353274003,0.20851441405707477,NO_KNOWN_OVERLAP,INCLUDE_PRIMARY_INDEPENDENT,0.4280085706187461
GSE57065,SIG033,T2,T48,TCR signaling,REACTOME_SUPPLEMENT,SSGSEA_RANK_WALK,26,-0.3305982905982906,0.099028787150502,-0.34349981010772,0.20851441405707477,NO_KNOWN_OVERLAP,INCLUDE_PRIMARY_INDEPENDENT,0.198057574301004
GSE57065,SIG034,T1,T24,HALLMARK_ADIPOGENESIS,HALLMARK_SECONDARY,SSGSEA_RANK_WALK,28,0.20580186097427478,0.29341912730088276,0.20878354695907764,0.2,NO_KNOWN_OVERLAP,INCLUDE_PRIMARY_INDEPENDENT,0.7651721684188378
GSE57065,SIG034,T1,T24,HALLMARK_ALLOGRAFT_REJECTION,PRESET_PRIMARY,SSGSEA_RANK_WALK,28,-0.6327312534209085,0.00030259827253390035,-0.7459578237715333,0.2,NO_KNOWN_OVERLAP,INCLUDE_PRIMARY_INDEPENDENT,0.002723384452805103
GSE57065,SIG034,T1,T24,HALLMARK_ANDROGEN_RESPONSE,HALLMARK_SECONDARY,SSGSEA_RANK_WALK,28,-0.08757525998905309,0.6576715773569686,-0.08780017990051142,0.2,NO_KNOWN_OVERLAP,INCLUDE_PRIMARY_INDEPENDENT,0.7798594594285247
GSE57065,SIG034,T1,T24,HALLMARK_ANGIOGENESIS,HALLMARK_SECONDARY,SSGSEA_RANK_WALK,28,0.043787629994526546,0.8249021525438205,0.04381564773318125,0.2,NO_KNOWN_OVERLAP,INCLUDE_PRIMARY_INDEPENDENT,0.8899259736981582
GSE57065,SIG034,T1,T24,HALLMARK_APICAL_JUNCTION,HALLMARK_SECONDARY,SSGSEA_RANK_WALK,28,-0.13081554460864805,0.5070028354026341,-0.13156950393625141,0.2,NO_KNOWN_OVERLAP,INCLUDE_PRIMARY_INDEPENDENT,0.7726197234659387
GSE57065,SIG034,T1,T24,HALLMARK_APICAL_SURFACE,HALLMARK_SECONDARY,SSGSEA_RANK_WALK,28,-0.20415982484948003,0.29737213220430475,-0.2070694906264713,0.2,NO_KNOWN_OVERLAP,INCLUDE_PRIMARY_INDEPENDENT,0.7651721684188378
GSE57065,SIG034,T1,T24,HALLMARK_APOPTOSIS,PRESET_PRIMARY,SSGSEA_RANK_WALK,28,-0.3196496989600438,0.09728907104170116,-0.33125689333522995,0.2,NO_KNOWN_OVERLAP,INCLUDE_PRIMARY_INDEPENDENT,0.27537797637323225
GSE57065,SIG034,T1,T24,HALLMARK_BILE_ACID_METABOLISM,HALLMARK_SECONDARY,SSGSEA_RANK_WALK,28,0.10071154898741107,0.6101086929016459,0.101054135867692,0.2,NO_KNOWN_OVERLAP,INCLUDE_PRIMARY_INDEPENDENT,0.7726197234659387
GSE57065,SIG034,T1,T24,HALLMARK_CHOLESTEROL_HOMEOSTASIS,HALLMARK_SECONDARY,SSGSEA_RANK_WALK,28,0.15270935960591134,0.4378745277603028,0.1539133192721242,0.2,NO_KNOWN_OVERLAP,INCLUDE_PRIMARY_INDEPENDENT,0.7651721684188378
GSE57065,SIG034,T1,T24,HALLMARK_COAGULATION,PRESET_PRIMARY,SSGSEA_RANK_WALK,28,-0.0021893814997263274,0.9911780422853909,-0.002189384997923837,0.2,NO_KNOWN_OVERLAP,INCLUDE_PRIMARY_INDEPENDENT,0.9911780422853909
GSE57065,SIG034,T1,T24,HALLMARK_COMPLEMENT,PRESET_PRIMARY,SSGSEA_RANK_WALK,28,-0.2140120415982485,0.27415419231381977,-0.21737220915107142,0.2,NO_KNOWN_OVERLAP,INCLUDE_PRIMARY_INDEPENDENT,0.4934775461648756
GSE57065,SIG034,T1,T24,HALLMARK_DNA_REPAIR,HALLMARK_SECONDARY,SSGSEA_RANK_WALK,28,-0.26491516146688554,0.17307945846808961,-0.2713872068755715,0.2,NO_KNOWN_OVERLAP,INCLUDE_PRIMARY_INDEPENDENT,0.5913548164326395
GSE57065,SIG034,T1,T24,HALLMARK_E2F_TARGETS,HALLMARK_SECONDARY,SSGSEA_RANK_WALK,28,0.12205801860974276,0.536084917236463,0.12266964185299703,0.2,NO_KNOWN_OVERLAP,INCLUDE_PRIMARY_INDEPENDENT,0.7726197234659387
GSE57065,SIG034,T1,T24,HALLMARK_EPITHELIAL_MESENCHYMAL_TRANSITION,HALLMARK_SECONDARY,SSGSEA_RANK_WALK,28,-0.04707170224411604,0.8119931372480311,-0.04710651483603192,0.2,NO_KNOWN_OVERLAP,INCLUDE_PRIMARY_INDEPENDENT,0.8899259736981582
GSE57065,SIG034,T1,T24,HALLMARK_ESTROGEN_RESPONSE_EARLY,HALLMARK_SECONDARY,SSGSEA_RANK_WALK,28,-0.1417624521072797,0.4717820209116317,-0.1427237173251823,0.2,NO_KNOWN_OVERLAP,INCLUDE_PRIMARY_INDEPENDENT,0.7726197234659387
GSE57065,SIG034,T1,T24,HALLMARK_ESTROGEN_RESPONSE_LATE,HALLMARK_SECONDARY,SSGSEA_RANK_WALK,28,0.2753147235905857,0.15619551306985324,0.2826054050313964,0.2,NO_KNOWN_OVERLAP,INCLUDE_PRIMARY_INDEPENDENT,0.5821832759876349
GSE57065,SIG034,T1,T24,HALLMARK_FATTY_ACID_METABOLISM,HALLMARK_SECONDARY,SSGSEA_RANK_WALK,28,-0.10071154898741107,0.6101086929016459,-0.101054135867692,0.2,NO_KNOWN_OVERLAP,INCLUDE_PRIMARY_INDEPENDENT,0.7726197234659387
GSE57065,SIG034,T1,T24,HALLMARK_G2M_CHECKPOINT,HALLMARK_SECONDARY,SSGSEA_RANK_WALK,28,0.1652983032293377,0.40057034838119865,0.16682898792598372,0.2,NO_KNOWN_OVERLAP,INCLUDE_PRIMARY_INDEPENDENT,0.7651721684188378
GSE57065,SIG034,T1,T24,HALLMARK_GLYCOLYSIS,HALLMARK_SECONDARY,SSGSEA_RANK_WALK,28,0.35577449370552816,0.06315880080398556,0.3720396611145414,0.2,NO_KNOWN_OVERLAP,INCLUDE_PRIMARY_INDEPENDENT,0.3633200357485175
GSE57065,SIG034,T1,T24,HALLMARK_HEDGEHOG_SIGNALING,HALLMARK_SECONDARY,SSGSEA_RANK_WALK,28,0.2764094143404488,0.1544892576789496,0.28379026352937564,0.2,NO_KNOWN_OVERLAP,INCLUDE_PRIMARY_INDEPENDENT,0.5821832759876349
GSE57065,SIG034,T1,T24,HALLMARK_HEME_METABOLISM,HALLMARK_SECONDARY,SSGSEA_RANK_WALK,28,0.16146688560481665,0.4117287564905354,0.16289248443669593,0.2,NO_KNOWN_OVERLAP,INCLUDE_PRIMARY_INDEPENDENT,0.7651721684188378
GSE57065,SIG034,T1,T24,HALLMARK_HYPOXIA,HALLMARK_SECONDARY,SSGSEA_RANK_WALK,28,0.1620142309797482,0.41012416488083236,0.16345453302278615,0.2,NO_KNOWN_OVERLAP,INCLUDE_PRIMARY_INDEPENDENT,0.7651721684188378
GSE57065,SIG034,T1,T24,HALLMARK_IL2_STAT5_SIGNALING,HALLMARK_SECONDARY,SSGSEA_RANK_WALK,28,-0.34646962233169126,0.07089171429239366,-0.3614261674869305,0.2,NO_KNOWN_OVERLAP,INCLUDE_PRIMARY_INDEPENDENT,0.3633200357485175
GSE57065,SIG034,T1,T24,HALLMARK_IL6_JAK_STAT3_SIGNALING,HALLMARK_SECONDARY,SSGSEA_RANK_WALK,28,0.36891078270388616,0.053377203694042884,0.38716170530428,0.2,NO_KNOWN_OVERLAP,INCLUDE_PRIMARY_INDEPENDENT,0.3633200357485175
GSE57065,SIG034,T1,T24,HALLMARK_INFLAMMATORY_RESPONSE,PRESET_PRIMARY,SSGSEA_RANK_WALK,28,0.055281882868089764,0.7799371124973846,0.055338301763558834,0.2,NO_KNOWN_OVERLAP,INCLUDE_PRIMARY_INDEPENDENT,0.8774292515595576
GSE57065,SIG034,T1,T24,HALLMARK_INTERFERON_ALPHA_RESPONSE,PRESET_PRIMARY,SSGSEA_RANK_WALK,28,-0.29885057471264365,0.12239021172143656,-0.3082569772695146,0.2,NO_KNOWN_OVERLAP,INCLUDE_PRIMARY_INDEPENDENT,0.27537797637323225
GSE57065,SIG034,T1,T24,HALLMARK_INTERFERON_GAMMA_RESPONSE,PRESET_PRIMARY,SSGSEA_RANK_WALK,28,-0.3355227148330596,0.08090186407317349,-0.3490386733339019,0.2,NO_KNOWN_OVERLAP,INCLUDE_PRIMARY_INDEPENDENT,0.27537797637323225
GSE57065,SIG034,T1,T24,HALLMARK_KRAS_SIGNALING_DN,HALLMARK_SECONDARY,SSGSEA_RANK_WALK,28,0.12096332785987958,0.5397748780510739,0.1215585458263457,0.2,NO_KNOWN_OVERLAP,INCLUDE_PRIMARY_INDEPENDENT,0.7726197234659387
GSE57065,SIG034,T1,T24,HALLMARK_KRAS_SIGNALING_UP,HALLMARK_SECONDARY,SSGSEA_RANK_WALK,28,0.0038314176245210726,0.9845621844918534,0.003831436372784562,0.2,NO_KNOWN_OVERLAP,INCLUDE_PRIMARY_INDEPENDENT,0.9845621844918534
GSE57065,SIG034,T1,T24,HALLMARK_MITOTIC_SPINDLE,HALLMARK_SECONDARY,SSGSEA_RANK_WALK,28,0.37219485495347565,0.051128465056249545,0.39096849051446136,0.2,NO_KNOWN_OVERLAP,INCLUDE_PRIMARY_INDEPENDENT,0.3633200357485175
GSE57065,SIG034,T1,T24,HALLMARK_MTORC1_SIGNALING,HALLMARK_SECONDARY,SSGSEA_RANK_WALK,28,0.056376573617952924,0.7756882409162642,0.05643641533764641,0.2,NO_KNOWN_OVERLAP,INCLUDE_PRIMARY_INDEPENDENT,0.883422718821301
GSE57065,SIG034,T1,T24,HALLMARK_MYC_TARGETS_V1,HALLMARK_SECONDARY,SSGSEA_RANK_WALK,28,-0.1926655719759168,0.3259752576387255,-0.19510403308534985,0.2,NO_KNOWN_OVERLAP,INCLUDE_PRIMARY_INDEPENDENT,0.7651721684188378
GSE57065,SIG034,T1,T24,HALLMARK_MYC_TARGETS_V2,HALLMARK_SECONDARY,SSGSEA_RANK_WALK,28,-0.42966611932129173,0.022494970753760696,-0.4594871340415047,0.2,NO_KNOWN_OVERLAP,INCLUDE_PRIMARY_INDEPENDENT,0.3633200357485175
GSE57065,SIG034,T1,T24,HALLMARK_MYOGENESIS,HALLMARK_SECONDARY,SSGSEA_RANK_WALK,28,0.021893814997263273,0.9119476157286659,0.021897314191147287,0.2,NO_KNOWN_OVERLAP,INCLUDE_PRIMARY_INDEPENDENT,0.9347463061218825
GSE57065,SIG034,T1,T24,HALLMARK_NOTCH_SIGNALING,HALLMARK_SECONDARY,SSGSEA_RANK_WALK,28,-0.03831417624521073,0.8465149505909308,-0.03833294087395851,0.2,NO_KNOWN_OVERLAP,INCLUDE_PRIMARY_INDEPENDENT,0.8899259736981582
GSE57065,SIG034,T1,T24,HALLMARK_OXIDATIVE_PHOSPHORYLATION,PRESET_PRIMARY,SSGSEA_RANK_WALK,28,-0.06622879036672139,0.7377458166496891,-0.06632587807542797,0.2,NO_KNOWN_OVERLAP,INCLUDE_PRIMARY_INDEPENDENT,0.8774292515595576
GSE57065,SIG034,T1,T24,HALLMARK_P53_PATHWAY,HALLMARK_SECONDARY,SSGSEA_RANK_WALK,28,-0.18226600985221672,0.3532531226103417,-0.18432556749272402,0.2,NO_KNOWN_OVERLAP,INCLUDE_PRIMARY_INDEPENDENT,0.7651721684188378
GSE57065,SIG034,T1,T24,HALLMARK_PANCREAS_BETA_CELLS,HALLMARK_SECONDARY,SSGSEA_RANK_WALK,28,-0.08538587848932677,0.6657336848780089,-0.08559429996220114,0.2,NO_KNOWN_OVERLAP,INCLUDE_PRIMARY_INDEPENDENT,0.7798594594285247
GSE57065,SIG034,T1,T24,HALLMARK_PEROXISOME,HALLMARK_SECONDARY,SSGSEA_RANK_WALK,28,-0.10071154898741107,0.6101086929016459,-0.101054135867692,0.2,NO_KNOWN_OVERLAP,INCLUDE_PRIMARY_INDEPENDENT,0.7726197234659387
GSE57065,SIG034,T1,T24,HALLMARK_PI3K_AKT_MTOR_SIGNALING,HALLMARK_SECONDARY,SSGSEA_RANK_WALK,28,-0.15270935960591134,0.4378745277603028,-0.1539133192721242,0.2,NO_KNOWN_OVERLAP,INCLUDE_PRIMARY_INDEPENDENT,0.7651721684188378
GSE57065,SIG034,T1,T24,HALLMARK_PROTEIN_SECRETION,HALLMARK_SECONDARY,SSGSEA_RANK_WALK,28,0.14942528735632182,0.4479056595622466,0.15055254639196078,0.2,NO_KNOWN_OVERLAP,INCLUDE_PRIMARY_INDEPENDENT,0.7651721684188378
GSE57065,SIG034,T1,T24,HALLMARK_REACTIVE_OXYGEN_SPECIES_PATHWAY,HALLMARK_SECONDARY,SSGSEA_RANK_WALK,28,0.1839080459770115,0.3488582722281329,0.18602455559416017,0.2,NO_KNOWN_OVERLAP,INCLUDE_PRIMARY_INDEPENDENT,0.7651721684188378
GSE57065,SIG034,T1,T24,HALLMARK_SPERMATOGENESIS,HALLMARK_SECONDARY,SSGSEA_RANK_WALK,28,0.367816091954023,0.054143804822237775,0.3858951539395292,0.2,NO_KNOWN_OVERLAP,INCLUDE_PRIMARY_INDEPENDENT,0.3633200357485175
GSE57065,SIG034,T1,T24,HALLMARK_TGF_BETA_SIGNALING,HALLMARK_SECONDARY,SSGSEA_RANK_WALK,28,-0.18336070060207993,0.35031957640508793,-0.18545810871772372,0.2,NO_KNOWN_OVERLAP,INCLUDE_PRIMARY_INDEPENDENT,0.7651721684188378
GSE57065,SIG034,T1,T24,HALLMARK_TNFA_SIGNALING_VIA_NFKB,PRESET_PRIMARY,SSGSEA_RANK_WALK,28,0.11275314723590585,0.567824409870983,0.11323464594633526,0.2,NO_KNOWN_OVERLAP,INCLUDE_PRIMARY_INDEPENDENT,0.8517366148064746
GSE57065,SIG034,T1,T24,HALLMARK_UNFOLDED_PROTEIN_RESPONSE,HALLMARK_SECONDARY,SSGSEA_RANK_WALK,28,-0.10509031198686371,0.5945805409602102,-0.10547976749074185,0.2,NO_KNOWN_OVERLAP,INCLUDE_PRIMARY_INDEPENDENT,0.7726197234659387
GSE57065,SIG034,T1,T24,HALLMARK_UV_RESPONSE_DN,HALLMARK_SECONDARY,SSGSEA_RANK_WALK,28,-0.5205254515599342,0.004515547969741711,-0.5770602161889486,0.2,NO_KNOWN_OVERLAP,INCLUDE_PRIMARY_INDEPENDENT,0.18513746675941017
GSE57065,SIG034,T1,T24,HALLMARK_UV_RESPONSE_UP,HALLMARK_SECONDARY,SSGSEA_RANK_WALK,28,0.09742747673782157,0.6218646554725848,0.09773750859053533,0.2,NO_KNOWN_OVERLAP,INCLUDE_PRIMARY_INDEPENDENT,0.7726197234659387
GSE57065,SIG034,T1,T24,HALLMARK_WNT_BETA_CATENIN_SIGNALING,HALLMARK_SECONDARY,SSGSEA_RANK_WALK,28,-0.29885057471264365,0.12239021172143656,-0.3082569772695146,0.2,NO_KNOWN_OVERLAP,INCLUDE_PRIMARY_INDEPENDENT,0.5575554089532111
GSE57065,SIG034,T1,T24,HALLMARK_XENOBIOTIC_METABOLISM,HALLMARK_SECONDARY,SSGSEA_RANK_WALK,28,0.3760262725779967,0.04859997021182191,0.3954234238808258,0.2,NO_KNOWN_OVERLAP,INCLUDE_PRIMARY_INDEPENDENT,0.3633200357485175
GSE57065,SIG034,T1,T24,Neutrophil degranulation,REACTOME_SUPPLEMENT,SSGSEA_RANK_WALK,28,0.6135741652983032,0.0005160242664062464,0.7146335079079925,0.2,NO_KNOWN_OVERLAP,INCLUDE_PRIMARY_INDEPENDENT,0.0010320485328124927
GSE57065,SIG034,T1,T24,TCR signaling,REACTOME_SUPPLEMENT,SSGSEA_RANK_WALK,28,-0.5659551176792555,0.0016946968834673408,-0.6415516357076311,0.2,NO_KNOWN_OVERLAP,INCLUDE_PRIMARY_INDEPENDENT,0.0016946968834673408
GSE57065,SIG034,T2,T48,HALLMARK_ADIPOGENESIS,HALLMARK_SECONDARY,SSGSEA_RANK_WALK,26,0.5029059829059829,0.008828927286457722,0.5531883287150237,0.20851441405707477,NO_KNOWN_OVERLAP,INCLUDE_PRIMARY_INDEPENDENT,0.08865950364665545
GSE57065,SIG034,T2,T48,HALLMARK_ALLOGRAFT_REJECTION,PRESET_PRIMARY,SSGSEA_RANK_WALK,26,-0.4140170940170939,0.03549558374109378,-0.4404496585152699,0.20851441405707477,NO_KNOWN_OVERLAP,INCLUDE_PRIMARY_INDEPENDENT,0.10648675122328134
GSE57065,SIG034,T2,T48,HALLMARK_ANDROGEN_RESPONSE,HALLMARK_SECONDARY,SSGSEA_RANK_WALK,26,0.2423931623931624,0.2328399771354567,0.247315100544471,0.20851441405707477,NO_KNOWN_OVERLAP,INCLUDE_PRIMARY_INDEPENDENT,0.5024441611870382
GSE57065,SIG034,T2,T48,HALLMARK_ANGIOGENESIS,HALLMARK_SECONDARY,SSGSEA_RANK_WALK,26,0.40170940170940167,0.04193317473839774,0.42568559288741964,0.20851441405707477,NO_KNOWN_OVERLAP,INCLUDE_PRIMARY_INDEPENDENT,0.20351068166545572
GSE57065,SIG034,T2,T48,HALLMARK_APICAL_JUNCTION,HALLMARK_SECONDARY,SSGSEA_RANK_WALK,26,-0.19247863247863245,0.34617585560141473,-0.1949098941357813,0.20851441405707477,NO_KNOWN_OVERLAP,INCLUDE_PRIMARY_INDEPENDENT,0.6124839388942446
GSE57065,SIG034,T2,T48,HALLMARK_APICAL_SURFACE,HALLMARK_SECONDARY,SSGSEA_RANK_WALK,26,-0.3969230769230768,0.04467307646314882,-0.41999126940541526,0.20851441405707477,NO_KNOWN_OVERLAP,INCLUDE_PRIMARY_INDEPENDENT,0.20351068166545572
GSE57065,SIG034,T2,T48,HALLMARK_APOPTOSIS,PRESET_PRIMARY,SSGSEA_RANK_WALK,26,-0.24034188034188034,0.236940118240925,-0.24513692051772595,0.20851441405707477,NO_KNOWN_OVERLAP,INCLUDE_PRIMARY_INDEPENDENT,0.5331152660420813
GSE57065,SIG034,T2,T48,HALLMARK_BILE_ACID_METABOLISM,HALLMARK_SECONDARY,SSGSEA_RANK_WALK,26,0.13299145299145299,0.5172037613432983,0.13378394121469583,0.20851441405707477,NO_KNOWN_OVERLAP,INCLUDE_PRIMARY_INDEPENDENT,0.6626673192211009
GSE57065,SIG034,T2,T48,HALLMARK_CHOLESTEROL_HOMEOSTASIS,HALLMARK_SECONDARY,SSGSEA_RANK_WALK,26,0.49128205128205127,0.010812134591055544,0.5377488656842686,0.20851441405707477,NO_KNOWN_OVERLAP,INCLUDE_PRIMARY_INDEPENDENT,0.08865950364665545
GSE57065,SIG034,T2,T48,HALLMARK_COAGULATION,PRESET_PRIMARY,SSGSEA_RANK_WALK,26,-0.0823931623931624,0.6890506826294659,-0.08258037117469254,0.20851441405707477,NO_KNOWN_OVERLAP,INCLUDE_PRIMARY_INDEPENDENT,0.7751820179581491
GSE57065,SIG034,T2,T48,HALLMARK_COMPLEMENT,PRESET_PRIMARY,SSGSEA_RANK_WALK,26,-0.174017094017094,0.395218539452605,-0.17580624120135763,0.20851441405707477,NO_KNOWN_OVERLAP,INCLUDE_PRIMARY_INDEPENDENT,0.5928278091789075
GSE57065,SIG034,T2,T48,HALLMARK_DNA_REPAIR,HALLMARK_SECONDARY,SSGSEA_RANK_WALK,26,0.2553846153846154,0.20796792333784292,0.26116472412373765,0.20851441405707477,NO_KNOWN_OVERLAP,INCLUDE_PRIMARY_INDEPENDENT,0.5024441611870382
GSE57065,SIG034,T2,T48,HALLMARK_E2F_TARGETS,HALLMARK_SECONDARY,SSGSEA_RANK_WALK,26,0.40170940170940167,0.04193317473839774,0.42568559288741964,0.20851441405707477,NO_KNOWN_OVERLAP,INCLUDE_PRIMARY_INDEPENDENT,0.20351068166545572
GSE57065,SIG034,T2,T48,HALLMARK_EPITHELIAL_MESENCHYMAL_TRANSITION,HALLMARK_SECONDARY,SSGSEA_RANK_WALK,26,-0.14666666666666667,0.4746359847360758,-0.14773210644691795,0.20851441405707477,NO_KNOWN_OVERLAP,INCLUDE_PRIMARY_INDEPENDENT,0.6626673192211009
GSE57065,SIG034,T2,T48,HALLMARK_ESTROGEN_RESPONSE_EARLY,HALLMARK_SECONDARY,SSGSEA_RANK_WALK,26,-0.0030769230769230765,0.9880978710589009,-0.003076932787189129,0.20851441405707477,NO_KNOWN_OVERLAP,INCLUDE_PRIMARY_INDEPENDENT,0.988097871058901
GSE57065,SIG034,T2,T48,HALLMARK_ESTROGEN_RESPONSE_LATE,HALLMARK_SECONDARY,SSGSEA_RANK_WALK,26,0.2458119658119658,0.2261116334044102,0.25095052928320055,0.20851441405707477,NO_KNOWN_OVERLAP,INCLUDE_PRIMARY_INDEPENDENT,0.5024441611870382
GSE57065,SIG034,T2,T48,HALLMARK_FATTY_ACID_METABOLISM,HALLMARK_SECONDARY,SSGSEA_RANK_WALK,26,0.17264957264957262,0.3990005880076417,0.17439636050462673,0.20851441405707477,NO_KNOWN_OVERLAP,INCLUDE_PRIMARY_INDEPENDENT,0.6291932349351274
GSE57065,SIG034,T2,T48,HALLMARK_G2M_CHECKPOINT,HALLMARK_SECONDARY,SSGSEA_RANK_WALK,26,0.44341880341880335,0.023273714491766132,0.47647834092289004,0.20851441405707477,NO_KNOWN_OVERLAP,INCLUDE_PRIMARY_INDEPENDENT,0.15903704902706858
GSE57065,SIG034,T2,T48,HALLMARK_GLYCOLYSIS,HALLMARK_SECONDARY,SSGSEA_RANK_WALK,26,0.5767521367521368,0.00204015545261251,0.6575822140722042,0.20851441405707477,NO_KNOWN_OVERLAP,INCLUDE_PRIMARY_INDEPENDENT,0.041823186778556454
GSE57065,SIG034,T2,T48,HALLMARK_HEDGEHOG_SIGNALING,HALLMARK_SECONDARY,SSGSEA_RANK_WALK,26,0.14803418803418802,0.47048080273986936,0.14912997886507118,0.20851441405707477,NO_KNOWN_OVERLAP,INCLUDE_PRIMARY_INDEPENDENT,0.6626673192211009
GSE57065,SIG034,T2,T48,HALLMARK_HEME_METABOLISM,HALLMARK_SECONDARY,SSGSEA_RANK_WALK,26,0.1911111111111111,0.3496786228612845,0.19349014671703066,0.20851441405707477,NO_KNOWN_OVERLAP,INCLUDE_PRIMARY_INDEPENDENT,0.6124839388942446
GSE57065,SIG034,T2,T48,HALLMARK_HYPOXIA,HALLMARK_SECONDARY,SSGSEA_RANK_WALK,26,0.043418803418803414,0.8331963550117072,0.04344611858946056,0.20851441405707477,NO_KNOWN_OVERLAP,INCLUDE_PRIMARY_INDEPENDENT,0.8989750146178946
GSE57065,SIG034,T2,T48,HALLMARK_IL2_STAT5_SIGNALING,HALLMARK_SECONDARY,SSGSEA_RANK_WALK,26,-0.37846153846153846,0.056587905025482076,-0.3982627675068902,0.20851441405707477,NO_KNOWN_OVERLAP,INCLUDE_PRIMARY_INDEPENDENT,0.23201041060447652
GSE57065,SIG034,T2,T48,HALLMARK_IL6_JAK_STAT3_SIGNALING,HALLMARK_SECONDARY,SSGSEA_RANK_WALK,26,0.2423931623931624,0.2328399771354567,0.247315100544471,0.20851441405707477,NO_KNOWN_OVERLAP,INCLUDE_PRIMARY_INDEPENDENT,0.5024441611870382
GSE57065,SIG034,T2,T48,HALLMARK_INFLAMMATORY_RESPONSE,PRESET_PRIMARY,SSGSEA_RANK_WALK,26,-0.019487179487179485,0.9247220780592231,-0.01948964680258637,0.20851441405707477,NO_KNOWN_OVERLAP,INCLUDE_PRIMARY_INDEPENDENT,0.924722078059223
GSE57065,SIG034,T2,T48,HALLMARK_INTERFERON_ALPHA_RESPONSE,PRESET_PRIMARY,SSGSEA_RANK_WALK,26,-0.43316239316239313,0.027072587422029608,-0.46378294515281887,0.20851441405707477,NO_KNOWN_OVERLAP,INCLUDE_PRIMARY_INDEPENDENT,0.10648675122328134
GSE57065,SIG034,T2,T48,HALLMARK_INTERFERON_GAMMA_RESPONSE,PRESET_PRIMARY,SSGSEA_RANK_WALK,26,-0.5788034188034188,0.0019491584059475875,-0.6606614229104878,0.20851441405707477,NO_KNOWN_OVERLAP,INCLUDE_PRIMARY_INDEPENDENT,0.017542425653528287
GSE57065,SIG034,T2,T48,HALLMARK_KRAS_SIGNALING_DN,HALLMARK_SECONDARY,SSGSEA_RANK_WALK,26,-0.30393162393162393,0.13116981865699487,-0.3138457042449755,0.20851441405707477,NO_KNOWN_OVERLAP,INCLUDE_PRIMARY_INDEPENDENT,0.3841401832097707
GSE57065,SIG034,T2,T48,HALLMARK_KRAS_SIGNALING_UP,HALLMARK_SECONDARY,SSGSEA_RANK_WALK,26,0.027008547008547008,0.8958009659317578,0.02701511711711384,0.20851441405707477,NO_KNOWN_OVERLAP,INCLUDE_PRIMARY_INDEPENDENT,0.9417394770051813
GSE57065,SIG034,T2,T48,HALLMARK_MITOTIC_SPINDLE,HALLMARK_SECONDARY,SSGSEA_RANK_WALK,26,0.545982905982906,0.003909970026097234,0.6126401614007679,0.20851441405707477,NO_KNOWN_OVERLAP,INCLUDE_PRIMARY_INDEPENDENT,0.05343625702332886
GSE57065,SIG034,T2,T48,HALLMARK_MTORC1_SIGNALING,HALLMARK_SECONDARY,SSGSEA_RANK_WALK,26,0.31555555555555553,0.1163409870742488,0.3267034259552156,0.20851441405707477,NO_KNOWN_OVERLAP,INCLUDE_PRIMARY_INDEPENDENT,0.36692157461878466
GSE57065,SIG034,T2,T48,HALLMARK_MYC_TARGETS_V1,HALLMARK_SECONDARY,SSGSEA_RANK_WALK,26,0.11863247863247862,0.5638018209840501,0.11919375711175247,0.20851441405707477,NO_KNOWN_OVERLAP,INCLUDE_PRIMARY_INDEPENDENT,0.6798786664807662
GSE57065,SIG034,T2,T48,HALLMARK_MYC_TARGETS_V2,HALLMARK_SECONDARY,SSGSEA_RANK_WALK,26,0.007863247863247862,0.9695892871458933,0.007863409932547033,0.20851441405707477,NO_KNOWN_OVERLAP,INCLUDE_PRIMARY_INDEPENDENT,0.988097871058901
GSE57065,SIG034,T2,T48,HALLMARK_MYOGENESIS,HALLMARK_SECONDARY,SSGSEA_RANK_WALK,26,-0.13572649572649573,0.5085449744543752,-0.13656926745324607,0.20851441405707477,NO_KNOWN_OVERLAP,INCLUDE_PRIMARY_INDEPENDENT,0.6626673192211009
GSE57065,SIG034,T2,T48,HALLMARK_NOTCH_SIGNALING,HALLMARK_SECONDARY,SSGSEA_RANK_WALK,26,-0.10974358974358973,0.5935628178978917,-0.11018737237303833,0.20851441405707477,NO_KNOWN_OVERLAP,INCLUDE_PRIMARY_INDEPENDENT,0.6953164438232445
GSE57065,SIG034,T2,T48,HALLMARK_OXIDATIVE_PHOSPHORYLATION,PRESET_PRIMARY,SSGSEA_RANK_WALK,26,0.1979487179487179,0.332375121559518,0.2005967114214306,0.20851441405707477,NO_KNOWN_OVERLAP,INCLUDE_PRIMARY_INDEPENDENT,0.5928278091789075
GSE57065,SIG034,T2,T48,HALLMARK_P53_PATHWAY,HALLMARK_SECONDARY,SSGSEA_RANK_WALK,26,0.2663247863247863,0.18847332936074787,0.27290383628771303,0.20851441405707477,NO_KNOWN_OVERLAP,INCLUDE_PRIMARY_INDEPENDENT,0.5024441611870382
GSE57065,SIG034,T2,T48,HALLMARK_PANCREAS_BETA_CELLS,HALLMARK_SECONDARY,SSGSEA_RANK_WALK,26,-0.06940170940170941,0.7362051227661002,-0.06951345922689517,0.20851441405707477,NO_KNOWN_OVERLAP,INCLUDE_PRIMARY_INDEPENDENT,0.8157948657678407
GSE57065,SIG034,T2,T48,HALLMARK_PEROXISOME,HALLMARK_SECONDARY,SSGSEA_RANK_WALK,26,0.15213675213675212,0.4581289005371054,0.15332709209368975,0.20851441405707477,NO_KNOWN_OVERLAP,INCLUDE_PRIMARY_INDEPENDENT,0.6626673192211009
GSE57065,SIG034,T2,T48,HALLMARK_PI3K_AKT_MTOR_SIGNALING,HALLMARK_SECONDARY,SSGSEA_RANK_WALK,26,-0.10222222222222223,0.6192572431441283,-0.10258052438188871,0.20851441405707477,NO_KNOWN_OVERLAP,INCLUDE_PRIMARY_INDEPENDENT,0.7052651935808129
GSE57065,SIG034,T2,T48,HALLMARK_PROTEIN_SECRETION,HALLMARK_SECONDARY,SSGSEA_RANK_WALK,26,0.18769230769230769,0.35852718374297243,0.18994413315925734,0.20851441405707477,NO_KNOWN_OVERLAP,INCLUDE_PRIMARY_INDEPENDENT,0.6124839388942446
GSE57065,SIG034,T2,T48,HALLMARK_REACTIVE_OXYGEN_SPECIES_PATHWAY,HALLMARK_SECONDARY,SSGSEA_RANK_WALK,26,0.32991452991452985,0.09977131150207555,0.3427323421939645,0.20851441405707477,NO_KNOWN_OVERLAP,INCLUDE_PRIMARY_INDEPENDENT,0.3408853142987582
GSE57065,SIG034,T2,T48,HALLMARK_SPERMATOGENESIS,HALLMARK_SECONDARY,SSGSEA_RANK_WALK,26,0.6116239316239316,0.0009002400243312802,0.7115117421074898,0.20851441405707477,NO_KNOWN_OVERLAP,INCLUDE_PRIMARY_INDEPENDENT,0.03690984099758249
GSE57065,SIG034,T2,T48,HALLMARK_TGF_BETA_SIGNALING,HALLMARK_SECONDARY,SSGSEA_RANK_WALK,26,-0.17606837606837608,0.3895836671644305,-0.1779223619413717,0.20851441405707477,NO_KNOWN_OVERLAP,INCLUDE_PRIMARY_INDEPENDENT,0.6291932349351274
GSE57065,SIG034,T2,T48,HALLMARK_TNFA_SIGNALING_VIA_NFKB,PRESET_PRIMARY,SSGSEA_RANK_WALK,26,0.08786324786324784,0.6695180334275164,0.0880904009311089,0.20851441405707477,NO_KNOWN_OVERLAP,INCLUDE_PRIMARY_INDEPENDENT,0.7751820179581491
GSE57065,SIG034,T2,T48,HALLMARK_UNFOLDED_PROTEIN_RESPONSE,HALLMARK_SECONDARY,SSGSEA_RANK_WALK,26,0.13914529914529913,0.49782248280054353,0.1400538943412204,0.20851441405707477,NO_KNOWN_OVERLAP,INCLUDE_PRIMARY_INDEPENDENT,0.6626673192211009
GSE57065,SIG034,T2,T48,HALLMARK_UV_RESPONSE_DN,HALLMARK_SECONDARY,SSGSEA_RANK_WALK,26,-0.12615384615384614,0.5391585073042711,-0.1268295476200801,0.20851441405707477,NO_KNOWN_OVERLAP,INCLUDE_PRIMARY_INDEPENDENT,0.6698635999840944
GSE57065,SIG034,T2,T48,HALLMARK_UV_RESPONSE_UP,HALLMARK_SECONDARY,SSGSEA_RANK_WALK,26,0.3504273504273504,0.07924255927339348,0.3659308463703178,0.20851441405707477,NO_KNOWN_OVERLAP,INCLUDE_PRIMARY_INDEPENDENT,0.2953586300190121
GSE57065,SIG034,T2,T48,HALLMARK_WNT_BETA_CATENIN_SIGNALING,HALLMARK_SECONDARY,SSGSEA_RANK_WALK,26,-0.21504273504273502,0.2914321294011375,-0.21845262563756981,0.20851441405707477,NO_KNOWN_OVERLAP,INCLUDE_PRIMARY_INDEPENDENT,0.5689865383546018
GSE57065,SIG034,T2,T48,HALLMARK_XENOBIOTIC_METABOLISM,HALLMARK_SECONDARY,SSGSEA_RANK_WALK,26,0.21777777777777776,0.2851898367049421,0.22132205567495922,0.20851441405707477,NO_KNOWN_OVERLAP,INCLUDE_PRIMARY_INDEPENDENT,0.5689865383546018
GSE57065,SIG034,T2,T48,Neutrophil degranulation,REACTOME_SUPPLEMENT,SSGSEA_RANK_WALK,26,0.8229059829059829,2.4656242441544754e-07,1.1657532195195581,0.20851441405707477,NO_KNOWN_OVERLAP,INCLUDE_PRIMARY_INDEPENDENT,4.931248488308951e-07
GSE57065,SIG034,T2,T48,TCR signaling,REACTOME_SUPPLEMENT,SSGSEA_RANK_WALK,26,-0.10358974358974359,0.6145518317541101,-0.10396268253309714,0.20851441405707477,NO_KNOWN_OVERLAP,INCLUDE_PRIMARY_INDEPENDENT,0.6145518317541101
GSE8121,SIG001,T2,T48,HALLMARK_ADIPOGENESIS,HALLMARK_SECONDARY,SSGSEA_RANK_WALK,30,0.26852057842046717,0.15135592862640543,0.2752687566482734,0.19245008972987526,NO_KNOWN_OVERLAP,INCLUDE_PRIMARY_INDEPENDENT,0.34475517076014567
GSE8121,SIG001,T2,T48,HALLMARK_ALLOGRAFT_REJECTION,PRESET_PRIMARY,SSGSEA_RANK_WALK,30,0.16974416017797553,0.36985030900798976,0.17140322166129604,0.19245008972987526,NO_KNOWN_OVERLAP,INCLUDE_PRIMARY_INDEPENDENT,0.4160815976339885
GSE8121,SIG001,T2,T48,HALLMARK_ANDROGEN_RESPONSE,HALLMARK_SECONDARY,SSGSEA_RANK_WALK,30,0.29299221357063404,0.11611233700618781,0.3018363387967561,0.19245008972987526,NO_KNOWN_OVERLAP,INCLUDE_PRIMARY_INDEPENDENT,0.303523971405643
GSE8121,SIG001,T2,T48,HALLMARK_ANGIOGENESIS,HALLMARK_SECONDARY,SSGSEA_RANK_WALK,30,0.09632925472747497,0.6125912726882878,0.09662888153651286,0.19245008972987526,NO_KNOWN_OVERLAP,INCLUDE_PRIMARY_INDEPENDENT,0.7311842513508267
GSE8121,SIG001,T2,T48,HALLMARK_APICAL_JUNCTION,HALLMARK_SECONDARY,SSGSEA_RANK_WALK,30,-0.31835372636262516,0.08643062535260246,-0.32981409863651434,0.19245008972987526,NO_KNOWN_OVERLAP,INCLUDE_PRIMARY_INDEPENDENT,0.26417119464520494
GSE8121,SIG001,T2,T48,HALLMARK_APICAL_SURFACE,HALLMARK_SECONDARY,SSGSEA_RANK_WALK,30,-0.42335928809788653,0.019745978647418394,-0.451777831518649,0.19245008972987526,NO_KNOWN_OVERLAP,INCLUDE_PRIMARY_INDEPENDENT,0.26417119464520494
GSE8121,SIG001,T2,T48,HALLMARK_APOPTOSIS,PRESET_PRIMARY,SSGSEA_RANK_WALK,30,0.289432703003337,0.1208190715964364,0.2979469873328076,0.19245008972987526,NO_KNOWN_OVERLAP,INCLUDE_PRIMARY_INDEPENDENT,0.2174743288735855
GSE8121,SIG001,T2,T48,HALLMARK_BILE_ACID_METABOLISM,HALLMARK_SECONDARY,SSGSEA_RANK_WALK,30,-0.07630700778642936,0.6885846533599633,-0.076455633162124,0.19245008972987526,NO_KNOWN_OVERLAP,INCLUDE_PRIMARY_INDEPENDENT,0.7630262375069864
GSE8121,SIG001,T2,T48,HALLMARK_CHOLESTEROL_HOMEOSTASIS,HALLMARK_SECONDARY,SSGSEA_RANK_WALK,30,0.2088987764182425,0.2679284761138115,0.21201959667624895,0.19245008972987526,NO_KNOWN_OVERLAP,INCLUDE_PRIMARY_INDEPENDENT,0.457711146694428
GSE8121,SIG001,T2,T48,HALLMARK_COAGULATION,PRESET_PRIMARY,SSGSEA_RANK_WALK,30,-0.11813125695216908,0.5341252028753447,-0.11868541132682944,0.19245008972987526,NO_KNOWN_OVERLAP,INCLUDE_PRIMARY_INDEPENDENT,0.5341252028753447
GSE8121,SIG001,T2,T48,HALLMARK_COMPLEMENT,PRESET_PRIMARY,SSGSEA_RANK_WALK,30,0.33036707452725245,0.07457781828324109,0.34324024460087793,0.19245008972987526,NO_KNOWN_OVERLAP,INCLUDE_PRIMARY_INDEPENDENT,0.2174743288735855
GSE8121,SIG001,T2,T48,HALLMARK_DNA_REPAIR,HALLMARK_SECONDARY,SSGSEA_RANK_WALK,30,0.185761957730812,0.3256980819106049,0.18794404538223916,0.19245008972987526,NO_KNOWN_OVERLAP,INCLUDE_PRIMARY_INDEPENDENT,0.534144854333392
GSE8121,SIG001,T2,T48,HALLMARK_E2F_TARGETS,HALLMARK_SECONDARY,SSGSEA_RANK_WALK,30,0.0932146829810901,0.624181677982413,0.0934860793692545,0.19245008972987526,NO_KNOWN_OVERLAP,INCLUDE_PRIMARY_INDEPENDENT,0.7311842513508267
GSE8121,SIG001,T2,T48,HALLMARK_EPITHELIAL_MESENCHYMAL_TRANSITION,HALLMARK_SECONDARY,SSGSEA_RANK_WALK,30,0.006006674082313682,0.9748690768685238,0.0060067463244119134,0.19245008972987526,NO_KNOWN_OVERLAP,INCLUDE_PRIMARY_INDEPENDENT,0.9748690768685238
GSE8121,SIG001,T2,T48,HALLMARK_ESTROGEN_RESPONSE_EARLY,HALLMARK_SECONDARY,SSGSEA_RANK_WALK,30,-0.1408231368186874,0.4579319987889401,-0.14176526780602308,0.19245008972987526,NO_KNOWN_OVERLAP,INCLUDE_PRIMARY_INDEPENDENT,0.6555632339707185
GSE8121,SIG001,T2,T48,HALLMARK_ESTROGEN_RESPONSE_LATE,HALLMARK_SECONDARY,SSGSEA_RANK_WALK,30,-0.35795328142380417,0.05211466879340193,-0.3745364168152383,0.19245008972987526,NO_KNOWN_OVERLAP,INCLUDE_PRIMARY_INDEPENDENT,0.26417119464520494
GSE8121,SIG001,T2,T48,HALLMARK_FATTY_ACID_METABOLISM,HALLMARK_SECONDARY,SSGSEA_RANK_WALK,30,0.16885428253615126,0.3724017531717405,0.17048708544837593,0.19245008972987526,NO_KNOWN_OVERLAP,INCLUDE_PRIMARY_INDEPENDENT,0.5654989585200504
GSE8121,SIG001,T2,T48,HALLMARK_G2M_CHECKPOINT,HALLMARK_SECONDARY,SSGSEA_RANK_WALK,30,0.10255839822024472,0.5896854089021197,0.102920262117438,0.19245008972987526,NO_KNOWN_OVERLAP,INCLUDE_PRIMARY_INDEPENDENT,0.7311842513508267
GSE8121,SIG001,T2,T48,HALLMARK_GLYCOLYSIS,HALLMARK_SECONDARY,SSGSEA_RANK_WALK,30,0.13904338153503895,0.4636910679305082,0.139949966004863,0.19245008972987526,NO_KNOWN_OVERLAP,INCLUDE_PRIMARY_INDEPENDENT,0.6555632339707185
GSE8121,SIG001,T2,T48,HALLMARK_HEDGEHOG_SIGNALING,HALLMARK_SECONDARY,SSGSEA_RANK_WALK,30,-0.21957730812013349,0.2436682222686025,-0.22321196168532875,0.19245008972987526,NO_KNOWN_OVERLAP,INCLUDE_PRIMARY_INDEPENDENT,0.45410895968239556
GSE8121,SIG001,T2,T48,HALLMARK_HEME_METABOLISM,HALLMARK_SECONDARY,SSGSEA_RANK_WALK,30,-0.27786429365962184,0.13709069993679465,-0.28536618132676184,0.19245008972987526,NO_KNOWN_OVERLAP,INCLUDE_PRIMARY_INDEPENDENT,0.3306305116122695
GSE8121,SIG001,T2,T48,HALLMARK_HYPOXIA,HALLMARK_SECONDARY,SSGSEA_RANK_WALK,30,0.047385984427141266,0.8036278011377226,0.04742149961526961,0.19245008972987526,NO_KNOWN_OVERLAP,INCLUDE_PRIMARY_INDEPENDENT,0.8670721012275427
GSE8121,SIG001,T2,T48,HALLMARK_IL2_STAT5_SIGNALING,HALLMARK_SECONDARY,SSGSEA_RANK_WALK,30,0.43804226918798667,0.015474536513765689,0.46980564864524743,0.19245008972987526,NO_KNOWN_OVERLAP,INCLUDE_PRIMARY_INDEPENDENT,0.26417119464520494
GSE8121,SIG001,T2,T48,HALLMARK_IL6_JAK_STAT3_SIGNALING,HALLMARK_SECONDARY,SSGSEA_RANK_WALK,30,0.3730812013348164,0.042295423230642434,0.3919977605122129,0.19245008972987526,NO_KNOWN_OVERLAP,INCLUDE_PRIMARY_INDEPENDENT,0.26417119464520494
GSE8121,SIG001,T2,T48,HALLMARK_INFLAMMATORY_RESPONSE,PRESET_PRIMARY,SSGSEA_RANK_WALK,30,0.4264738598442714,0.01876687593327937,0.45557866511515543,0.19245008972987526,NO_KNOWN_OVERLAP,INCLUDE_PRIMARY_INDEPENDENT,0.1452155746323426
GSE8121,SIG001,T2,T48,HALLMARK_INTERFERON_ALPHA_RESPONSE,PRESET_PRIMARY,SSGSEA_RANK_WALK,30,0.2418242491657397,0.19793631548021687,0.24671076307353054,0.19245008972987526,NO_KNOWN_OVERLAP,INCLUDE_PRIMARY_INDEPENDENT,0.25448954847456456
GSE8121,SIG001,T2,T48,HALLMARK_INTERFERON_GAMMA_RESPONSE,PRESET_PRIMARY,SSGSEA_RANK_WALK,30,0.296551724137931,0.11154315929129337,0.30573457477283905,0.19245008972987526,NO_KNOWN_OVERLAP,INCLUDE_PRIMARY_INDEPENDENT,0.2174743288735855
GSE8121,SIG001,T2,T48,HALLMARK_KRAS_SIGNALING_DN,HALLMARK_SECONDARY,SSGSEA_RANK_WALK,30,-0.40200222469410457,0.02765522863370588,-0.42603481033708995,0.19245008972987526,NO_KNOWN_OVERLAP,INCLUDE_PRIMARY_INDEPENDENT,0.26417119464520494
GSE8121,SIG001,T2,T48,HALLMARK_KRAS_SIGNALING_UP,HALLMARK_SECONDARY,SSGSEA_RANK_WALK,30,0.3637374860956618,0.048167150697663356,0.38118656255817934,0.19245008972987526,NO_KNOWN_OVERLAP,INCLUDE_PRIMARY_INDEPENDENT,0.26417119464520494
GSE8121,SIG001,T2,T48,HALLMARK_MITOTIC_SPINDLE,HALLMARK_SECONDARY,SSGSEA_RANK_WALK,30,0.21423804226918797,0.25560931823822175,0.21760906977221656,0.19245008972987526,NO_KNOWN_OVERLAP,INCLUDE_PRIMARY_INDEPENDENT,0.4556513933811779
GSE8121,SIG001,T2,T48,HALLMARK_MTORC1_SIGNALING,HALLMARK_SECONDARY,SSGSEA_RANK_WALK,30,0.24849833147942155,0.18546010138233077,0.2538116719273031,0.19245008972987526,NO_KNOWN_OVERLAP,INCLUDE_PRIMARY_INDEPENDENT,0.36208876936550294
GSE8121,SIG001,T2,T48,HALLMARK_MYC_TARGETS_V1,HALLMARK_SECONDARY,SSGSEA_RANK_WALK,30,0.11679644048943269,0.5387877269264418,0.11733191950226937,0.19245008972987526,NO_KNOWN_OVERLAP,INCLUDE_PRIMARY_INDEPENDENT,0.7023431038899367
GSE8121,SIG001,T2,T48,HALLMARK_MYC_TARGETS_V2,HALLMARK_SECONDARY,SSGSEA_RANK_WALK,30,-0.12791991101223582,0.500533515228615,-0.1286245819003603,0.19245008972987526,NO_KNOWN_OVERLAP,INCLUDE_PRIMARY_INDEPENDENT,0.6840624708124405
GSE8121,SIG001,T2,T48,HALLMARK_MYOGENESIS,HALLMARK_SECONDARY,SSGSEA_RANK_WALK,30,-0.25383759733036704,0.17588302295377553,-0.25951046531770827,0.19245008972987526,NO_KNOWN_OVERLAP,INCLUDE_PRIMARY_INDEPENDENT,0.36056019705523984
GSE8121,SIG001,T2,T48,HALLMARK_NOTCH_SIGNALING,HALLMARK_SECONDARY,SSGSEA_RANK_WALK,30,0.2912124582869855,0.11844837908512898,0.29989056176704226,0.19245008972987526,NO_KNOWN_OVERLAP,INCLUDE_PRIMARY_INDEPENDENT,0.303523971405643
GSE8121,SIG001,T2,T48,HALLMARK_OXIDATIVE_PHOSPHORYLATION,PRESET_PRIMARY,SSGSEA_RANK_WALK,30,0.24760845383759733,0.18709103016043782,0.2528634496279502,0.19245008972987526,NO_KNOWN_OVERLAP,INCLUDE_PRIMARY_INDEPENDENT,0.25448954847456456
GSE8121,SIG001,T2,T48,HALLMARK_P53_PATHWAY,HALLMARK_SECONDARY,SSGSEA_RANK_WALK,30,0.33348164627363736,0.07172010733123657,0.3467404516197492,0.19245008972987526,NO_KNOWN_OVERLAP,INCLUDE_PRIMARY_INDEPENDENT,0.26417119464520494
GSE8121,SIG001,T2,T48,HALLMARK_PANCREAS_BETA_CELLS,HALLMARK_SECONDARY,SSGSEA_RANK_WALK,30,-0.07630700778642936,0.6885846533599633,-0.076455633162124,0.19245008972987526,NO_KNOWN_OVERLAP,INCLUDE_PRIMARY_INDEPENDENT,0.7630262375069864
GSE8121,SIG001,T2,T48,HALLMARK_PEROXISOME,HALLMARK_SECONDARY,SSGSEA_RANK_WALK,30,0.3147942157953281,0.09020479817153339,0.32585811721626184,0.19245008972987526,NO_KNOWN_OVERLAP,INCLUDE_PRIMARY_INDEPENDENT,0.26417119464520494
GSE8121,SIG001,T2,T48,HALLMARK_PI3K_AKT_MTOR_SIGNALING,HALLMARK_SECONDARY,SSGSEA_RANK_WALK,30,0.35706340378198,0.052744035321953056,0.37351613452746235,0.19245008972987526,NO_KNOWN_OVERLAP,INCLUDE_PRIMARY_INDEPENDENT,0.26417119464520494
GSE8121,SIG001,T2,T48,HALLMARK_PROTEIN_SECRETION,HALLMARK_SECONDARY,SSGSEA_RANK_WALK,30,0.3650723025583982,0.047290803950272506,0.3827257725051551,0.19245008972987526,NO_KNOWN_OVERLAP,INCLUDE_PRIMARY_INDEPENDENT,0.26417119464520494
GSE8121,SIG001,T2,T48,HALLMARK_REACTIVE_OXYGEN_SPECIES_PATHWAY,HALLMARK_SECONDARY,SSGSEA_RANK_WALK,30,0.2596218020022247,0.1659071671041031,0.26570283186537286,0.19245008972987526,NO_KNOWN_OVERLAP,INCLUDE_PRIMARY_INDEPENDENT,0.3580102026983278
GSE8121,SIG001,T2,T48,HALLMARK_SPERMATOGENESIS,HALLMARK_SECONDARY,SSGSEA_RANK_WALK,30,-0.3486095661846496,0.05902693520546914,-0.3638600912682731,0.19245008972987526,NO_KNOWN_OVERLAP,INCLUDE_PRIMARY_INDEPENDENT,0.26417119464520494
GSE8121,SIG001,T2,T48,HALLMARK_TGF_BETA_SIGNALING,HALLMARK_SECONDARY,SSGSEA_RANK_WALK,30,0.33615127919911014,0.0693387690533294,0.34974714360981213,0.19245008972987526,NO_KNOWN_OVERLAP,INCLUDE_PRIMARY_INDEPENDENT,0.26417119464520494
GSE8121,SIG001,T2,T48,HALLMARK_TNFA_SIGNALING_VIA_NFKB,PRESET_PRIMARY,SSGSEA_RANK_WALK,30,0.3917686318131257,0.03227012769607614,0.4138876324706261,0.19245008972987526,NO_KNOWN_OVERLAP,INCLUDE_PRIMARY_INDEPENDENT,0.1452155746323426
GSE8121,SIG001,T2,T48,HALLMARK_UNFOLDED_PROTEIN_RESPONSE,HALLMARK_SECONDARY,SSGSEA_RANK_WALK,30,0.11412680756395997,0.5481702274262921,0.11462621407789644,0.19245008972987526,NO_KNOWN_OVERLAP,INCLUDE_PRIMARY_INDEPENDENT,0.7023431038899367
GSE8121,SIG001,T2,T48,HALLMARK_UV_RESPONSE_DN,HALLMARK_SECONDARY,SSGSEA_RANK_WALK,30,0.31835372636262516,0.08643062535260246,0.32981409863651434,0.19245008972987526,NO_KNOWN_OVERLAP,INCLUDE_PRIMARY_INDEPENDENT,0.26417119464520494
GSE8121,SIG001,T2,T48,HALLMARK_UV_RESPONSE_UP,HALLMARK_SECONDARY,SSGSEA_RANK_WALK,30,0.17419354838709677,0.3572478396366079,0.1759882115785891,0.19245008972987526,NO_KNOWN_OVERLAP,INCLUDE_PRIMARY_INDEPENDENT,0.5633523625038817
GSE8121,SIG001,T2,T48,HALLMARK_WNT_BETA_CATENIN_SIGNALING,HALLMARK_SECONDARY,SSGSEA_RANK_WALK,30,-0.026028921023359287,0.8914012942214923,-0.026034801653070698,0.19245008972987526,NO_KNOWN_OVERLAP,INCLUDE_PRIMARY_INDEPENDENT,0.9250461220138391
GSE8121,SIG001,T2,T48,HALLMARK_XENOBIOTIC_METABOLISM,HALLMARK_SECONDARY,SSGSEA_RANK_WALK,30,-0.023359288097886538,0.9024840214769162,-0.023363538203984666,0.19245008972987526,NO_KNOWN_OVERLAP,INCLUDE_PRIMARY_INDEPENDENT,0.9250461220138391
GSE8121,SIG001,T2,T48,Neutrophil degranulation,REACTOME_SUPPLEMENT,SSGSEA_RANK_WALK,30,0.25339265850945497,0.17666752543395825,0.25903494042461056,0.19245008972987526,NO_KNOWN_OVERLAP,INCLUDE_PRIMARY_INDEPENDENT,0.17666752543395825
GSE8121,SIG001,T2,T48,TCR signaling,REACTOME_SUPPLEMENT,SSGSEA_RANK_WALK,30,0.31345939933259176,0.09165196861373619,0.32437716667860117,0.19245008972987526,NO_KNOWN_OVERLAP,INCLUDE_PRIMARY_INDEPENDENT,0.17666752543395825
GSE8121,SIG002,T2,T48,HALLMARK_ADIPOGENESIS,HALLMARK_SECONDARY,SSGSEA_RANK_WALK,30,0.4420467185761958,0.014453333141646598,0.4747717409743407,0.19245008972987526,NO_KNOWN_OVERLAP,INCLUDE_PRIMARY_INDEPENDENT,0.04938222156729254
GSE8121,SIG002,T2,T48,HALLMARK_ALLOGRAFT_REJECTION,PRESET_PRIMARY,SSGSEA_RANK_WALK,30,0.29299221357063404,0.11611233700618781,0.3018363387967561,0.19245008972987526,NO_KNOWN_OVERLAP,INCLUDE_PRIMARY_INDEPENDENT,0.15944885586346016
GSE8121,SIG002,T2,T48,HALLMARK_ANDROGEN_RESPONSE,HALLMARK_SECONDARY,SSGSEA_RANK_WALK,30,0.47541713014460507,0.007927852590976461,0.5170463078589073,0.19245008972987526,NO_KNOWN_OVERLAP,INCLUDE_PRIMARY_INDEPENDENT,0.04063024452875436
GSE8121,SIG002,T2,T48,HALLMARK_ANGIOGENESIS,HALLMARK_SECONDARY,SSGSEA_RANK_WALK,30,0.1804226918798665,0.3400401726309277,0.18241956866124373,0.19245008972987526,NO_KNOWN_OVERLAP,INCLUDE_PRIMARY_INDEPENDENT,0.41004844346670694
GSE8121,SIG002,T2,T48,HALLMARK_APICAL_JUNCTION,HALLMARK_SECONDARY,SSGSEA_RANK_WALK,30,-0.37352614015572855,0.04203078572376565,-0.3925147438920858,0.19245008972987526,NO_KNOWN_OVERLAP,INCLUDE_PRIMARY_INDEPENDENT,0.08206010546068532
GSE8121,SIG002,T2,T48,HALLMARK_APICAL_SURFACE,HALLMARK_SECONDARY,SSGSEA_RANK_WALK,30,-0.3410456062291435,0.0651328204807312,-0.355275282459321,0.19245008972987526,NO_KNOWN_OVERLAP,INCLUDE_PRIMARY_INDEPENDENT,0.11126856832124914
GSE8121,SIG002,T2,T48,HALLMARK_APOPTOSIS,PRESET_PRIMARY,SSGSEA_RANK_WALK,30,0.37664071190211346,0.04021518500185497,0.3961392423980022,0.19245008972987526,NO_KNOWN_OVERLAP,INCLUDE_PRIMARY_INDEPENDENT,0.09456926787847272
GSE8121,SIG002,T2,T48,HALLMARK_BILE_ACID_METABOLISM,HALLMARK_SECONDARY,SSGSEA_RANK_WALK,30,-0.09899888765294772,0.6027289022857425,-0.09932422504069167,0.19245008972987526,NO_KNOWN_OVERLAP,INCLUDE_PRIMARY_INDEPENDENT,0.6503127629925117
GSE8121,SIG002,T2,T48,HALLMARK_CHOLESTEROL_HOMEOSTASIS,HALLMARK_SECONDARY,SSGSEA_RANK_WALK,30,0.4091212458286986,0.024773814285150422,0.43455535825113034,0.19245008972987526,NO_KNOWN_OVERLAP,INCLUDE_PRIMARY_INDEPENDENT,0.07107385115172944
GSE8121,SIG002,T2,T48,HALLMARK_COAGULATION,PRESET_PRIMARY,SSGSEA_RANK_WALK,30,-0.27474972191323693,0.1417323163230757,-0.28199416767401597,0.19245008972987526,NO_KNOWN_OVERLAP,INCLUDE_PRIMARY_INDEPENDENT,0.15944885586346016
GSE8121,SIG002,T2,T48,HALLMARK_COMPLEMENT,PRESET_PRIMARY,SSGSEA_RANK_WALK,30,0.23337041156840932,0.2145566875586327,0.23775106189093206,0.19245008972987526,NO_KNOWN_OVERLAP,INCLUDE_PRIMARY_INDEPENDENT,0.2145566875586327
GSE8121,SIG002,T2,T48,HALLMARK_DNA_REPAIR,HALLMARK_SECONDARY,SSGSEA_RANK_WALK,30,0.453615127919911,0.011813477119718096,0.48924265144699114,0.19245008972987526,NO_KNOWN_OVERLAP,INCLUDE_PRIMARY_INDEPENDENT,0.0484352561908442
GSE8121,SIG002,T2,T48,HALLMARK_E2F_TARGETS,HALLMARK_SECONDARY,SSGSEA_RANK_WALK,30,0.37441601779755285,0.0415054829778197,0.39354931027398576,0.19245008972987526,NO_KNOWN_OVERLAP,INCLUDE_PRIMARY_INDEPENDENT,0.08206010546068532
GSE8121,SIG002,T2,T48,HALLMARK_EPITHELIAL_MESENCHYMAL_TRANSITION,HALLMARK_SECONDARY,SSGSEA_RANK_WALK,30,-0.10878754171301447,0.567160824124569,-0.10921977212076275,0.19245008972987526,NO_KNOWN_OVERLAP,INCLUDE_PRIMARY_INDEPENDENT,0.6284755078137116
GSE8121,SIG002,T2,T48,HALLMARK_ESTROGEN_RESPONSE_EARLY,HALLMARK_SECONDARY,SSGSEA_RANK_WALK,30,-0.06251390433815351,0.7427795641677637,-0.06259553035415184,0.19245008972987526,NO_KNOWN_OVERLAP,INCLUDE_PRIMARY_INDEPENDENT,0.7613490532719578
GSE8121,SIG002,T2,T48,HALLMARK_ESTROGEN_RESPONSE_LATE,HALLMARK_SECONDARY,SSGSEA_RANK_WALK,30,-0.15016685205784203,0.4283284912394979,-0.15131113295092696,0.19245008972987526,NO_KNOWN_OVERLAP,INCLUDE_PRIMARY_INDEPENDENT,0.5017562325948404
GSE8121,SIG002,T2,T48,HALLMARK_FATTY_ACID_METABOLISM,HALLMARK_SECONDARY,SSGSEA_RANK_WALK,30,0.44249165739710794,0.014343415942098378,0.4753248736997766,0.19245008972987526,NO_KNOWN_OVERLAP,INCLUDE_PRIMARY_INDEPENDENT,0.04938222156729254
GSE8121,SIG002,T2,T48,HALLMARK_G2M_CHECKPOINT,HALLMARK_SECONDARY,SSGSEA_RANK_WALK,30,0.3939933259176863,0.031217284005283043,0.41651840212136704,0.19245008972987526,NO_KNOWN_OVERLAP,INCLUDE_PRIMARY_INDEPENDENT,0.07528874377744733
GSE8121,SIG002,T2,T48,HALLMARK_GLYCOLYSIS,HALLMARK_SECONDARY,SSGSEA_RANK_WALK,30,0.3196885428253615,0.08504681851788291,0.3313001583844076,0.19245008972987526,NO_KNOWN_OVERLAP,INCLUDE_PRIMARY_INDEPENDENT,0.1245328414011857
GSE8121,SIG002,T2,T48,HALLMARK_HEDGEHOG_SIGNALING,HALLMARK_SECONDARY,SSGSEA_RANK_WALK,30,-0.36106785317018913,0.049958497425618406,-0.37811329727136705,0.19245008972987526,NO_KNOWN_OVERLAP,INCLUDE_PRIMARY_INDEPENDENT,0.09310447247501612
GSE8121,SIG002,T2,T48,HALLMARK_HEME_METABOLISM,HALLMARK_SECONDARY,SSGSEA_RANK_WALK,30,-0.05228031145717464,0.7837994469144329,-0.05232802111128127,0.19245008972987526,NO_KNOWN_OVERLAP,INCLUDE_PRIMARY_INDEPENDENT,0.7837994469144329
GSE8121,SIG002,T2,T48,HALLMARK_HYPOXIA,HALLMARK_SECONDARY,SSGSEA_RANK_WALK,30,0.20088987764182425,0.28711853271049775,0.20365968207792987,0.19245008972987526,NO_KNOWN_OVERLAP,INCLUDE_PRIMARY_INDEPENDENT,0.3678706200353252
GSE8121,SIG002,T2,T48,HALLMARK_IL2_STAT5_SIGNALING,HALLMARK_SECONDARY,SSGSEA_RANK_WALK,30,0.5457174638487208,0.0018134709542434358,0.6122620643181923,0.19245008972987526,NO_KNOWN_OVERLAP,INCLUDE_PRIMARY_INDEPENDENT,0.018588077280995218
GSE8121,SIG002,T2,T48,HALLMARK_IL6_JAK_STAT3_SIGNALING,HALLMARK_SECONDARY,SSGSEA_RANK_WALK,30,0.20578420467185762,0.2752897377927715,0.20876510983000357,0.19245008972987526,NO_KNOWN_OVERLAP,INCLUDE_PRIMARY_INDEPENDENT,0.36409287901624615
GSE8121,SIG002,T2,T48,HALLMARK_INFLAMMATORY_RESPONSE,PRESET_PRIMARY,SSGSEA_RANK_WALK,30,0.37352614015572855,0.04203078572376565,0.3925147438920858,0.19245008972987526,NO_KNOWN_OVERLAP,INCLUDE_PRIMARY_INDEPENDENT,0.09456926787847272
GSE8121,SIG002,T2,T48,HALLMARK_INTERFERON_ALPHA_RESPONSE,PRESET_PRIMARY,SSGSEA_RANK_WALK,30,0.2867630700778643,0.12444064303422349,0.29503571533455114,0.19245008972987526,NO_KNOWN_OVERLAP,INCLUDE_PRIMARY_INDEPENDENT,0.15944885586346016
GSE8121,SIG002,T2,T48,HALLMARK_INTERFERON_GAMMA_RESPONSE,PRESET_PRIMARY,SSGSEA_RANK_WALK,30,0.3281423804226919,0.07667228481926665,0.34074504800886624,0.19245008972987526,NO_KNOWN_OVERLAP,INCLUDE_PRIMARY_INDEPENDENT,0.13801011267467997
GSE8121,SIG002,T2,T48,HALLMARK_KRAS_SIGNALING_DN,HALLMARK_SECONDARY,SSGSEA_RANK_WALK,30,-0.5510567296996662,0.0015998228284139673,-0.6198976028631785,0.19245008972987526,NO_KNOWN_OVERLAP,INCLUDE_PRIMARY_INDEPENDENT,0.018588077280995218
GSE8121,SIG002,T2,T48,HALLMARK_KRAS_SIGNALING_UP,HALLMARK_SECONDARY,SSGSEA_RANK_WALK,30,0.3281423804226919,0.07667228481926665,0.34074504800886624,0.19245008972987526,NO_KNOWN_OVERLAP,INCLUDE_PRIMARY_INDEPENDENT,0.1245328414011857
GSE8121,SIG002,T2,T48,HALLMARK_MITOTIC_SPINDLE,HALLMARK_SECONDARY,SSGSEA_RANK_WALK,30,0.5216907675194661,0.0031101059042507205,0.5786599447474439,0.19245008972987526,NO_KNOWN_OVERLAP,INCLUDE_PRIMARY_INDEPENDENT,0.01948050061311155
GSE8121,SIG002,T2,T48,HALLMARK_MTORC1_SIGNALING,HALLMARK_SECONDARY,SSGSEA_RANK_WALK,30,0.54972191323693,0.0016510713311597076,0.6179827102592952,0.19245008972987526,NO_KNOWN_OVERLAP,INCLUDE_PRIMARY_INDEPENDENT,0.018588077280995218
GSE8121,SIG002,T2,T48,HALLMARK_MYC_TARGETS_V1,HALLMARK_SECONDARY,SSGSEA_RANK_WALK,30,0.40600667408231367,0.026002628470144916,0.4308203678733039,0.19245008972987526,NO_KNOWN_OVERLAP,INCLUDE_PRIMARY_INDEPENDENT,0.07107385115172944
GSE8121,SIG002,T2,T48,HALLMARK_MYC_TARGETS_V2,HALLMARK_SECONDARY,SSGSEA_RANK_WALK,30,0.2587319243604005,0.16741512564102473,0.26474887428738964,0.19245008972987526,NO_KNOWN_OVERLAP,INCLUDE_PRIMARY_INDEPENDENT,0.22880067170940047
GSE8121,SIG002,T2,T48,HALLMARK_MYOGENESIS,HALLMARK_SECONDARY,SSGSEA_RANK_WALK,30,-0.3196885428253615,0.08504681851788291,-0.3313001583844076,0.19245008972987526,NO_KNOWN_OVERLAP,INCLUDE_PRIMARY_INDEPENDENT,0.1245328414011857
GSE8121,SIG002,T2,T48,HALLMARK_NOTCH_SIGNALING,HALLMARK_SECONDARY,SSGSEA_RANK_WALK,30,0.3236929922135706,0.08099687862909574,0.335766852069704,0.19245008972987526,NO_KNOWN_OVERLAP,INCLUDE_PRIMARY_INDEPENDENT,0.1245328414011857
GSE8121,SIG002,T2,T48,HALLMARK_OXIDATIVE_PHOSPHORYLATION,PRESET_PRIMARY,SSGSEA_RANK_WALK,30,0.4117908787541713,0.023758748913502038,0.437765885585782,0.19245008972987526,NO_KNOWN_OVERLAP,INCLUDE_PRIMARY_INDEPENDENT,0.09456926787847272
GSE8121,SIG002,T2,T48,HALLMARK_P53_PATHWAY,HALLMARK_SECONDARY,SSGSEA_RANK_WALK,30,0.3899888765294772,0.03313294270108102,0.41178691569863113,0.19245008972987526,NO_KNOWN_OVERLAP,INCLUDE_PRIMARY_INDEPENDENT,0.07546948059690677
GSE8121,SIG002,T2,T48,HALLMARK_PANCREAS_BETA_CELLS,HALLMARK_SECONDARY,SSGSEA_RANK_WALK,30,-0.3539488320355951,0.0549942149071629,-0.3699509772561148,0.19245008972987526,NO_KNOWN_OVERLAP,INCLUDE_PRIMARY_INDEPENDENT,0.09803316570407299
GSE8121,SIG002,T2,T48,HALLMARK_PEROXISOME,HALLMARK_SECONDARY,SSGSEA_RANK_WALK,30,0.5185761957730812,0.003325939129067826,0.5743902447501401,0.19245008972987526,NO_KNOWN_OVERLAP,INCLUDE_PRIMARY_INDEPENDENT,0.01948050061311155
GSE8121,SIG002,T2,T48,HALLMARK_PI3K_AKT_MTOR_SIGNALING,HALLMARK_SECONDARY,SSGSEA_RANK_WALK,30,0.4616240266963292,0.01023315325971891,0.49937314616396195,0.19245008972987526,NO_KNOWN_OVERLAP,INCLUDE_PRIMARY_INDEPENDENT,0.04661769818316392
GSE8121,SIG002,T2,T48,HALLMARK_PROTEIN_SECRETION,HALLMARK_SECONDARY,SSGSEA_RANK_WALK,30,0.5577308120133482,0.0013637828214433285,0.6295333571490458,0.19245008972987526,NO_KNOWN_OVERLAP,INCLUDE_PRIMARY_INDEPENDENT,0.018588077280995218
GSE8121,SIG002,T2,T48,HALLMARK_REACTIVE_OXYGEN_SPECIES_PATHWAY,HALLMARK_SECONDARY,SSGSEA_RANK_WALK,30,0.5194660734149055,0.0032629966132636163,0.5756082259433125,0.19245008972987526,NO_KNOWN_OVERLAP,INCLUDE_PRIMARY_INDEPENDENT,0.01948050061311155
GSE8121,SIG002,T2,T48,HALLMARK_SPERMATOGENESIS,HALLMARK_SECONDARY,SSGSEA_RANK_WALK,30,-0.18531701890989988,0.3268788409998812,-0.1874832434928845,0.19245008972987526,NO_KNOWN_OVERLAP,INCLUDE_PRIMARY_INDEPENDENT,0.40612219639379177
GSE8121,SIG002,T2,T48,HALLMARK_TGF_BETA_SIGNALING,HALLMARK_SECONDARY,SSGSEA_RANK_WALK,30,0.38064516129032255,0.03797377572793589,0.4008139117770076,0.19245008972987526,NO_KNOWN_OVERLAP,INCLUDE_PRIMARY_INDEPENDENT,0.08194341078133535
GSE8121,SIG002,T2,T48,HALLMARK_TNFA_SIGNALING_VIA_NFKB,PRESET_PRIMARY,SSGSEA_RANK_WALK,30,0.42469410456062295,0.019321325358870805,0.4534052573924013,0.19245008972987526,NO_KNOWN_OVERLAP,INCLUDE_PRIMARY_INDEPENDENT,0.09456926787847272
GSE8121,SIG002,T2,T48,HALLMARK_UNFOLDED_PROTEIN_RESPONSE,HALLMARK_SECONDARY,SSGSEA_RANK_WALK,30,0.4206896551724138,0.02061839888314145,0.4485296849731337,0.19245008972987526,NO_KNOWN_OVERLAP,INCLUDE_PRIMARY_INDEPENDENT,0.06502725801606149
GSE8121,SIG002,T2,T48,HALLMARK_UV_RESPONSE_DN,HALLMARK_SECONDARY,SSGSEA_RANK_WALK,30,0.39443826473859844,0.031010095232525927,0.41704521013225004,0.19245008972987526,NO_KNOWN_OVERLAP,INCLUDE_PRIMARY_INDEPENDENT,0.07528874377744733
GSE8121,SIG002,T2,T48,HALLMARK_UV_RESPONSE_UP,HALLMARK_SECONDARY,SSGSEA_RANK_WALK,30,0.296551724137931,0.11154315929129337,0.30573457477283905,0.19245008972987526,NO_KNOWN_OVERLAP,INCLUDE_PRIMARY_INDEPENDENT,0.15769894934286305
GSE8121,SIG002,T2,T48,HALLMARK_WNT_BETA_CATENIN_SIGNALING,HALLMARK_SECONDARY,SSGSEA_RANK_WALK,30,0.07586206896551724,0.6903111456075934,0.07600810364931283,0.19245008972987526,NO_KNOWN_OVERLAP,INCLUDE_PRIMARY_INDEPENDENT,0.7257117171772136
GSE8121,SIG002,T2,T48,HALLMARK_XENOBIOTIC_METABOLISM,HALLMARK_SECONDARY,SSGSEA_RANK_WALK,30,0.11679644048943269,0.5387877269264418,0.11733191950226937,0.19245008972987526,NO_KNOWN_OVERLAP,INCLUDE_PRIMARY_INDEPENDENT,0.6136193556662255
GSE8121,SIG002,T2,T48,Neutrophil degranulation,REACTOME_SUPPLEMENT,SSGSEA_RANK_WALK,30,0.3886540600667408,0.03379221869951787,0.4102136347442424,0.19245008972987526,NO_KNOWN_OVERLAP,INCLUDE_PRIMARY_INDEPENDENT,0.03379221869951787
GSE8121,SIG002,T2,T48,TCR signaling,REACTOME_SUPPLEMENT,SSGSEA_RANK_WALK,30,0.5461624026696329,0.001794767543762881,0.6128959258602878,0.19245008972987526,NO_KNOWN_OVERLAP,INCLUDE_PRIMARY_INDEPENDENT,0.003589535087525762
GSE8121,SIG003,T2,T48,HALLMARK_ADIPOGENESIS,HALLMARK_SECONDARY,SSGSEA_RANK_WALK,30,0.1243604004449388,0.5126248379279994,0.12500751488799772,0.19245008972987526,NO_KNOWN_OVERLAP,INCLUDE_PRIMARY_INDEPENDENT,0.8734235249229372
GSE8121,SIG003,T2,T48,HALLMARK_ALLOGRAFT_REJECTION,PRESET_PRIMARY,SSGSEA_RANK_WALK,30,0.1982202447163515,0.29370519292189223,0.20087932732165784,0.19245008972987526,NO_KNOWN_OVERLAP,INCLUDE_PRIMARY_INDEPENDENT,0.3304183420371288
GSE8121,SIG003,T2,T48,HALLMARK_ANDROGEN_RESPONSE,HALLMARK_SECONDARY,SSGSEA_RANK_WALK,30,0.1385984427141268,0.4651367684391954,0.13949628416163323,0.19245008972987526,NO_KNOWN_OVERLAP,INCLUDE_PRIMARY_INDEPENDENT,0.8291568480872613
GSE8121,SIG003,T2,T48,HALLMARK_ANGIOGENESIS,HALLMARK_SECONDARY,SSGSEA_RANK_WALK,30,0.15728587319243603,0.40649970997409246,0.158602495851314,0.19245008972987526,NO_KNOWN_OVERLAP,INCLUDE_PRIMARY_INDEPENDENT,0.8291568480872613
GSE8121,SIG003,T2,T48,HALLMARK_APICAL_JUNCTION,HALLMARK_SECONDARY,SSGSEA_RANK_WALK,30,-0.15194660734149054,0.42281175692313056,-0.1531324477686951,0.19245008972987526,NO_KNOWN_OVERLAP,INCLUDE_PRIMARY_INDEPENDENT,0.8291568480872613
GSE8121,SIG003,T2,T48,HALLMARK_APICAL_SURFACE,HALLMARK_SECONDARY,SSGSEA_RANK_WALK,30,-0.11857619577308119,0.5325753200749617,-0.11913667122582089,0.19245008972987526,NO_KNOWN_OVERLAP,INCLUDE_PRIMARY_INDEPENDENT,0.8734235249229372
GSE8121,SIG003,T2,T48,HALLMARK_APOPTOSIS,PRESET_PRIMARY,SSGSEA_RANK_WALK,30,0.3797552836484983,0.038462979182396426,0.39977366388998986,0.19245008972987526,NO_KNOWN_OVERLAP,INCLUDE_PRIMARY_INDEPENDENT,0.08654170316039196
GSE8121,SIG003,T2,T48,HALLMARK_BILE_ACID_METABOLISM,HALLMARK_SECONDARY,SSGSEA_RANK_WALK,30,0.06162402669632924,0.7463209997659643,0.0617022110895434,0.19245008972987526,NO_KNOWN_OVERLAP,INCLUDE_PRIMARY_INDEPENDENT,0.9021128992861462
GSE8121,SIG003,T2,T48,HALLMARK_CHOLESTEROL_HOMEOSTASIS,HALLMARK_SECONDARY,SSGSEA_RANK_WALK,30,0.14349276974416017,0.4493650226110115,0.14448996558369043,0.19245008972987526,NO_KNOWN_OVERLAP,INCLUDE_PRIMARY_INDEPENDENT,0.8291568480872613
GSE8121,SIG003,T2,T48,HALLMARK_COAGULATION,PRESET_PRIMARY,SSGSEA_RANK_WALK,30,0.20756395995550608,0.2710674889001301,0.21062427855257637,0.19245008972987526,NO_KNOWN_OVERLAP,INCLUDE_PRIMARY_INDEPENDENT,0.3304183420371288
GSE8121,SIG003,T2,T48,HALLMARK_COMPLEMENT,PRESET_PRIMARY,SSGSEA_RANK_WALK,30,0.3446051167964405,0.06220090340541726,0.35930886318502736,0.19245008972987526,NO_KNOWN_OVERLAP,INCLUDE_PRIMARY_INDEPENDENT,0.09493204734892341
GSE8121,SIG003,T2,T48,HALLMARK_DNA_REPAIR,HALLMARK_SECONDARY,SSGSEA_RANK_WALK,30,-0.012235817575083427,0.9488325740980201,-0.01223642825936283,0.19245008972987526,NO_KNOWN_OVERLAP,INCLUDE_PRIMARY_INDEPENDENT,0.9725533884504707
GSE8121,SIG003,T2,T48,HALLMARK_E2F_TARGETS,HALLMARK_SECONDARY,SSGSEA_RANK_WALK,30,0.01846496106785317,0.9228476207693762,0.018467060069559456,0.19245008972987526,NO_KNOWN_OVERLAP,INCLUDE_PRIMARY_INDEPENDENT,0.9725533884504707
GSE8121,SIG003,T2,T48,HALLMARK_EPITHELIAL_MESENCHYMAL_TRANSITION,HALLMARK_SECONDARY,SSGSEA_RANK_WALK,30,0.16929922135706338,0.37112474496213166,0.17094511803138923,0.19245008972987526,NO_KNOWN_OVERLAP,INCLUDE_PRIMARY_INDEPENDENT,0.8291568480872613
GSE8121,SIG003,T2,T48,HALLMARK_ESTROGEN_RESPONSE_EARLY,HALLMARK_SECONDARY,SSGSEA_RANK_WALK,30,0.11012235817575085,0.5623853600295885,0.11057077432176836,0.19245008972987526,NO_KNOWN_OVERLAP,INCLUDE_PRIMARY_INDEPENDENT,0.8868384523543511
GSE8121,SIG003,T2,T48,HALLMARK_ESTROGEN_RESPONSE_LATE,HALLMARK_SECONDARY,SSGSEA_RANK_WALK,30,-0.1764182424916574,0.35104370148324826,-0.17828344419903971,0.19245008972987526,NO_KNOWN_OVERLAP,INCLUDE_PRIMARY_INDEPENDENT,0.8291568480872613
GSE8121,SIG003,T2,T48,HALLMARK_FATTY_ACID_METABOLISM,HALLMARK_SECONDARY,SSGSEA_RANK_WALK,30,0.15417130144605118,0.4159714974073594,0.15541051119398003,0.19245008972987526,NO_KNOWN_OVERLAP,INCLUDE_PRIMARY_INDEPENDENT,0.8291568480872613
GSE8121,SIG003,T2,T48,HALLMARK_G2M_CHECKPOINT,HALLMARK_SECONDARY,SSGSEA_RANK_WALK,30,0.024249165739710785,0.8987876795986026,0.024253920431969875,0.19245008972987526,NO_KNOWN_OVERLAP,INCLUDE_PRIMARY_INDEPENDENT,0.9725533884504707
GSE8121,SIG003,T2,T48,HALLMARK_GLYCOLYSIS,HALLMARK_SECONDARY,SSGSEA_RANK_WALK,30,0.08387096774193549,0.6594749201050072,0.0840684609009991,0.19245008972987526,NO_KNOWN_OVERLAP,INCLUDE_PRIMARY_INDEPENDENT,0.9012823908101766
GSE8121,SIG003,T2,T48,HALLMARK_HEDGEHOG_SIGNALING,HALLMARK_SECONDARY,SSGSEA_RANK_WALK,30,-0.0878754171301446,0.6442557464425089,-0.08810266488825926,0.19245008972987526,NO_KNOWN_OVERLAP,INCLUDE_PRIMARY_INDEPENDENT,0.9012823908101766
GSE8121,SIG003,T2,T48,HALLMARK_HEME_METABOLISM,HALLMARK_SECONDARY,SSGSEA_RANK_WALK,30,-0.06918798665183537,0.7163871282771048,-0.0692987052758277,0.19245008972987526,NO_KNOWN_OVERLAP,INCLUDE_PRIMARY_INDEPENDENT,0.9021128992861462
GSE8121,SIG003,T2,T48,HALLMARK_HYPOXIA,HALLMARK_SECONDARY,SSGSEA_RANK_WALK,30,0.15951056729699667,0.39980933421194187,0.16088444509164046,0.19245008972987526,NO_KNOWN_OVERLAP,INCLUDE_PRIMARY_INDEPENDENT,0.8291568480872613
GSE8121,SIG003,T2,T48,HALLMARK_IL2_STAT5_SIGNALING,HALLMARK_SECONDARY,SSGSEA_RANK_WALK,30,0.35350389321468295,0.0553217501843092,0.36944240462447764,0.19245008972987526,NO_KNOWN_OVERLAP,INCLUDE_PRIMARY_INDEPENDENT,0.6370014074727487
GSE8121,SIG003,T2,T48,HALLMARK_IL6_JAK_STAT3_SIGNALING,HALLMARK_SECONDARY,SSGSEA_RANK_WALK,30,0.42602892102335926,0.018904240117944063,0.45503493599952627,0.19245008972987526,NO_KNOWN_OVERLAP,INCLUDE_PRIMARY_INDEPENDENT,0.6370014074727487
GSE8121,SIG003,T2,T48,HALLMARK_INFLAMMATORY_RESPONSE,PRESET_PRIMARY,SSGSEA_RANK_WALK,30,0.3432703003337041,0.06328803156594894,0.3577949622732105,0.19245008972987526,NO_KNOWN_OVERLAP,INCLUDE_PRIMARY_INDEPENDENT,0.09493204734892341
GSE8121,SIG003,T2,T48,HALLMARK_INTERFERON_ALPHA_RESPONSE,PRESET_PRIMARY,SSGSEA_RANK_WALK,30,0.4780867630700778,0.0075367259764255075,0.5205012207598823,0.19245008972987526,NO_KNOWN_OVERLAP,INCLUDE_PRIMARY_INDEPENDENT,0.06783053378782956
GSE8121,SIG003,T2,T48,HALLMARK_INTERFERON_GAMMA_RESPONSE,PRESET_PRIMARY,SSGSEA_RANK_WALK,30,0.38331479421579534,0.03653609701151286,0.40393961515445265,0.19245008972987526,NO_KNOWN_OVERLAP,INCLUDE_PRIMARY_INDEPENDENT,0.08654170316039196
GSE8121,SIG003,T2,T48,HALLMARK_KRAS_SIGNALING_DN,HALLMARK_SECONDARY,SSGSEA_RANK_WALK,30,-0.0932146829810901,0.624181677982413,-0.0934860793692545,0.19245008972987526,NO_KNOWN_OVERLAP,INCLUDE_PRIMARY_INDEPENDENT,0.9012823908101766
GSE8121,SIG003,T2,T48,HALLMARK_KRAS_SIGNALING_UP,HALLMARK_SECONDARY,SSGSEA_RANK_WALK,30,0.32458286985539486,0.08011732925902561,0.33676120153010053,0.19245008972987526,NO_KNOWN_OVERLAP,INCLUDE_PRIMARY_INDEPENDENT,0.6370014074727487
GSE8121,SIG003,T2,T48,HALLMARK_MITOTIC_SPINDLE,HALLMARK_SECONDARY,SSGSEA_RANK_WALK,30,-0.03270300333704116,0.8637864591472519,-0.032714669296641144,0.19245008972987526,NO_KNOWN_OVERLAP,INCLUDE_PRIMARY_INDEPENDENT,0.9725533884504707
GSE8121,SIG003,T2,T48,HALLMARK_MTORC1_SIGNALING,HALLMARK_SECONDARY,SSGSEA_RANK_WALK,30,0.1408231368186874,0.4579319987889401,0.14176526780602308,0.19245008972987526,NO_KNOWN_OVERLAP,INCLUDE_PRIMARY_INDEPENDENT,0.8291568480872613
GSE8121,SIG003,T2,T48,HALLMARK_MYC_TARGETS_V1,HALLMARK_SECONDARY,SSGSEA_RANK_WALK,30,0.004226918798665183,0.9823138806139919,0.004226943972832575,0.19245008972987526,NO_KNOWN_OVERLAP,INCLUDE_PRIMARY_INDEPENDENT,0.9823138806139919
GSE8121,SIG003,T2,T48,HALLMARK_MYC_TARGETS_V2,HALLMARK_SECONDARY,SSGSEA_RANK_WALK,30,-0.24805339265850945,0.18627431903928543,-0.25333750501983876,0.19245008972987526,NO_KNOWN_OVERLAP,INCLUDE_PRIMARY_INDEPENDENT,0.7942306239195018
GSE8121,SIG003,T2,T48,HALLMARK_MYOGENESIS,HALLMARK_SECONDARY,SSGSEA_RANK_WALK,30,-0.03626251390433815,0.849120531663393,-0.03627842116170253,0.19245008972987526,NO_KNOWN_OVERLAP,INCLUDE_PRIMARY_INDEPENDENT,0.9725533884504707
GSE8121,SIG003,T2,T48,HALLMARK_NOTCH_SIGNALING,HALLMARK_SECONDARY,SSGSEA_RANK_WALK,30,0.3632925472747497,0.04846211399983534,0.3806738756520155,0.19245008972987526,NO_KNOWN_OVERLAP,INCLUDE_PRIMARY_INDEPENDENT,0.6370014074727487
GSE8121,SIG003,T2,T48,HALLMARK_OXIDATIVE_PHOSPHORYLATION,PRESET_PRIMARY,SSGSEA_RANK_WALK,30,0.08120133481646273,0.6696960474318825,0.0813805154697305,0.19245008972987526,NO_KNOWN_OVERLAP,INCLUDE_PRIMARY_INDEPENDENT,0.6696960474318825
GSE8121,SIG003,T2,T48,HALLMARK_P53_PATHWAY,HALLMARK_SECONDARY,SSGSEA_RANK_WALK,30,0.1510567296996663,0.4255651913288613,0.15222166508889864,0.19245008972987526,NO_KNOWN_OVERLAP,INCLUDE_PRIMARY_INDEPENDENT,0.8291568480872613
GSE8121,SIG003,T2,T48,HALLMARK_PANCREAS_BETA_CELLS,HALLMARK_SECONDARY,SSGSEA_RANK_WALK,30,-0.012235817575083427,0.9488325740980201,-0.01223642825936283,0.19245008972987526,NO_KNOWN_OVERLAP,INCLUDE_PRIMARY_INDEPENDENT,0.9725533884504707
GSE8121,SIG003,T2,T48,HALLMARK_PEROXISOME,HALLMARK_SECONDARY,SSGSEA_RANK_WALK,30,0.1581757508342603,0.403816016018787,0.1595150776913709,0.19245008972987526,NO_KNOWN_OVERLAP,INCLUDE_PRIMARY_INDEPENDENT,0.8291568480872613
GSE8121,SIG003,T2,T48,HALLMARK_PI3K_AKT_MTOR_SIGNALING,HALLMARK_SECONDARY,SSGSEA_RANK_WALK,30,0.24404894327030033,0.1937147863218297,0.2490749908408844,0.19245008972987526,NO_KNOWN_OVERLAP,INCLUDE_PRIMARY_INDEPENDENT,0.7942306239195018
GSE8121,SIG003,T2,T48,HALLMARK_PROTEIN_SECRETION,HALLMARK_SECONDARY,SSGSEA_RANK_WALK,30,0.1804226918798665,0.3400401726309277,0.18241956866124373,0.19245008972987526,NO_KNOWN_OVERLAP,INCLUDE_PRIMARY_INDEPENDENT,0.8291568480872613
GSE8121,SIG003,T2,T48,HALLMARK_REACTIVE_OXYGEN_SPECIES_PATHWAY,HALLMARK_SECONDARY,SSGSEA_RANK_WALK,30,0.2987764182424916,0.108756337861201,0.30817555021814513,0.19245008972987526,NO_KNOWN_OVERLAP,INCLUDE_PRIMARY_INDEPENDENT,0.6370014074727487
GSE8121,SIG003,T2,T48,HALLMARK_SPERMATOGENESIS,HALLMARK_SECONDARY,SSGSEA_RANK_WALK,30,-0.3010011123470523,0.1060218993203973,-0.310620091307024,0.19245008972987526,NO_KNOWN_OVERLAP,INCLUDE_PRIMARY_INDEPENDENT,0.6370014074727487
GSE8121,SIG003,T2,T48,HALLMARK_TGF_BETA_SIGNALING,HALLMARK_SECONDARY,SSGSEA_RANK_WALK,30,0.17908787541713014,0.3436845513066831,0.18104018125282015,0.19245008972987526,NO_KNOWN_OVERLAP,INCLUDE_PRIMARY_INDEPENDENT,0.8291568480872613
GSE8121,SIG003,T2,T48,HALLMARK_TNFA_SIGNALING_VIA_NFKB,PRESET_PRIMARY,SSGSEA_RANK_WALK,30,0.40734149054505003,0.025470034718302156,0.4324196861026572,0.19245008972987526,NO_KNOWN_OVERLAP,INCLUDE_PRIMARY_INDEPENDENT,0.08654170316039196
GSE8121,SIG003,T2,T48,HALLMARK_UNFOLDED_PROTEIN_RESPONSE,HALLMARK_SECONDARY,SSGSEA_RANK_WALK,30,-0.071412680756396,0.7076586430647218,-0.07153444967575545,0.19245008972987526,NO_KNOWN_OVERLAP,INCLUDE_PRIMARY_INDEPENDENT,0.9021128992861462
GSE8121,SIG003,T2,T48,HALLMARK_UV_RESPONSE_DN,HALLMARK_SECONDARY,SSGSEA_RANK_WALK,30,0.09499443826473859,0.6175475919174654,0.0952817368912753,0.19245008972987526,NO_KNOWN_OVERLAP,INCLUDE_PRIMARY_INDEPENDENT,0.9012823908101766
GSE8121,SIG003,T2,T48,HALLMARK_UV_RESPONSE_UP,HALLMARK_SECONDARY,SSGSEA_RANK_WALK,30,0.2765294771968854,0.13906619973692344,0.2839202629368044,0.19245008972987526,NO_KNOWN_OVERLAP,INCLUDE_PRIMARY_INDEPENDENT,0.7127142736517327
GSE8121,SIG003,T2,T48,HALLMARK_WNT_BETA_CATENIN_SIGNALING,HALLMARK_SECONDARY,SSGSEA_RANK_WALK,30,-0.3236929922135706,0.08099687862909574,-0.335766852069704,0.19245008972987526,NO_KNOWN_OVERLAP,INCLUDE_PRIMARY_INDEPENDENT,0.6370014074727487
GSE8121,SIG003,T2,T48,HALLMARK_XENOBIOTIC_METABOLISM,HALLMARK_SECONDARY,SSGSEA_RANK_WALK,30,0.061179087875417135,0.7480936237982676,0.061255588426164714,0.19245008972987526,NO_KNOWN_OVERLAP,INCLUDE_PRIMARY_INDEPENDENT,0.9021128992861462
GSE8121,SIG003,T2,T48,Neutrophil degranulation,REACTOME_SUPPLEMENT,SSGSEA_RANK_WALK,30,0.30189098998887653,0.10494267250994219,0.3115989144235185,0.19245008972987526,NO_KNOWN_OVERLAP,INCLUDE_PRIMARY_INDEPENDENT,0.20988534501988437
GSE8121,SIG003,T2,T48,TCR signaling,REACTOME_SUPPLEMENT,SSGSEA_RANK_WALK,30,0.08031145717463849,0.6731160927086494,0.0804847962488103,0.19245008972987526,NO_KNOWN_OVERLAP,INCLUDE_PRIMARY_INDEPENDENT,0.6731160927086494
GSE8121,SIG004,T2,T48,HALLMARK_ADIPOGENESIS,HALLMARK_SECONDARY,SSGSEA_RANK_WALK,30,-0.16618464961067853,0.38011770642295883,-0.16774037026251942,0.19245008972987526,NO_KNOWN_OVERLAP,INCLUDE_PRIMARY_INDEPENDENT,0.6732922503896965
GSE8121,SIG004,T2,T48,HALLMARK_ALLOGRAFT_REJECTION,PRESET_PRIMARY,SSGSEA_RANK_WALK,30,0.007341490545050056,0.9692867983901742,0.00734162244527052,0.19245008972987526,NO_KNOWN_OVERLAP,INCLUDE_PRIMARY_INDEPENDENT,0.9692867983901743
GSE8121,SIG004,T2,T48,HALLMARK_ANDROGEN_RESPONSE,HALLMARK_SECONDARY,SSGSEA_RANK_WALK,30,-0.18131256952169075,0.33762364661788613,-0.18333954153650395,0.19245008972987526,NO_KNOWN_OVERLAP,INCLUDE_PRIMARY_INDEPENDENT,0.6732922503896965
GSE8121,SIG004,T2,T48,HALLMARK_ANGIOGENESIS,HALLMARK_SECONDARY,SSGSEA_RANK_WALK,30,0.23470522803114574,0.21187116054334762,0.23916322818651808,0.19245008972987526,NO_KNOWN_OVERLAP,INCLUDE_PRIMARY_INDEPENDENT,0.5923389547938697
GSE8121,SIG004,T2,T48,HALLMARK_APICAL_JUNCTION,HALLMARK_SECONDARY,SSGSEA_RANK_WALK,30,0.32547274749721916,0.07924513206597922,0.33775619325548273,0.19245008972987526,NO_KNOWN_OVERLAP,INCLUDE_PRIMARY_INDEPENDENT,0.441390854885847
GSE8121,SIG004,T2,T48,HALLMARK_APICAL_SURFACE,HALLMARK_SECONDARY,SSGSEA_RANK_WALK,30,0.3228031145717464,0.08188381695492776,0.33477314228823324,0.19245008972987526,NO_KNOWN_OVERLAP,INCLUDE_PRIMARY_INDEPENDENT,0.441390854885847
GSE8121,SIG004,T2,T48,HALLMARK_APOPTOSIS,PRESET_PRIMARY,SSGSEA_RANK_WALK,30,-0.24360400444938823,0.1945540512267901,-0.24860192777244605,0.19245008972987526,NO_KNOWN_OVERLAP,INCLUDE_PRIMARY_INDEPENDENT,0.8778024538115181
GSE8121,SIG004,T2,T48,HALLMARK_BILE_ACID_METABOLISM,HALLMARK_SECONDARY,SSGSEA_RANK_WALK,30,0.11546162402669634,0.5434694510154613,0.11597885547088703,0.19245008972987526,NO_KNOWN_OVERLAP,INCLUDE_PRIMARY_INDEPENDENT,0.7707660251880414
GSE8121,SIG004,T2,T48,HALLMARK_CHOLESTEROL_HOMEOSTASIS,HALLMARK_SECONDARY,SSGSEA_RANK_WALK,30,-0.11056729699666296,0.5607976285032434,-0.1110211974944591,0.19245008972987526,NO_KNOWN_OVERLAP,INCLUDE_PRIMARY_INDEPENDENT,0.7707660251880414
GSE8121,SIG004,T2,T48,HALLMARK_COAGULATION,PRESET_PRIMARY,SSGSEA_RANK_WALK,30,0.13103448275862067,0.49007218485927995,0.1317922604363602,0.19245008972987526,NO_KNOWN_OVERLAP,INCLUDE_PRIMARY_INDEPENDENT,0.8797536372424408
GSE8121,SIG004,T2,T48,HALLMARK_COMPLEMENT,PRESET_PRIMARY,SSGSEA_RANK_WALK,30,-0.1332591768631813,0.48266849302977655,-0.1340564953884883,0.19245008972987526,NO_KNOWN_OVERLAP,INCLUDE_PRIMARY_INDEPENDENT,0.8797536372424408
GSE8121,SIG004,T2,T48,HALLMARK_DNA_REPAIR,HALLMARK_SECONDARY,SSGSEA_RANK_WALK,30,-0.09454949944382647,0.6192033775609249,-0.09483276552485656,0.19245008972987526,NO_KNOWN_OVERLAP,INCLUDE_PRIMARY_INDEPENDENT,0.8189464025805782
GSE8121,SIG004,T2,T48,HALLMARK_E2F_TARGETS,HALLMARK_SECONDARY,SSGSEA_RANK_WALK,30,0.03982202447163515,0.8345038040366157,0.039843094360389,0.19245008972987526,NO_KNOWN_OVERLAP,INCLUDE_PRIMARY_INDEPENDENT,0.9587231878403077
GSE8121,SIG004,T2,T48,HALLMARK_EPITHELIAL_MESENCHYMAL_TRANSITION,HALLMARK_SECONDARY,SSGSEA_RANK_WALK,30,0.3299221357063403,0.07499313717954018,0.3427408769620494,0.19245008972987526,NO_KNOWN_OVERLAP,INCLUDE_PRIMARY_INDEPENDENT,0.441390854885847
GSE8121,SIG004,T2,T48,HALLMARK_ESTROGEN_RESPONSE_EARLY,HALLMARK_SECONDARY,SSGSEA_RANK_WALK,30,0.02246941045606229,0.9061823627072852,0.02247319301204539,0.19245008972987526,NO_KNOWN_OVERLAP,INCLUDE_PRIMARY_INDEPENDENT,0.9668406178498661
GSE8121,SIG004,T2,T48,HALLMARK_ESTROGEN_RESPONSE_LATE,HALLMARK_SECONDARY,SSGSEA_RANK_WALK,30,0.36774193548387096,0.04557613759427911,0.3858093980007203,0.19245008972987526,NO_KNOWN_OVERLAP,INCLUDE_PRIMARY_INDEPENDENT,0.441390854885847
GSE8121,SIG004,T2,T48,HALLMARK_FATTY_ACID_METABOLISM,HALLMARK_SECONDARY,SSGSEA_RANK_WALK,30,-0.1604004449388209,0.3971508169232242,-0.16179768883899667,0.19245008972987526,NO_KNOWN_OVERLAP,INCLUDE_PRIMARY_INDEPENDENT,0.6732922503896965
GSE8121,SIG004,T2,T48,HALLMARK_G2M_CHECKPOINT,HALLMARK_SECONDARY,SSGSEA_RANK_WALK,30,-0.0064516129032258064,0.9730081752976698,-0.006451702417953944,0.19245008972987526,NO_KNOWN_OVERLAP,INCLUDE_PRIMARY_INDEPENDENT,0.9730081752976698
GSE8121,SIG004,T2,T48,HALLMARK_GLYCOLYSIS,HALLMARK_SECONDARY,SSGSEA_RANK_WALK,30,-0.1096774193548387,0.5639751403814937,-0.11012039582812416,0.19245008972987526,NO_KNOWN_OVERLAP,INCLUDE_PRIMARY_INDEPENDENT,0.7707660251880414
GSE8121,SIG004,T2,T48,HALLMARK_HEDGEHOG_SIGNALING,HALLMARK_SECONDARY,SSGSEA_RANK_WALK,30,0.4273637374860957,0.018494621452872093,0.4566668806951392,0.19245008972987526,NO_KNOWN_OVERLAP,INCLUDE_PRIMARY_INDEPENDENT,0.441390854885847
GSE8121,SIG004,T2,T48,HALLMARK_HEME_METABOLISM,HALLMARK_SECONDARY,SSGSEA_RANK_WALK,30,0.23203559510567295,0.21726531664492563,0.23633982576379428,0.19245008972987526,NO_KNOWN_OVERLAP,INCLUDE_PRIMARY_INDEPENDENT,0.5923389547938697
GSE8121,SIG004,T2,T48,HALLMARK_HYPOXIA,HALLMARK_SECONDARY,SSGSEA_RANK_WALK,30,-0.015350389321468297,0.9358320204669301,-0.015351595185485643,0.19245008972987526,NO_KNOWN_OVERLAP,INCLUDE_PRIMARY_INDEPENDENT,0.9668406178498661
GSE8121,SIG004,T2,T48,HALLMARK_IL2_STAT5_SIGNALING,HALLMARK_SECONDARY,SSGSEA_RANK_WALK,30,-0.038042269187986644,0.841805725908563,-0.03806063691113819,0.19245008972987526,NO_KNOWN_OVERLAP,INCLUDE_PRIMARY_INDEPENDENT,0.9587231878403077
GSE8121,SIG004,T2,T48,HALLMARK_IL6_JAK_STAT3_SIGNALING,HALLMARK_SECONDARY,SSGSEA_RANK_WALK,30,-0.1114571746384872,0.5576283352032433,-0.11192217863485387,0.19245008972987526,NO_KNOWN_OVERLAP,INCLUDE_PRIMARY_INDEPENDENT,0.7707660251880414
GSE8121,SIG004,T2,T48,HALLMARK_INFLAMMATORY_RESPONSE,PRESET_PRIMARY,SSGSEA_RANK_WALK,30,-0.05272525027808676,0.7820032331043918,-0.05277418982242631,0.19245008972987526,NO_KNOWN_OVERLAP,INCLUDE_PRIMARY_INDEPENDENT,0.8797536372424408
GSE8121,SIG004,T2,T48,HALLMARK_INTERFERON_ALPHA_RESPONSE,PRESET_PRIMARY,SSGSEA_RANK_WALK,30,-0.071412680756396,0.7076586430647218,-0.07153444967575545,0.19245008972987526,NO_KNOWN_OVERLAP,INCLUDE_PRIMARY_INDEPENDENT,0.8797536372424408
GSE8121,SIG004,T2,T48,HALLMARK_INTERFERON_GAMMA_RESPONSE,PRESET_PRIMARY,SSGSEA_RANK_WALK,30,-0.06384872080088987,0.7374770663068841,-0.06393569680036212,0.19245008972987526,NO_KNOWN_OVERLAP,INCLUDE_PRIMARY_INDEPENDENT,0.8797536372424408
GSE8121,SIG004,T2,T48,HALLMARK_KRAS_SIGNALING_DN,HALLMARK_SECONDARY,SSGSEA_RANK_WALK,30,0.31523915461624025,0.08972629031806367,0.3263520741146066,0.19245008972987526,NO_KNOWN_OVERLAP,INCLUDE_PRIMARY_INDEPENDENT,0.441390854885847
GSE8121,SIG004,T2,T48,HALLMARK_KRAS_SIGNALING_UP,HALLMARK_SECONDARY,SSGSEA_RANK_WALK,30,-0.018020022246941044,0.9247014225657185,-0.01802197312147606,0.19245008972987526,NO_KNOWN_OVERLAP,INCLUDE_PRIMARY_INDEPENDENT,0.9668406178498661
GSE8121,SIG004,T2,T48,HALLMARK_MITOTIC_SPINDLE,HALLMARK_SECONDARY,SSGSEA_RANK_WALK,30,-0.15595105672969967,0.4105440551156686,-0.15723411364776532,0.19245008972987526,NO_KNOWN_OVERLAP,INCLUDE_PRIMARY_INDEPENDENT,0.6732922503896965
GSE8121,SIG004,T2,T48,HALLMARK_MTORC1_SIGNALING,HALLMARK_SECONDARY,SSGSEA_RANK_WALK,30,-0.07408231368186874,0.6972322835738773,-0.07421828763192118,0.19245008972987526,NO_KNOWN_OVERLAP,INCLUDE_PRIMARY_INDEPENDENT,0.8933288633290304
GSE8121,SIG004,T2,T48,HALLMARK_MYC_TARGETS_V1,HALLMARK_SECONDARY,SSGSEA_RANK_WALK,30,-0.0135706340378198,0.943259139365723,-0.013571467195407992,0.19245008972987526,NO_KNOWN_OVERLAP,INCLUDE_PRIMARY_INDEPENDENT,0.9668406178498661
GSE8121,SIG004,T2,T48,HALLMARK_MYC_TARGETS_V2,HALLMARK_SECONDARY,SSGSEA_RANK_WALK,30,0.1884315906562848,0.31866868599863063,0.19071052123784213,0.19245008972987526,NO_KNOWN_OVERLAP,INCLUDE_PRIMARY_INDEPENDENT,0.6732922503896965
GSE8121,SIG004,T2,T48,HALLMARK_MYOGENESIS,HALLMARK_SECONDARY,SSGSEA_RANK_WALK,30,0.27430478309232476,0.1424046047617373,0.2815129627297611,0.19245008972987526,NO_KNOWN_OVERLAP,INCLUDE_PRIMARY_INDEPENDENT,0.5307807995664754
GSE8121,SIG004,T2,T48,HALLMARK_NOTCH_SIGNALING,HALLMARK_SECONDARY,SSGSEA_RANK_WALK,30,-0.2253615127919911,0.23115666528541257,-0.22929736976020554,0.19245008972987526,NO_KNOWN_OVERLAP,INCLUDE_PRIMARY_INDEPENDENT,0.5923389547938697
GSE8121,SIG004,T2,T48,HALLMARK_OXIDATIVE_PHOSPHORYLATION,PRESET_PRIMARY,SSGSEA_RANK_WALK,30,-0.19866518353726362,0.2926008179371727,-0.2013425058971766,0.19245008972987526,NO_KNOWN_OVERLAP,INCLUDE_PRIMARY_INDEPENDENT,0.8778024538115181
GSE8121,SIG004,T2,T48,HALLMARK_P53_PATHWAY,HALLMARK_SECONDARY,SSGSEA_RANK_WALK,30,-0.04516129032258065,0.8126811295123841,-0.04519203073413451,0.19245008972987526,NO_KNOWN_OVERLAP,INCLUDE_PRIMARY_INDEPENDENT,0.9587231878403077
GSE8121,SIG004,T2,T48,HALLMARK_PANCREAS_BETA_CELLS,HALLMARK_SECONDARY,SSGSEA_RANK_WALK,30,0.35172413793103446,0.05664728136801373,0.36740993848025666,0.19245008972987526,NO_KNOWN_OVERLAP,INCLUDE_PRIMARY_INDEPENDENT,0.441390854885847
GSE8121,SIG004,T2,T48,HALLMARK_PEROXISOME,HALLMARK_SECONDARY,SSGSEA_RANK_WALK,30,-0.20444938820912126,0.27848411242311555,-0.2073716669404209,0.19245008972987526,NO_KNOWN_OVERLAP,INCLUDE_PRIMARY_INDEPENDENT,0.634324922741541
GSE8121,SIG004,T2,T48,HALLMARK_PI3K_AKT_MTOR_SIGNALING,HALLMARK_SECONDARY,SSGSEA_RANK_WALK,30,-0.17241379310344826,0.36225781822197456,-0.17415334713410788,0.19245008972987526,NO_KNOWN_OVERLAP,INCLUDE_PRIMARY_INDEPENDENT,0.6732922503896965
GSE8121,SIG004,T2,T48,HALLMARK_PROTEIN_SECRETION,HALLMARK_SECONDARY,SSGSEA_RANK_WALK,30,-0.2609566184649611,0.16366337442602305,-0.2671346553186655,0.19245008972987526,NO_KNOWN_OVERLAP,INCLUDE_PRIMARY_INDEPENDENT,0.5591831959555787
GSE8121,SIG004,T2,T48,HALLMARK_REACTIVE_OXYGEN_SPECIES_PATHWAY,HALLMARK_SECONDARY,SSGSEA_RANK_WALK,30,-0.2507230255839822,0.1814263242494825,-0.2561841880521299,0.19245008972987526,NO_KNOWN_OVERLAP,INCLUDE_PRIMARY_INDEPENDENT,0.5721907149406755
GSE8121,SIG004,T2,T48,HALLMARK_SPERMATOGENESIS,HALLMARK_SECONDARY,SSGSEA_RANK_WALK,30,0.30055617352614017,0.10656462177179266,0.31013089606104705,0.19245008972987526,NO_KNOWN_OVERLAP,INCLUDE_PRIMARY_INDEPENDENT,0.441390854885847
GSE8121,SIG004,T2,T48,HALLMARK_TGF_BETA_SIGNALING,HALLMARK_SECONDARY,SSGSEA_RANK_WALK,30,-0.2996662958843159,0.10765630606971878,-0.3091529367051962,0.19245008972987526,NO_KNOWN_OVERLAP,INCLUDE_PRIMARY_INDEPENDENT,0.441390854885847
GSE8121,SIG004,T2,T48,HALLMARK_TNFA_SIGNALING_VIA_NFKB,PRESET_PRIMARY,SSGSEA_RANK_WALK,30,-0.21957730812013349,0.2436682222686025,-0.22321196168532875,0.19245008972987526,NO_KNOWN_OVERLAP,INCLUDE_PRIMARY_INDEPENDENT,0.8778024538115181
GSE8121,SIG004,T2,T48,HALLMARK_UNFOLDED_PROTEIN_RESPONSE,HALLMARK_SECONDARY,SSGSEA_RANK_WALK,30,0.04293659621802002,0.821758186362863,0.04296301071458659,0.19245008972987526,NO_KNOWN_OVERLAP,INCLUDE_PRIMARY_INDEPENDENT,0.9587231878403077
GSE8121,SIG004,T2,T48,HALLMARK_UV_RESPONSE_DN,HALLMARK_SECONDARY,SSGSEA_RANK_WALK,30,-0.35350389321468295,0.0553217501843092,-0.36944240462447764,0.19245008972987526,NO_KNOWN_OVERLAP,INCLUDE_PRIMARY_INDEPENDENT,0.441390854885847
GSE8121,SIG004,T2,T48,HALLMARK_UV_RESPONSE_UP,HALLMARK_SECONDARY,SSGSEA_RANK_WALK,30,0.17775305895439378,0.3473524065934548,0.1796614750127359,0.19245008972987526,NO_KNOWN_OVERLAP,INCLUDE_PRIMARY_INDEPENDENT,0.6732922503896965
GSE8121,SIG004,T2,T48,HALLMARK_WNT_BETA_CATENIN_SIGNALING,HALLMARK_SECONDARY,SSGSEA_RANK_WALK,30,-0.11946607341490545,0.5294820243344482,-0.12003933610888272,0.19245008972987526,NO_KNOWN_OVERLAP,INCLUDE_PRIMARY_INDEPENDENT,0.7707660251880414
GSE8121,SIG004,T2,T48,HALLMARK_XENOBIOTIC_METABOLISM,HALLMARK_SECONDARY,SSGSEA_RANK_WALK,30,0.21201334816462733,0.26069627529010747,0.2152785147432847,0.19245008972987526,NO_KNOWN_OVERLAP,INCLUDE_PRIMARY_INDEPENDENT,0.628738075699671
GSE8121,SIG004,T2,T48,Neutrophil degranulation,REACTOME_SUPPLEMENT,SSGSEA_RANK_WALK,30,-0.2200222469410456,0.2426901461679347,-0.22367948760051257,0.19245008972987526,NO_KNOWN_OVERLAP,INCLUDE_PRIMARY_INDEPENDENT,0.4853802923358694
GSE8121,SIG004,T2,T48,TCR signaling,REACTOME_SUPPLEMENT,SSGSEA_RANK_WALK,30,-0.08832035595105672,0.6425732546619212,-0.08855108400410895,0.19245008972987526,NO_KNOWN_OVERLAP,INCLUDE_PRIMARY_INDEPENDENT,0.6425732546619212
GSE8121,SIG022,T2,T48,HALLMARK_ADIPOGENESIS,HALLMARK_SECONDARY,SSGSEA_RANK_WALK,30,0.1003337041156841,0.5978232057695443,0.10067243397049976,0.19245008972987526,NO_KNOWN_OVERLAP,INCLUDE_PRIMARY_INDEPENDENT,0.9562237809501418
GSE8121,SIG022,T2,T48,HALLMARK_ALLOGRAFT_REJECTION,PRESET_PRIMARY,SSGSEA_RANK_WALK,30,-0.23114571746384868,0.2190839284296478,-0.23539951521146246,0.19245008972987526,NO_KNOWN_OVERLAP,INCLUDE_PRIMARY_INDEPENDENT,0.3286258926444717
GSE8121,SIG022,T2,T48,HALLMARK_ANDROGEN_RESPONSE,HALLMARK_SECONDARY,SSGSEA_RANK_WALK,30,0.07007786429365963,0.7128914578943152,0.07019291879050243,0.19245008972987526,NO_KNOWN_OVERLAP,INCLUDE_PRIMARY_INDEPENDENT,0.9562237809501418
GSE8121,SIG022,T2,T48,HALLMARK_ANGIOGENESIS,HALLMARK_SECONDARY,SSGSEA_RANK_WALK,30,-0.10656284760845385,0.5751604749636792,-0.10696898149589243,0.19245008972987526,NO_KNOWN_OVERLAP,INCLUDE_PRIMARY_INDEPENDENT,0.9562237809501418
GSE8121,SIG022,T2,T48,HALLMARK_APICAL_JUNCTION,HALLMARK_SECONDARY,SSGSEA_RANK_WALK,30,-0.03759733036707453,0.8436332422166452,-0.03761506075866212,0.19245008972987526,NO_KNOWN_OVERLAP,INCLUDE_PRIMARY_INDEPENDENT,0.9608045258578459
GSE8121,SIG022,T2,T48,HALLMARK_APICAL_SURFACE,HALLMARK_SECONDARY,SSGSEA_RANK_WALK,30,0.046496106785317015,0.8072462140105008,0.04652965677247026,0.19245008972987526,NO_KNOWN_OVERLAP,INCLUDE_PRIMARY_INDEPENDENT,0.9608045258578459
GSE8121,SIG022,T2,T48,HALLMARK_APOPTOSIS,PRESET_PRIMARY,SSGSEA_RANK_WALK,30,-0.08698553948832036,0.6476258966269068,-0.08720593248354015,0.19245008972987526,NO_KNOWN_OVERLAP,INCLUDE_PRIMARY_INDEPENDENT,0.7285791337052702
GSE8121,SIG022,T2,T48,HALLMARK_BILE_ACID_METABOLISM,HALLMARK_SECONDARY,SSGSEA_RANK_WALK,30,-0.10478309232480533,0.5815962537668229,-0.10516912714426838,0.19245008972987526,NO_KNOWN_OVERLAP,INCLUDE_PRIMARY_INDEPENDENT,0.9562237809501418
GSE8121,SIG022,T2,T48,HALLMARK_CHOLESTEROL_HOMEOSTASIS,HALLMARK_SECONDARY,SSGSEA_RANK_WALK,30,0.10567296996662959,0.5783743861817717,0.10606896873880382,0.19245008972987526,NO_KNOWN_OVERLAP,INCLUDE_PRIMARY_INDEPENDENT,0.9562237809501418
GSE8121,SIG022,T2,T48,HALLMARK_COAGULATION,PRESET_PRIMARY,SSGSEA_RANK_WALK,30,-0.026918798665183537,0.887711400585559,-0.02692530347561117,0.19245008972987526,NO_KNOWN_OVERLAP,INCLUDE_PRIMARY_INDEPENDENT,0.887711400585559
GSE8121,SIG022,T2,T48,HALLMARK_COMPLEMENT,PRESET_PRIMARY,SSGSEA_RANK_WALK,30,-0.29343715239154616,0.11553371014324493,-0.30232312937589745,0.19245008972987526,NO_KNOWN_OVERLAP,INCLUDE_PRIMARY_INDEPENDENT,0.29325648592600984
GSE8121,SIG022,T2,T48,HALLMARK_DNA_REPAIR,HALLMARK_SECONDARY,SSGSEA_RANK_WALK,30,0.3014460511679644,0.10548125098955924,0.3111094306618016,0.19245008972987526,NO_KNOWN_OVERLAP,INCLUDE_PRIMARY_INDEPENDENT,0.43247312905719293
GSE8121,SIG022,T2,T48,HALLMARK_E2F_TARGETS,HALLMARK_SECONDARY,SSGSEA_RANK_WALK,30,0.40600667408231367,0.026002628470144916,0.4308203678733039,0.19245008972987526,NO_KNOWN_OVERLAP,INCLUDE_PRIMARY_INDEPENDENT,0.2426445372771961
GSE8121,SIG022,T2,T48,HALLMARK_EPITHELIAL_MESENCHYMAL_TRANSITION,HALLMARK_SECONDARY,SSGSEA_RANK_WALK,30,-0.008231368186874304,0.9655660535706041,-0.008231554101041382,0.19245008972987526,NO_KNOWN_OVERLAP,INCLUDE_PRIMARY_INDEPENDENT,0.9748690768685238
GSE8121,SIG022,T2,T48,HALLMARK_ESTROGEN_RESPONSE_EARLY,HALLMARK_SECONDARY,SSGSEA_RANK_WALK,30,-0.0389321468298109,0.8381531181479898,-0.038951834712393496,0.19245008972987526,NO_KNOWN_OVERLAP,INCLUDE_PRIMARY_INDEPENDENT,0.9608045258578459
GSE8121,SIG022,T2,T48,HALLMARK_ESTROGEN_RESPONSE_LATE,HALLMARK_SECONDARY,SSGSEA_RANK_WALK,30,0.36151279199110126,0.04965632965138448,0.3786250333763525,0.19245008972987526,NO_KNOWN_OVERLAP,INCLUDE_PRIMARY_INDEPENDENT,0.25448868946334546
GSE8121,SIG022,T2,T48,HALLMARK_FATTY_ACID_METABOLISM,HALLMARK_SECONDARY,SSGSEA_RANK_WALK,30,0.10166852057842046,0.5929347347453278,0.10202100774582461,0.19245008972987526,NO_KNOWN_OVERLAP,INCLUDE_PRIMARY_INDEPENDENT,0.9562237809501418
GSE8121,SIG022,T2,T48,HALLMARK_G2M_CHECKPOINT,HALLMARK_SECONDARY,SSGSEA_RANK_WALK,30,0.37619577308120133,0.0404706389229528,0.39562085254526713,0.19245008972987526,NO_KNOWN_OVERLAP,INCLUDE_PRIMARY_INDEPENDENT,0.25448868946334546
GSE8121,SIG022,T2,T48,HALLMARK_GLYCOLYSIS,HALLMARK_SECONDARY,SSGSEA_RANK_WALK,30,0.21557285873192436,0.2525886590804357,0.21900851914640523,0.19245008972987526,NO_KNOWN_OVERLAP,INCLUDE_PRIMARY_INDEPENDENT,0.7397239301641331
GSE8121,SIG022,T2,T48,HALLMARK_HEDGEHOG_SIGNALING,HALLMARK_SECONDARY,SSGSEA_RANK_WALK,30,-0.10122358175750834,0.5945623004709505,-0.10157144230377012,0.19245008972987526,NO_KNOWN_OVERLAP,INCLUDE_PRIMARY_INDEPENDENT,0.9562237809501418
GSE8121,SIG022,T2,T48,HALLMARK_HEME_METABOLISM,HALLMARK_SECONDARY,SSGSEA_RANK_WALK,30,0.3686318131256952,0.04501571377538033,0.3868388267327459,0.19245008972987526,NO_KNOWN_OVERLAP,INCLUDE_PRIMARY_INDEPENDENT,0.25448868946334546
GSE8121,SIG022,T2,T48,HALLMARK_HYPOXIA,HALLMARK_SECONDARY,SSGSEA_RANK_WALK,30,0.04427141268075639,0.8163091671300231,0.044300370111134094,0.19245008972987526,NO_KNOWN_OVERLAP,INCLUDE_PRIMARY_INDEPENDENT,0.9608045258578459
GSE8121,SIG022,T2,T48,HALLMARK_IL2_STAT5_SIGNALING,HALLMARK_SECONDARY,SSGSEA_RANK_WALK,30,-0.06162402669632924,0.7463209997659643,-0.0617022110895434,0.19245008972987526,NO_KNOWN_OVERLAP,INCLUDE_PRIMARY_INDEPENDENT,0.9562237809501418
GSE8121,SIG022,T2,T48,HALLMARK_IL6_JAK_STAT3_SIGNALING,HALLMARK_SECONDARY,SSGSEA_RANK_WALK,30,-0.28898776418242494,0.12141718912490894,-0.29746143572156525,0.19245008972987526,NO_KNOWN_OVERLAP,INCLUDE_PRIMARY_INDEPENDENT,0.4525549776473879
GSE8121,SIG022,T2,T48,HALLMARK_INFLAMMATORY_RESPONSE,PRESET_PRIMARY,SSGSEA_RANK_WALK,30,-0.3232480533926585,0.08143942187644287,-0.33526991738040374,0.19245008972987526,NO_KNOWN_OVERLAP,INCLUDE_PRIMARY_INDEPENDENT,0.29325648592600984
GSE8121,SIG022,T2,T48,HALLMARK_INTERFERON_ALPHA_RESPONSE,PRESET_PRIMARY,SSGSEA_RANK_WALK,30,-0.3076751946607342,0.0981275508207401,-0.3179754808402902,0.19245008972987526,NO_KNOWN_OVERLAP,INCLUDE_PRIMARY_INDEPENDENT,0.29325648592600984
GSE8121,SIG022,T2,T48,HALLMARK_INTERFERON_GAMMA_RESPONSE,PRESET_PRIMARY,SSGSEA_RANK_WALK,30,-0.27786429365962184,0.13709069993679465,-0.28536618132676184,0.19245008972987526,NO_KNOWN_OVERLAP,INCLUDE_PRIMARY_INDEPENDENT,0.29325648592600984
GSE8121,SIG022,T2,T48,HALLMARK_KRAS_SIGNALING_DN,HALLMARK_SECONDARY,SSGSEA_RANK_WALK,30,0.10700778642936595,0.5735565182059499,0.10741905253136594,0.19245008972987526,NO_KNOWN_OVERLAP,INCLUDE_PRIMARY_INDEPENDENT,0.9562237809501418
GSE8121,SIG022,T2,T48,HALLMARK_KRAS_SIGNALING_UP,HALLMARK_SECONDARY,SSGSEA_RANK_WALK,30,-0.3975528364849833,0.029590797228926352,-0.4207390230332131,0.19245008972987526,NO_KNOWN_OVERLAP,INCLUDE_PRIMARY_INDEPENDENT,0.2426445372771961
GSE8121,SIG022,T2,T48,HALLMARK_MITOTIC_SPINDLE,HALLMARK_SECONDARY,SSGSEA_RANK_WALK,30,0.18086763070077863,0.3388306028207365,0.18287951682953746,0.19245008972987526,NO_KNOWN_OVERLAP,INCLUDE_PRIMARY_INDEPENDENT,0.9261369810433464
GSE8121,SIG022,T2,T48,HALLMARK_MTORC1_SIGNALING,HALLMARK_SECONDARY,SSGSEA_RANK_WALK,30,0.22758620689655173,0.22646155186100664,0.2316423394984953,0.19245008972987526,NO_KNOWN_OVERLAP,INCLUDE_PRIMARY_INDEPENDENT,0.714224894330867
GSE8121,SIG022,T2,T48,HALLMARK_MYC_TARGETS_V1,HALLMARK_SECONDARY,SSGSEA_RANK_WALK,30,0.31523915461624025,0.08972629031806367,0.3263520741146066,0.19245008972987526,NO_KNOWN_OVERLAP,INCLUDE_PRIMARY_INDEPENDENT,0.4087531003378456
GSE8121,SIG022,T2,T48,HALLMARK_MYC_TARGETS_V2,HALLMARK_SECONDARY,SSGSEA_RANK_WALK,30,0.5559510567296997,0.0014235515670763545,0.6269537303759559,0.19245008972987526,NO_KNOWN_OVERLAP,INCLUDE_PRIMARY_INDEPENDENT,0.05836561425013054
GSE8121,SIG022,T2,T48,HALLMARK_MYOGENESIS,HALLMARK_SECONDARY,SSGSEA_RANK_WALK,30,0.009566184649610678,0.9599862888364576,0.009566476472175794,0.19245008972987526,NO_KNOWN_OVERLAP,INCLUDE_PRIMARY_INDEPENDENT,0.9748690768685238
GSE8121,SIG022,T2,T48,HALLMARK_NOTCH_SIGNALING,HALLMARK_SECONDARY,SSGSEA_RANK_WALK,30,-0.2645161290322581,0.1577857878821356,-0.2709581054180109,0.19245008972987526,NO_KNOWN_OVERLAP,INCLUDE_PRIMARY_INDEPENDENT,0.5391014419306299
GSE8121,SIG022,T2,T48,HALLMARK_OXIDATIVE_PHOSPHORYLATION,PRESET_PRIMARY,SSGSEA_RANK_WALK,30,0.15283648498331479,0.420068213331106,0.15404348260539968,0.19245008972987526,NO_KNOWN_OVERLAP,INCLUDE_PRIMARY_INDEPENDENT,0.5400877028542792
GSE8121,SIG022,T2,T48,HALLMARK_P53_PATHWAY,HALLMARK_SECONDARY,SSGSEA_RANK_WALK,30,-0.09232480533926585,0.6275095966615662,-0.09258847669517943,0.19245008972987526,NO_KNOWN_OVERLAP,INCLUDE_PRIMARY_INDEPENDENT,0.9562237809501418
GSE8121,SIG022,T2,T48,HALLMARK_PANCREAS_BETA_CELLS,HALLMARK_SECONDARY,SSGSEA_RANK_WALK,30,-0.06651835372636263,0.7269076460133548,-0.06661672273907095,0.19245008972987526,NO_KNOWN_OVERLAP,INCLUDE_PRIMARY_INDEPENDENT,0.9562237809501418
GSE8121,SIG022,T2,T48,HALLMARK_PEROXISOME,HALLMARK_SECONDARY,SSGSEA_RANK_WALK,30,0.020689655172413793,0.9135847422192582,0.020692608081427165,0.19245008972987526,NO_KNOWN_OVERLAP,INCLUDE_PRIMARY_INDEPENDENT,0.9748690768685238
GSE8121,SIG022,T2,T48,HALLMARK_PI3K_AKT_MTOR_SIGNALING,HALLMARK_SECONDARY,SSGSEA_RANK_WALK,30,0.00778642936596218,0.9674263421873237,0.007786586731484976,0.19245008972987526,NO_KNOWN_OVERLAP,INCLUDE_PRIMARY_INDEPENDENT,0.9748690768685238
GSE8121,SIG022,T2,T48,HALLMARK_PROTEIN_SECRETION,HALLMARK_SECONDARY,SSGSEA_RANK_WALK,30,0.06918798665183537,0.7163871282771048,0.0692987052758277,0.19245008972987526,NO_KNOWN_OVERLAP,INCLUDE_PRIMARY_INDEPENDENT,0.9562237809501418
GSE8121,SIG022,T2,T48,HALLMARK_REACTIVE_OXYGEN_SPECIES_PATHWAY,HALLMARK_SECONDARY,SSGSEA_RANK_WALK,30,0.15016685205784203,0.4283284912394979,0.15131113295092696,0.19245008972987526,NO_KNOWN_OVERLAP,INCLUDE_PRIMARY_INDEPENDENT,0.9562237809501418
GSE8121,SIG022,T2,T48,HALLMARK_SPERMATOGENESIS,HALLMARK_SECONDARY,SSGSEA_RANK_WALK,30,0.40778642936596216,0.025294498027558527,0.43295325524621636,0.19245008972987526,NO_KNOWN_OVERLAP,INCLUDE_PRIMARY_INDEPENDENT,0.2426445372771961
GSE8121,SIG022,T2,T48,HALLMARK_TGF_BETA_SIGNALING,HALLMARK_SECONDARY,SSGSEA_RANK_WALK,30,-0.15016685205784203,0.4283284912394979,-0.15131113295092696,0.19245008972987526,NO_KNOWN_OVERLAP,INCLUDE_PRIMARY_INDEPENDENT,0.9562237809501418
GSE8121,SIG022,T2,T48,HALLMARK_TNFA_SIGNALING_VIA_NFKB,PRESET_PRIMARY,SSGSEA_RANK_WALK,30,-0.26140155728587317,0.16292026995889436,-0.26761216740563176,0.19245008972987526,NO_KNOWN_OVERLAP,INCLUDE_PRIMARY_INDEPENDENT,0.29325648592600984
GSE8121,SIG022,T2,T48,HALLMARK_UNFOLDED_PROTEIN_RESPONSE,HALLMARK_SECONDARY,SSGSEA_RANK_WALK,30,0.4189098998887653,0.02121746529909889,0.4463691785868406,0.19245008972987526,NO_KNOWN_OVERLAP,INCLUDE_PRIMARY_INDEPENDENT,0.2426445372771961
GSE8121,SIG022,T2,T48,HALLMARK_UV_RESPONSE_DN,HALLMARK_SECONDARY,SSGSEA_RANK_WALK,30,-0.07541713014460512,0.6920391624734634,-0.07556060452215516,0.19245008972987526,NO_KNOWN_OVERLAP,INCLUDE_PRIMARY_INDEPENDENT,0.9562237809501418
GSE8121,SIG022,T2,T48,HALLMARK_UV_RESPONSE_UP,HALLMARK_SECONDARY,SSGSEA_RANK_WALK,30,0.06518353726362626,0.7321863531135642,0.06527609263645903,0.19245008972987526,NO_KNOWN_OVERLAP,INCLUDE_PRIMARY_INDEPENDENT,0.9562237809501418
GSE8121,SIG022,T2,T48,HALLMARK_WNT_BETA_CATENIN_SIGNALING,HALLMARK_SECONDARY,SSGSEA_RANK_WALK,30,-0.12614015572858733,0.5065612472958683,-0.12681563581535643,0.19245008972987526,NO_KNOWN_OVERLAP,INCLUDE_PRIMARY_INDEPENDENT,0.9562237809501418
GSE8121,SIG022,T2,T48,HALLMARK_XENOBIOTIC_METABOLISM,HALLMARK_SECONDARY,SSGSEA_RANK_WALK,30,-0.006006674082313682,0.9748690768685238,-0.0060067463244119134,0.19245008972987526,NO_KNOWN_OVERLAP,INCLUDE_PRIMARY_INDEPENDENT,0.9748690768685238
GSE8121,SIG022,T2,T48,Neutrophil degranulation,REACTOME_SUPPLEMENT,SSGSEA_RANK_WALK,30,-0.2418242491657397,0.19793631548021687,-0.24671076307353054,0.19245008972987526,NO_KNOWN_OVERLAP,INCLUDE_PRIMARY_INDEPENDENT,0.2689721790244094
GSE8121,SIG022,T2,T48,TCR signaling,REACTOME_SUPPLEMENT,SSGSEA_RANK_WALK,30,0.20845383759733035,0.2689721790244094,0.2115544005063758,0.19245008972987526,NO_KNOWN_OVERLAP,INCLUDE_PRIMARY_INDEPENDENT,0.2689721790244094
GSE8121,SIG023,T2,T48,HALLMARK_ADIPOGENESIS,HALLMARK_SECONDARY,SSGSEA_RANK_WALK,30,0.40778642936596216,0.025294498027558527,0.43295325524621636,0.19245008972987526,NO_KNOWN_OVERLAP,INCLUDE_PRIMARY_INDEPENDENT,0.4071819031413527
GSE8121,SIG023,T2,T48,HALLMARK_ALLOGRAFT_REJECTION,PRESET_PRIMARY,SSGSEA_RANK_WALK,30,0.017130144605116793,0.9284101765283992,0.017131820467319394,0.19245008972987526,NO_KNOWN_OVERLAP,INCLUDE_PRIMARY_INDEPENDENT,0.9284101765283991
GSE8121,SIG023,T2,T48,HALLMARK_ANDROGEN_RESPONSE,HALLMARK_SECONDARY,SSGSEA_RANK_WALK,30,0.09944382647385984,0.6010917668848579,0.09977358779062695,0.19245008972987526,NO_KNOWN_OVERLAP,INCLUDE_PRIMARY_INDEPENDENT,0.9127689793436731
GSE8121,SIG023,T2,T48,HALLMARK_ANGIOGENESIS,HALLMARK_SECONDARY,SSGSEA_RANK_WALK,30,-0.0028921023359288096,0.9878984726602261,-0.0028921103993973063,0.19245008972987526,NO_KNOWN_OVERLAP,INCLUDE_PRIMARY_INDEPENDENT,0.9878984726602262
GSE8121,SIG023,T2,T48,HALLMARK_APICAL_JUNCTION,HALLMARK_SECONDARY,SSGSEA_RANK_WALK,30,0.053170189098998885,0.7802081176079785,0.05322037952622446,0.19245008972987526,NO_KNOWN_OVERLAP,INCLUDE_PRIMARY_INDEPENDENT,0.9608045258578459
GSE8121,SIG023,T2,T48,HALLMARK_APICAL_SURFACE,HALLMARK_SECONDARY,SSGSEA_RANK_WALK,30,-0.15417130144605118,0.4159714974073594,-0.15541051119398003,0.19245008972987526,NO_KNOWN_OVERLAP,INCLUDE_PRIMARY_INDEPENDENT,0.8480789598596232
GSE8121,SIG023,T2,T48,HALLMARK_APOPTOSIS,PRESET_PRIMARY,SSGSEA_RANK_WALK,30,0.24449388209121245,0.19287803716174853,0.24954816316533357,0.19245008972987526,NO_KNOWN_OVERLAP,INCLUDE_PRIMARY_INDEPENDENT,0.5728495663549742
GSE8121,SIG023,T2,T48,HALLMARK_BILE_ACID_METABOLISM,HALLMARK_SECONDARY,SSGSEA_RANK_WALK,30,0.296551724137931,0.11154315929129337,0.30573457477283905,0.19245008972987526,NO_KNOWN_OVERLAP,INCLUDE_PRIMARY_INDEPENDENT,0.5292565506690838
GSE8121,SIG023,T2,T48,HALLMARK_CHOLESTEROL_HOMEOSTASIS,HALLMARK_SECONDARY,SSGSEA_RANK_WALK,30,0.37085650723025576,0.04363865493820921,0.38941582607007486,0.19245008972987526,NO_KNOWN_OVERLAP,INCLUDE_PRIMARY_INDEPENDENT,0.4071819031413527
GSE8121,SIG023,T2,T48,HALLMARK_COAGULATION,PRESET_PRIMARY,SSGSEA_RANK_WALK,30,0.03225806451612903,0.8656229259026104,0.03226926056878558,0.19245008972987526,NO_KNOWN_OVERLAP,INCLUDE_PRIMARY_INDEPENDENT,0.9284101765283991
GSE8121,SIG023,T2,T48,HALLMARK_COMPLEMENT,PRESET_PRIMARY,SSGSEA_RANK_WALK,30,0.22402669632925473,0.23400488406662498,0.2278915782278248,0.19245008972987526,NO_KNOWN_OVERLAP,INCLUDE_PRIMARY_INDEPENDENT,0.5728495663549742
GSE8121,SIG023,T2,T48,HALLMARK_DNA_REPAIR,HALLMARK_SECONDARY,SSGSEA_RANK_WALK,30,0.20800889877641823,0.27001851645505554,0.2110892945409525,0.19245008972987526,NO_KNOWN_OVERLAP,INCLUDE_PRIMARY_INDEPENDENT,0.7136155380842336
GSE8121,SIG023,T2,T48,HALLMARK_E2F_TARGETS,HALLMARK_SECONDARY,SSGSEA_RANK_WALK,30,0.10923248053392658,0.5655669637063159,0.10967006182419597,0.19245008972987526,NO_KNOWN_OVERLAP,INCLUDE_PRIMARY_INDEPENDENT,0.9127689793436731
GSE8121,SIG023,T2,T48,HALLMARK_EPITHELIAL_MESENCHYMAL_TRANSITION,HALLMARK_SECONDARY,SSGSEA_RANK_WALK,30,-0.040266963292547274,0.8326804047464436,-0.04028874782142867,0.19245008972987526,NO_KNOWN_OVERLAP,INCLUDE_PRIMARY_INDEPENDENT,0.9608045258578459
GSE8121,SIG023,T2,T48,HALLMARK_ESTROGEN_RESPONSE_EARLY,HALLMARK_SECONDARY,SSGSEA_RANK_WALK,30,-0.11279199110122358,0.5528899062111672,-0.11327399017791771,0.19245008972987526,NO_KNOWN_OVERLAP,INCLUDE_PRIMARY_INDEPENDENT,0.9127689793436731
GSE8121,SIG023,T2,T48,HALLMARK_ESTROGEN_RESPONSE_LATE,HALLMARK_SECONDARY,SSGSEA_RANK_WALK,30,0.03759733036707453,0.8436332422166452,0.03761506075866212,0.19245008972987526,NO_KNOWN_OVERLAP,INCLUDE_PRIMARY_INDEPENDENT,0.9608045258578459
GSE8121,SIG023,T2,T48,HALLMARK_FATTY_ACID_METABOLISM,HALLMARK_SECONDARY,SSGSEA_RANK_WALK,30,0.28142380422691876,0.1319228303837702,0.2892276687366173,0.19245008972987526,NO_KNOWN_OVERLAP,INCLUDE_PRIMARY_INDEPENDENT,0.5292565506690838
GSE8121,SIG023,T2,T48,HALLMARK_G2M_CHECKPOINT,HALLMARK_SECONDARY,SSGSEA_RANK_WALK,30,0.08520578420467186,0.6543866635171591,0.08541288582043229,0.19245008972987526,NO_KNOWN_OVERLAP,INCLUDE_PRIMARY_INDEPENDENT,0.925167351869087
GSE8121,SIG023,T2,T48,HALLMARK_GLYCOLYSIS,HALLMARK_SECONDARY,SSGSEA_RANK_WALK,30,0.3650723025583982,0.047290803950272506,0.3827257725051551,0.19245008972987526,NO_KNOWN_OVERLAP,INCLUDE_PRIMARY_INDEPENDENT,0.4071819031413527
GSE8121,SIG023,T2,T48,HALLMARK_HEDGEHOG_SIGNALING,HALLMARK_SECONDARY,SSGSEA_RANK_WALK,30,-0.27519466073414905,0.14106233520114103,-0.28247549989303605,0.19245008972987526,NO_KNOWN_OVERLAP,INCLUDE_PRIMARY_INDEPENDENT,0.5292565506690838
GSE8121,SIG023,T2,T48,HALLMARK_HEME_METABOLISM,HALLMARK_SECONDARY,SSGSEA_RANK_WALK,30,-0.18887652947719688,0.3175063206648826,-0.19117187998893664,0.19245008972987526,NO_KNOWN_OVERLAP,INCLUDE_PRIMARY_INDEPENDENT,0.7657505380741286
GSE8121,SIG023,T2,T48,HALLMARK_HYPOXIA,HALLMARK_SECONDARY,SSGSEA_RANK_WALK,30,0.2569521690767519,0.17046018382764036,0.26284236908487024,0.19245008972987526,NO_KNOWN_OVERLAP,INCLUDE_PRIMARY_INDEPENDENT,0.537605195148712
GSE8121,SIG023,T2,T48,HALLMARK_IL2_STAT5_SIGNALING,HALLMARK_SECONDARY,SSGSEA_RANK_WALK,30,0.047385984427141266,0.8036278011377226,0.04742149961526961,0.19245008972987526,NO_KNOWN_OVERLAP,INCLUDE_PRIMARY_INDEPENDENT,0.9608045258578459
GSE8121,SIG023,T2,T48,HALLMARK_IL6_JAK_STAT3_SIGNALING,HALLMARK_SECONDARY,SSGSEA_RANK_WALK,30,-0.01757508342602892,0.9265556109768435,-0.0175768933128976,0.19245008972987526,NO_KNOWN_OVERLAP,INCLUDE_PRIMARY_INDEPENDENT,0.9740712833346302
GSE8121,SIG023,T2,T48,HALLMARK_INFLAMMATORY_RESPONSE,PRESET_PRIMARY,SSGSEA_RANK_WALK,30,-0.15016685205784203,0.4283284912394979,-0.15131113295092696,0.19245008972987526,NO_KNOWN_OVERLAP,INCLUDE_PRIMARY_INDEPENDENT,0.6424927368592469
GSE8121,SIG023,T2,T48,HALLMARK_INTERFERON_ALPHA_RESPONSE,PRESET_PRIMARY,SSGSEA_RANK_WALK,30,-0.2146829810901001,0.25459980726887743,-0.2180754594058041,0.19245008972987526,NO_KNOWN_OVERLAP,INCLUDE_PRIMARY_INDEPENDENT,0.5728495663549742
GSE8121,SIG023,T2,T48,HALLMARK_INTERFERON_GAMMA_RESPONSE,PRESET_PRIMARY,SSGSEA_RANK_WALK,30,-0.15639599555061176,0.409193436571448,-0.15769017591326154,0.19245008972987526,NO_KNOWN_OVERLAP,INCLUDE_PRIMARY_INDEPENDENT,0.6424927368592469
GSE8121,SIG023,T2,T48,HALLMARK_KRAS_SIGNALING_DN,HALLMARK_SECONDARY,SSGSEA_RANK_WALK,30,0.007341490545050056,0.9692867983901742,0.00734162244527052,0.19245008972987526,NO_KNOWN_OVERLAP,INCLUDE_PRIMARY_INDEPENDENT,0.9878984726602262
GSE8121,SIG023,T2,T48,HALLMARK_KRAS_SIGNALING_UP,HALLMARK_SECONDARY,SSGSEA_RANK_WALK,30,-0.05228031145717464,0.7837994469144329,-0.05232802111128127,0.19245008972987526,NO_KNOWN_OVERLAP,INCLUDE_PRIMARY_INDEPENDENT,0.9608045258578459
GSE8121,SIG023,T2,T48,HALLMARK_MITOTIC_SPINDLE,HALLMARK_SECONDARY,SSGSEA_RANK_WALK,30,0.20444938820912126,0.27848411242311555,0.2073716669404209,0.19245008972987526,NO_KNOWN_OVERLAP,INCLUDE_PRIMARY_INDEPENDENT,0.7136155380842336
GSE8121,SIG023,T2,T48,HALLMARK_MTORC1_SIGNALING,HALLMARK_SECONDARY,SSGSEA_RANK_WALK,30,0.26629588431590656,0.1549043562933904,0.2728727280450994,0.19245008972987526,NO_KNOWN_OVERLAP,INCLUDE_PRIMARY_INDEPENDENT,0.5292565506690838
GSE8121,SIG023,T2,T48,HALLMARK_MYC_TARGETS_V1,HALLMARK_SECONDARY,SSGSEA_RANK_WALK,30,0.1114571746384872,0.5576283352032433,0.11192217863485387,0.19245008972987526,NO_KNOWN_OVERLAP,INCLUDE_PRIMARY_INDEPENDENT,0.9127689793436731
GSE8121,SIG023,T2,T48,HALLMARK_MYC_TARGETS_V2,HALLMARK_SECONDARY,SSGSEA_RANK_WALK,30,-0.08832035595105672,0.6425732546619212,-0.08855108400410895,0.19245008972987526,NO_KNOWN_OVERLAP,INCLUDE_PRIMARY_INDEPENDENT,0.925167351869087
GSE8121,SIG023,T2,T48,HALLMARK_MYOGENESIS,HALLMARK_SECONDARY,SSGSEA_RANK_WALK,30,-0.02647385984427141,0.8895560646883569,-0.026480047315940915,0.19245008972987526,NO_KNOWN_OVERLAP,INCLUDE_PRIMARY_INDEPENDENT,0.9697446016721765
GSE8121,SIG023,T2,T48,HALLMARK_NOTCH_SIGNALING,HALLMARK_SECONDARY,SSGSEA_RANK_WALK,30,0.20845383759733035,0.2689721790244094,0.2115544005063758,0.19245008972987526,NO_KNOWN_OVERLAP,INCLUDE_PRIMARY_INDEPENDENT,0.7136155380842336
GSE8121,SIG023,T2,T48,HALLMARK_OXIDATIVE_PHOSPHORYLATION,PRESET_PRIMARY,SSGSEA_RANK_WALK,30,0.3592880978865406,0.05118176365751307,0.3760682395178247,0.19245008972987526,NO_KNOWN_OVERLAP,INCLUDE_PRIMARY_INDEPENDENT,0.46063587291761765
GSE8121,SIG023,T2,T48,HALLMARK_P53_PATHWAY,HALLMARK_SECONDARY,SSGSEA_RANK_WALK,30,0.14171301446051168,0.4550667589490661,0.14267326613492634,0.19245008972987526,NO_KNOWN_OVERLAP,INCLUDE_PRIMARY_INDEPENDENT,0.8480789598596232
GSE8121,SIG023,T2,T48,HALLMARK_PANCREAS_BETA_CELLS,HALLMARK_SECONDARY,SSGSEA_RANK_WALK,30,0.024249165739710785,0.8987876795986026,0.024253920431969875,0.19245008972987526,NO_KNOWN_OVERLAP,INCLUDE_PRIMARY_INDEPENDENT,0.9697446016721765
GSE8121,SIG023,T2,T48,HALLMARK_PEROXISOME,HALLMARK_SECONDARY,SSGSEA_RANK_WALK,30,0.37130144605116794,0.04336732078057541,0.38993181659776677,0.19245008972987526,NO_KNOWN_OVERLAP,INCLUDE_PRIMARY_INDEPENDENT,0.4071819031413527
GSE8121,SIG023,T2,T48,HALLMARK_PI3K_AKT_MTOR_SIGNALING,HALLMARK_SECONDARY,SSGSEA_RANK_WALK,30,0.36151279199110126,0.04965632965138448,0.3786250333763525,0.19245008972987526,NO_KNOWN_OVERLAP,INCLUDE_PRIMARY_INDEPENDENT,0.4071819031413527
GSE8121,SIG023,T2,T48,HALLMARK_PROTEIN_SECRETION,HALLMARK_SECONDARY,SSGSEA_RANK_WALK,30,0.16129032258064516,0.39450240707300055,0.16271120021731397,0.19245008972987526,NO_KNOWN_OVERLAP,INCLUDE_PRIMARY_INDEPENDENT,0.8480789598596232
GSE8121,SIG023,T2,T48,HALLMARK_REACTIVE_OXYGEN_SPECIES_PATHWAY,HALLMARK_SECONDARY,SSGSEA_RANK_WALK,30,0.3343715239154616,0.07091939636872747,0.3477420101072933,0.19245008972987526,NO_KNOWN_OVERLAP,INCLUDE_PRIMARY_INDEPENDENT,0.4846158751863044
GSE8121,SIG023,T2,T48,HALLMARK_SPERMATOGENESIS,HALLMARK_SECONDARY,SSGSEA_RANK_WALK,30,0.05183537263626252,0.7855967503820678,0.05188187321368584,0.19245008972987526,NO_KNOWN_OVERLAP,INCLUDE_PRIMARY_INDEPENDENT,0.9608045258578459
GSE8121,SIG023,T2,T48,HALLMARK_TGF_BETA_SIGNALING,HALLMARK_SECONDARY,SSGSEA_RANK_WALK,30,0.2707452725250278,0.14786640205577323,0.27766787235782264,0.19245008972987526,NO_KNOWN_OVERLAP,INCLUDE_PRIMARY_INDEPENDENT,0.5292565506690838
GSE8121,SIG023,T2,T48,HALLMARK_TNFA_SIGNALING_VIA_NFKB,PRESET_PRIMARY,SSGSEA_RANK_WALK,30,-0.02513904338153504,0.8950934121826408,-0.02514434111015767,0.19245008972987526,NO_KNOWN_OVERLAP,INCLUDE_PRIMARY_INDEPENDENT,0.9284101765283991
GSE8121,SIG023,T2,T48,HALLMARK_UNFOLDED_PROTEIN_RESPONSE,HALLMARK_SECONDARY,SSGSEA_RANK_WALK,30,0.1670745272525028,0.3775354683712884,0.16865566141466817,0.19245008972987526,NO_KNOWN_OVERLAP,INCLUDE_PRIMARY_INDEPENDENT,0.8480789598596232
GSE8121,SIG023,T2,T48,HALLMARK_UV_RESPONSE_DN,HALLMARK_SECONDARY,SSGSEA_RANK_WALK,30,0.10077864293659622,0.5961917929382867,0.1011219177744061,0.19245008972987526,NO_KNOWN_OVERLAP,INCLUDE_PRIMARY_INDEPENDENT,0.9127689793436731
GSE8121,SIG023,T2,T48,HALLMARK_UV_RESPONSE_UP,HALLMARK_SECONDARY,SSGSEA_RANK_WALK,30,0.14349276974416017,0.4493650226110115,0.14448996558369043,0.19245008972987526,NO_KNOWN_OVERLAP,INCLUDE_PRIMARY_INDEPENDENT,0.8480789598596232
GSE8121,SIG023,T2,T48,HALLMARK_WNT_BETA_CATENIN_SIGNALING,HALLMARK_SECONDARY,SSGSEA_RANK_WALK,30,0.046941045606229144,0.8054365152598835,0.0469755688598342,0.19245008972987526,NO_KNOWN_OVERLAP,INCLUDE_PRIMARY_INDEPENDENT,0.9608045258578459
GSE8121,SIG023,T2,T48,HALLMARK_XENOBIOTIC_METABOLISM,HALLMARK_SECONDARY,SSGSEA_RANK_WALK,30,0.27919911012235815,0.1351357369086209,0.2868132625025105,0.19245008972987526,NO_KNOWN_OVERLAP,INCLUDE_PRIMARY_INDEPENDENT,0.5292565506690838
GSE8121,SIG023,T2,T48,Neutrophil degranulation,REACTOME_SUPPLEMENT,SSGSEA_RANK_WALK,30,0.06963292547274749,0.7146385856784574,0.0697457981132323,0.19245008972987526,NO_KNOWN_OVERLAP,INCLUDE_PRIMARY_INDEPENDENT,0.7146385856784574
GSE8121,SIG023,T2,T48,TCR signaling,REACTOME_SUPPLEMENT,SSGSEA_RANK_WALK,30,0.27786429365962184,0.13709069993679465,0.28536618132676184,0.19245008972987526,NO_KNOWN_OVERLAP,INCLUDE_PRIMARY_INDEPENDENT,0.2741813998735893
GSE8121,SIG033,T2,T48,HALLMARK_ADIPOGENESIS,HALLMARK_SECONDARY,SSGSEA_RANK_WALK,30,0.00867630700778643,0.9637059421012134,0.008676524730177177,0.19245008972987526,NO_KNOWN_OVERLAP,INCLUDE_PRIMARY_INDEPENDENT,0.9878984726602262
GSE8121,SIG033,T2,T48,HALLMARK_ALLOGRAFT_REJECTION,PRESET_PRIMARY,SSGSEA_RANK_WALK,30,-0.5087875417130144,0.004090208667337106,-0.5610924576442989,0.19245008972987526,NO_KNOWN_OVERLAP,INCLUDE_PRIMARY_INDEPENDENT,0.008839804310119766
GSE8121,SIG033,T2,T48,HALLMARK_ANDROGEN_RESPONSE,HALLMARK_SECONDARY,SSGSEA_RANK_WALK,30,-0.27608453837597335,0.139729280522085,-0.28343854725023665,0.19245008972987526,NO_KNOWN_OVERLAP,INCLUDE_PRIMARY_INDEPENDENT,0.4774083751171237
GSE8121,SIG033,T2,T48,HALLMARK_ANGIOGENESIS,HALLMARK_SECONDARY,SSGSEA_RANK_WALK,30,-0.23515016685205786,0.21098110982847498,-0.23963415812192296,0.19245008972987526,NO_KNOWN_OVERLAP,INCLUDE_PRIMARY_INDEPENDENT,0.5109833871927796
GSE8121,SIG033,T2,T48,HALLMARK_APICAL_JUNCTION,HALLMARK_SECONDARY,SSGSEA_RANK_WALK,30,-0.17374860956618463,0.3584964502231812,-0.17552938596227705,0.19245008972987526,NO_KNOWN_OVERLAP,INCLUDE_PRIMARY_INDEPENDENT,0.6253225257705012
GSE8121,SIG033,T2,T48,HALLMARK_APICAL_SURFACE,HALLMARK_SECONDARY,SSGSEA_RANK_WALK,30,-0.12525027808676306,0.5095885796995014,-0.12591147298142663,0.19245008972987526,NO_KNOWN_OVERLAP,INCLUDE_PRIMARY_INDEPENDENT,0.757322531115136
GSE8121,SIG033,T2,T48,HALLMARK_APOPTOSIS,PRESET_PRIMARY,SSGSEA_RANK_WALK,30,-0.3219132369299221,0.08277818094857306,-0.33378006960800793,0.19245008972987526,NO_KNOWN_OVERLAP,INCLUDE_PRIMARY_INDEPENDENT,0.1064290897910225
GSE8121,SIG033,T2,T48,HALLMARK_BILE_ACID_METABOLISM,HALLMARK_SECONDARY,SSGSEA_RANK_WALK,30,0.0843159065628476,0.6577771651218055,0.08451656861560564,0.19245008972987526,NO_KNOWN_OVERLAP,INCLUDE_PRIMARY_INDEPENDENT,0.8172382960604251
GSE8121,SIG033,T2,T48,HALLMARK_CHOLESTEROL_HOMEOSTASIS,HALLMARK_SECONDARY,SSGSEA_RANK_WALK,30,-0.06473859844271414,0.7339486010716716,-0.06482926823573845,0.19245008972987526,NO_KNOWN_OVERLAP,INCLUDE_PRIMARY_INDEPENDENT,0.8526459419474427
GSE8121,SIG033,T2,T48,HALLMARK_COAGULATION,PRESET_PRIMARY,SSGSEA_RANK_WALK,30,0.014460511679644046,0.9395449585639919,0.014461519734625217,0.19245008972987526,NO_KNOWN_OVERLAP,INCLUDE_PRIMARY_INDEPENDENT,0.9395449585639919
GSE8121,SIG033,T2,T48,HALLMARK_COMPLEMENT,PRESET_PRIMARY,SSGSEA_RANK_WALK,30,-0.6235817575083425,0.00023181591327714102,-0.7308445384151121,0.19245008972987526,NO_KNOWN_OVERLAP,INCLUDE_PRIMARY_INDEPENDENT,0.0010431716097471346
GSE8121,SIG033,T2,T48,HALLMARK_DNA_REPAIR,HALLMARK_SECONDARY,SSGSEA_RANK_WALK,30,0.05583982202447163,0.7694609720013508,0.055897968630917554,0.19245008972987526,NO_KNOWN_OVERLAP,INCLUDE_PRIMARY_INDEPENDENT,0.8526459419474427
GSE8121,SIG033,T2,T48,HALLMARK_E2F_TARGETS,HALLMARK_SECONDARY,SSGSEA_RANK_WALK,30,0.24805339265850945,0.18627431903928543,0.25333750501983876,0.19245008972987526,NO_KNOWN_OVERLAP,INCLUDE_PRIMARY_INDEPENDENT,0.5109833871927796
GSE8121,SIG033,T2,T48,HALLMARK_EPITHELIAL_MESENCHYMAL_TRANSITION,HALLMARK_SECONDARY,SSGSEA_RANK_WALK,30,0.0028921023359288096,0.9878984726602261,0.0028921103993973063,0.19245008972987526,NO_KNOWN_OVERLAP,INCLUDE_PRIMARY_INDEPENDENT,0.9878984726602262
GSE8121,SIG033,T2,T48,HALLMARK_ESTROGEN_RESPONSE_EARLY,HALLMARK_SECONDARY,SSGSEA_RANK_WALK,30,0.1710789766407119,0.3660424541095617,0.1727779609218097,0.19245008972987526,NO_KNOWN_OVERLAP,INCLUDE_PRIMARY_INDEPENDENT,0.6253225257705012
GSE8121,SIG033,T2,T48,HALLMARK_ESTROGEN_RESPONSE_LATE,HALLMARK_SECONDARY,SSGSEA_RANK_WALK,30,0.44827586206896547,0.01297673328643756,0.48254044802179347,0.19245008972987526,NO_KNOWN_OVERLAP,INCLUDE_PRIMARY_INDEPENDENT,0.0665057580929925
GSE8121,SIG033,T2,T48,HALLMARK_FATTY_ACID_METABOLISM,HALLMARK_SECONDARY,SSGSEA_RANK_WALK,30,0.05583982202447163,0.7694609720013508,0.055897968630917554,0.19245008972987526,NO_KNOWN_OVERLAP,INCLUDE_PRIMARY_INDEPENDENT,0.8526459419474427
GSE8121,SIG033,T2,T48,HALLMARK_G2M_CHECKPOINT,HALLMARK_SECONDARY,SSGSEA_RANK_WALK,30,0.24582869855394882,0.19038286009853816,0.2509683381743723,0.19245008972987526,NO_KNOWN_OVERLAP,INCLUDE_PRIMARY_INDEPENDENT,0.5109833871927796
GSE8121,SIG033,T2,T48,HALLMARK_GLYCOLYSIS,HALLMARK_SECONDARY,SSGSEA_RANK_WALK,30,0.12302558398220245,0.5171958749078978,0.12365195825419178,0.19245008972987526,NO_KNOWN_OVERLAP,INCLUDE_PRIMARY_INDEPENDENT,0.757322531115136
GSE8121,SIG033,T2,T48,HALLMARK_HEDGEHOG_SIGNALING,HALLMARK_SECONDARY,SSGSEA_RANK_WALK,30,0.1385984427141268,0.4651367684391954,0.13949628416163323,0.19245008972987526,NO_KNOWN_OVERLAP,INCLUDE_PRIMARY_INDEPENDENT,0.757322531115136
GSE8121,SIG033,T2,T48,HALLMARK_HEME_METABOLISM,HALLMARK_SECONDARY,SSGSEA_RANK_WALK,30,0.4278086763070078,0.018359723704023962,0.4572113681561461,0.19245008972987526,NO_KNOWN_OVERLAP,INCLUDE_PRIMARY_INDEPENDENT,0.08363874131833138
GSE8121,SIG033,T2,T48,HALLMARK_HYPOXIA,HALLMARK_SECONDARY,SSGSEA_RANK_WALK,30,-0.11279199110122358,0.5528899062111672,-0.11327399017791771,0.19245008972987526,NO_KNOWN_OVERLAP,INCLUDE_PRIMARY_INDEPENDENT,0.75993060616686
GSE8121,SIG033,T2,T48,HALLMARK_IL2_STAT5_SIGNALING,HALLMARK_SECONDARY,SSGSEA_RANK_WALK,30,-0.35572858731924356,0.053699323257581914,-0.37198710302002364,0.19245008972987526,NO_KNOWN_OVERLAP,INCLUDE_PRIMARY_INDEPENDENT,0.22016722535608585
GSE8121,SIG033,T2,T48,HALLMARK_IL6_JAK_STAT3_SIGNALING,HALLMARK_SECONDARY,SSGSEA_RANK_WALK,30,-0.6382647385984427,0.00014765508606011548,-0.7552401261226063,0.19245008972987526,NO_KNOWN_OVERLAP,INCLUDE_PRIMARY_INDEPENDENT,0.003026929264232367
GSE8121,SIG033,T2,T48,HALLMARK_INFLAMMATORY_RESPONSE,PRESET_PRIMARY,SSGSEA_RANK_WALK,30,-0.6511679644048943,9.740321613472422e-05,-0.7773238203550948,0.19245008972987526,NO_KNOWN_OVERLAP,INCLUDE_PRIMARY_INDEPENDENT,0.0008766289452125179
GSE8121,SIG033,T2,T48,HALLMARK_INTERFERON_ALPHA_RESPONSE,PRESET_PRIMARY,SSGSEA_RANK_WALK,30,-0.3886540600667408,0.03379221869951787,-0.4102136347442424,0.19245008972987526,NO_KNOWN_OVERLAP,INCLUDE_PRIMARY_INDEPENDENT,0.05068832804927681
GSE8121,SIG033,T2,T48,HALLMARK_INTERFERON_GAMMA_RESPONSE,PRESET_PRIMARY,SSGSEA_RANK_WALK,30,-0.49988876529477194,0.004911002394510981,-0.5491578423902121,0.19245008972987526,NO_KNOWN_OVERLAP,INCLUDE_PRIMARY_INDEPENDENT,0.008839804310119766
GSE8121,SIG033,T2,T48,HALLMARK_KRAS_SIGNALING_DN,HALLMARK_SECONDARY,SSGSEA_RANK_WALK,30,0.24849833147942155,0.18546010138233077,0.2538116719273031,0.19245008972987526,NO_KNOWN_OVERLAP,INCLUDE_PRIMARY_INDEPENDENT,0.5109833871927796
GSE8121,SIG033,T2,T48,HALLMARK_KRAS_SIGNALING_UP,HALLMARK_SECONDARY,SSGSEA_RANK_WALK,30,-0.6832035595105673,3.17317310667805e-05,-0.8350973566105269,0.19245008972987526,NO_KNOWN_OVERLAP,INCLUDE_PRIMARY_INDEPENDENT,0.0013010009737380007
GSE8121,SIG033,T2,T48,HALLMARK_MITOTIC_SPINDLE,HALLMARK_SECONDARY,SSGSEA_RANK_WALK,30,-0.058064516129032254,0.7605367958476298,-0.05812990305793099,0.19245008972987526,NO_KNOWN_OVERLAP,INCLUDE_PRIMARY_INDEPENDENT,0.8526459419474427
GSE8121,SIG033,T2,T48,HALLMARK_MTORC1_SIGNALING,HALLMARK_SECONDARY,SSGSEA_RANK_WALK,30,-0.00778642936596218,0.9674263421873237,-0.007786586731484976,0.19245008972987526,NO_KNOWN_OVERLAP,INCLUDE_PRIMARY_INDEPENDENT,0.9878984726602262
GSE8121,SIG033,T2,T48,HALLMARK_MYC_TARGETS_V1,HALLMARK_SECONDARY,SSGSEA_RANK_WALK,30,0.21334816462736375,0.257636218204248,0.2166765698239999,0.19245008972987526,NO_KNOWN_OVERLAP,INCLUDE_PRIMARY_INDEPENDENT,0.5868380525763426
GSE8121,SIG033,T2,T48,HALLMARK_MYC_TARGETS_V2,HALLMARK_SECONDARY,SSGSEA_RANK_WALK,30,0.4883203559510568,0.006185153240696981,0.5338523756025165,0.19245008972987526,NO_KNOWN_OVERLAP,INCLUDE_PRIMARY_INDEPENDENT,0.04226521381142937
GSE8121,SIG033,T2,T48,HALLMARK_MYOGENESIS,HALLMARK_SECONDARY,SSGSEA_RANK_WALK,30,0.17953281423804227,0.342467148142791,0.1814999010862432,0.19245008972987526,NO_KNOWN_OVERLAP,INCLUDE_PRIMARY_INDEPENDENT,0.6253225257705012
GSE8121,SIG033,T2,T48,HALLMARK_NOTCH_SIGNALING,HALLMARK_SECONDARY,SSGSEA_RANK_WALK,30,-0.18887652947719688,0.3175063206648826,-0.19117187998893664,0.19245008972987526,NO_KNOWN_OVERLAP,INCLUDE_PRIMARY_INDEPENDENT,0.6253225257705012
GSE8121,SIG033,T2,T48,HALLMARK_OXIDATIVE_PHOSPHORYLATION,PRESET_PRIMARY,SSGSEA_RANK_WALK,30,0.017130144605116793,0.9284101765283992,0.017131820467319394,0.19245008972987526,NO_KNOWN_OVERLAP,INCLUDE_PRIMARY_INDEPENDENT,0.9395449585639919
GSE8121,SIG033,T2,T48,HALLMARK_P53_PATHWAY,HALLMARK_SECONDARY,SSGSEA_RANK_WALK,30,-0.3410456062291435,0.0651328204807312,-0.355275282459321,0.19245008972987526,NO_KNOWN_OVERLAP,INCLUDE_PRIMARY_INDEPENDENT,0.24276778542817992
GSE8121,SIG033,T2,T48,HALLMARK_PANCREAS_BETA_CELLS,HALLMARK_SECONDARY,SSGSEA_RANK_WALK,30,0.1946607341490545,0.30263518854496985,0.1971769413415468,0.19245008972987526,NO_KNOWN_OVERLAP,INCLUDE_PRIMARY_INDEPENDENT,0.6253225257705012
GSE8121,SIG033,T2,T48,HALLMARK_PEROXISOME,HALLMARK_SECONDARY,SSGSEA_RANK_WALK,30,-0.09988876529477196,0.5994565325613576,-0.10022299070491796,0.19245008972987526,NO_KNOWN_OVERLAP,INCLUDE_PRIMARY_INDEPENDENT,0.7928296075811503
GSE8121,SIG033,T2,T48,HALLMARK_PI3K_AKT_MTOR_SIGNALING,HALLMARK_SECONDARY,SSGSEA_RANK_WALK,30,-0.4509454949944383,0.012383680845380737,-0.485886485661993,0.19245008972987526,NO_KNOWN_OVERLAP,INCLUDE_PRIMARY_INDEPENDENT,0.0665057580929925
GSE8121,SIG033,T2,T48,HALLMARK_PROTEIN_SECRETION,HALLMARK_SECONDARY,SSGSEA_RANK_WALK,30,-0.23470522803114574,0.21187116054334762,-0.23916322818651808,0.19245008972987526,NO_KNOWN_OVERLAP,INCLUDE_PRIMARY_INDEPENDENT,0.5109833871927796
GSE8121,SIG033,T2,T48,HALLMARK_REACTIVE_OXYGEN_SPECIES_PATHWAY,HALLMARK_SECONDARY,SSGSEA_RANK_WALK,30,-0.11190211345939934,0.5560467850001415,-0.11237273698177155,0.19245008972987526,NO_KNOWN_OVERLAP,INCLUDE_PRIMARY_INDEPENDENT,0.75993060616686
GSE8121,SIG033,T2,T48,HALLMARK_SPERMATOGENESIS,HALLMARK_SECONDARY,SSGSEA_RANK_WALK,30,0.503448275862069,0.004567214902202745,0.5539144718865169,0.19245008972987526,NO_KNOWN_OVERLAP,INCLUDE_PRIMARY_INDEPENDENT,0.03745116219806251
GSE8121,SIG033,T2,T48,HALLMARK_TGF_BETA_SIGNALING,HALLMARK_SECONDARY,SSGSEA_RANK_WALK,30,-0.511012235817575,0.0039044434644538925,-0.5640987965138082,0.19245008972987526,NO_KNOWN_OVERLAP,INCLUDE_PRIMARY_INDEPENDENT,0.03745116219806251
GSE8121,SIG033,T2,T48,HALLMARK_TNFA_SIGNALING_VIA_NFKB,PRESET_PRIMARY,SSGSEA_RANK_WALK,30,-0.5959955506117909,0.000510240387147639,-0.6869135494654947,0.19245008972987526,NO_KNOWN_OVERLAP,INCLUDE_PRIMARY_INDEPENDENT,0.0015307211614429168
GSE8121,SIG033,T2,T48,HALLMARK_UNFOLDED_PROTEIN_RESPONSE,HALLMARK_SECONDARY,SSGSEA_RANK_WALK,30,0.18442714126807563,0.32924823106175793,0.18656187555767595,0.19245008972987526,NO_KNOWN_OVERLAP,INCLUDE_PRIMARY_INDEPENDENT,0.6253225257705012
GSE8121,SIG033,T2,T48,HALLMARK_UV_RESPONSE_DN,HALLMARK_SECONDARY,SSGSEA_RANK_WALK,30,-0.5777530589543938,0.0008276453593028324,-0.6590833440121127,0.19245008972987526,NO_KNOWN_OVERLAP,INCLUDE_PRIMARY_INDEPENDENT,0.011311153243805376
GSE8121,SIG033,T2,T48,HALLMARK_UV_RESPONSE_UP,HALLMARK_SECONDARY,SSGSEA_RANK_WALK,30,-0.09232480533926585,0.6275095966615662,-0.09258847669517943,0.19245008972987526,NO_KNOWN_OVERLAP,INCLUDE_PRIMARY_INDEPENDENT,0.8039966707226318
GSE8121,SIG033,T2,T48,HALLMARK_WNT_BETA_CATENIN_SIGNALING,HALLMARK_SECONDARY,SSGSEA_RANK_WALK,30,-0.021134593993325918,0.9117334587556558,-0.021137741574119153,0.19245008972987526,NO_KNOWN_OVERLAP,INCLUDE_PRIMARY_INDEPENDENT,0.9837124160258391
GSE8121,SIG033,T2,T48,HALLMARK_XENOBIOTIC_METABOLISM,HALLMARK_SECONDARY,SSGSEA_RANK_WALK,30,-0.13147942157953282,0.4885868432099095,-0.13224499922454092,0.19245008972987526,NO_KNOWN_OVERLAP,INCLUDE_PRIMARY_INDEPENDENT,0.757322531115136
GSE8121,SIG033,T2,T48,Neutrophil degranulation,REACTOME_SUPPLEMENT,SSGSEA_RANK_WALK,30,-0.2640711902113459,0.1585121022167363,-0.2704797531352756,0.19245008972987526,NO_KNOWN_OVERLAP,INCLUDE_PRIMARY_INDEPENDENT,0.3170242044334726
GSE8121,SIG033,T2,T48,TCR signaling,REACTOME_SUPPLEMENT,SSGSEA_RANK_WALK,30,-0.14126807563959956,0.45649818440480905,-0.14221923785296933,0.19245008972987526,NO_KNOWN_OVERLAP,INCLUDE_PRIMARY_INDEPENDENT,0.45649818440480905
GSE8121,SIG034,T2,T48,HALLMARK_ADIPOGENESIS,HALLMARK_SECONDARY,SSGSEA_RANK_WALK,30,0.3757508342602892,0.040727391136851865,0.39510266480242584,0.19245008972987526,NO_KNOWN_OVERLAP,INCLUDE_PRIMARY_INDEPENDENT,0.4490805253699904
GSE8121,SIG034,T2,T48,HALLMARK_ALLOGRAFT_REJECTION,PRESET_PRIMARY,SSGSEA_RANK_WALK,30,-0.011790878754171301,0.9506909245170636,-0.011791425208026953,0.19245008972987526,NO_KNOWN_OVERLAP,INCLUDE_PRIMARY_INDEPENDENT,0.986036866919869
GSE8121,SIG034,T2,T48,HALLMARK_ANDROGEN_RESPONSE,HALLMARK_SECONDARY,SSGSEA_RANK_WALK,30,0.19021134593993325,0.3140350118187451,0.19255643962963295,0.19245008972987526,NO_KNOWN_OVERLAP,INCLUDE_PRIMARY_INDEPENDENT,0.6131159754556451
GSE8121,SIG034,T2,T48,HALLMARK_ANGIOGENESIS,HALLMARK_SECONDARY,SSGSEA_RANK_WALK,30,0.10611790878754171,0.5767664329775268,0.106518953627861,0.19245008972987526,NO_KNOWN_OVERLAP,INCLUDE_PRIMARY_INDEPENDENT,0.7628201210347936
GSE8121,SIG034,T2,T48,HALLMARK_APICAL_JUNCTION,HALLMARK_SECONDARY,SSGSEA_RANK_WALK,30,-0.22447163515016688,0.23305287851340695,-0.22836007676660672,0.19245008972987526,NO_KNOWN_OVERLAP,INCLUDE_PRIMARY_INDEPENDENT,0.6131159754556451
GSE8121,SIG034,T2,T48,HALLMARK_APICAL_SURFACE,HALLMARK_SECONDARY,SSGSEA_RANK_WALK,30,-0.21156840934371526,0.26172155259469615,-0.21481268075436669,0.19245008972987526,NO_KNOWN_OVERLAP,INCLUDE_PRIMARY_INDEPENDENT,0.6131159754556451
GSE8121,SIG034,T2,T48,HALLMARK_APOPTOSIS,PRESET_PRIMARY,SSGSEA_RANK_WALK,30,0.22091212458286985,0.24074183075197952,0.22461482827996196,0.19245008972987526,NO_KNOWN_OVERLAP,INCLUDE_PRIMARY_INDEPENDENT,0.986036866919869
GSE8121,SIG034,T2,T48,HALLMARK_BILE_ACID_METABOLISM,HALLMARK_SECONDARY,SSGSEA_RANK_WALK,30,-0.1239154616240267,0.5141463019358128,-0.12455561213565544,0.19245008972987526,NO_KNOWN_OVERLAP,INCLUDE_PRIMARY_INDEPENDENT,0.726896495840287
GSE8121,SIG034,T2,T48,HALLMARK_CHOLESTEROL_HOMEOSTASIS,HALLMARK_SECONDARY,SSGSEA_RANK_WALK,30,0.19955506117908786,0.2903999857844054,0.20226911904083225,0.19245008972987526,NO_KNOWN_OVERLAP,INCLUDE_PRIMARY_INDEPENDENT,0.6131159754556451
GSE8121,SIG034,T2,T48,HALLMARK_COAGULATION,PRESET_PRIMARY,SSGSEA_RANK_WALK,30,-0.0914349276974416,0.6308446929500582,-0.09169102276693922,0.19245008972987526,NO_KNOWN_OVERLAP,INCLUDE_PRIMARY_INDEPENDENT,0.986036866919869
GSE8121,SIG034,T2,T48,HALLMARK_COMPLEMENT,PRESET_PRIMARY,SSGSEA_RANK_WALK,30,-0.041156840934371525,0.8290361668877989,-0.04118010290694948,0.19245008972987526,NO_KNOWN_OVERLAP,INCLUDE_PRIMARY_INDEPENDENT,0.986036866919869
GSE8121,SIG034,T2,T48,HALLMARK_DNA_REPAIR,HALLMARK_SECONDARY,SSGSEA_RANK_WALK,30,0.21067853170189096,0.2637799988692377,0.21388128795686073,0.19245008972987526,NO_KNOWN_OVERLAP,INCLUDE_PRIMARY_INDEPENDENT,0.6131159754556451
GSE8121,SIG034,T2,T48,HALLMARK_E2F_TARGETS,HALLMARK_SECONDARY,SSGSEA_RANK_WALK,30,0.3281423804226919,0.07667228481926665,0.34074504800886624,0.19245008972987526,NO_KNOWN_OVERLAP,INCLUDE_PRIMARY_INDEPENDENT,0.4490805253699904
GSE8121,SIG034,T2,T48,HALLMARK_EPITHELIAL_MESENCHYMAL_TRANSITION,HALLMARK_SECONDARY,SSGSEA_RANK_WALK,30,-0.20311457174638486,0.28170222907423026,-0.20597901755107148,0.19245008972987526,NO_KNOWN_OVERLAP,INCLUDE_PRIMARY_INDEPENDENT,0.6131159754556451
GSE8121,SIG034,T2,T48,HALLMARK_ESTROGEN_RESPONSE_EARLY,HALLMARK_SECONDARY,SSGSEA_RANK_WALK,30,-0.15728587319243603,0.40649970997409246,-0.158602495851314,0.19245008972987526,NO_KNOWN_OVERLAP,INCLUDE_PRIMARY_INDEPENDENT,0.6944370045390746
GSE8121,SIG034,T2,T48,HALLMARK_ESTROGEN_RESPONSE_LATE,HALLMARK_SECONDARY,SSGSEA_RANK_WALK,30,-0.05628476084538376,0.7676737857629369,-0.05634431030246545,0.19245008972987526,NO_KNOWN_OVERLAP,INCLUDE_PRIMARY_INDEPENDENT,0.8585947929867199
GSE8121,SIG034,T2,T48,HALLMARK_FATTY_ACID_METABOLISM,HALLMARK_SECONDARY,SSGSEA_RANK_WALK,30,0.2756395995550612,0.14039465780313634,0.2829569596604421,0.19245008972987526,NO_KNOWN_OVERLAP,INCLUDE_PRIMARY_INDEPENDENT,0.4796817474940492
GSE8121,SIG034,T2,T48,HALLMARK_G2M_CHECKPOINT,HALLMARK_SECONDARY,SSGSEA_RANK_WALK,30,0.3388209121245828,0.06701925364562651,0.35275992567617037,0.19245008972987526,NO_KNOWN_OVERLAP,INCLUDE_PRIMARY_INDEPENDENT,0.4490805253699904
GSE8121,SIG034,T2,T48,HALLMARK_GLYCOLYSIS,HALLMARK_SECONDARY,SSGSEA_RANK_WALK,30,0.4411568409343715,0.014675273433112677,0.47366628607159267,0.19245008972987526,NO_KNOWN_OVERLAP,INCLUDE_PRIMARY_INDEPENDENT,0.4490805253699904
GSE8121,SIG034,T2,T48,HALLMARK_HEDGEHOG_SIGNALING,HALLMARK_SECONDARY,SSGSEA_RANK_WALK,30,-0.1292547274749722,0.49603643268330644,-0.1299818404391284,0.19245008972987526,NO_KNOWN_OVERLAP,INCLUDE_PRIMARY_INDEPENDENT,0.726339062143413
GSE8121,SIG034,T2,T48,HALLMARK_HEME_METABOLISM,HALLMARK_SECONDARY,SSGSEA_RANK_WALK,30,-0.16307007786429364,0.3892359903991873,-0.1645390324415684,0.19245008972987526,NO_KNOWN_OVERLAP,INCLUDE_PRIMARY_INDEPENDENT,0.6944370045390746
GSE8121,SIG034,T2,T48,HALLMARK_HYPOXIA,HALLMARK_SECONDARY,SSGSEA_RANK_WALK,30,0.2387096774193548,0.20395266872418996,0.24340537378105837,0.19245008972987526,NO_KNOWN_OVERLAP,INCLUDE_PRIMARY_INDEPENDENT,0.6131159754556451
GSE8121,SIG034,T2,T48,HALLMARK_IL2_STAT5_SIGNALING,HALLMARK_SECONDARY,SSGSEA_RANK_WALK,30,0.08342602892102337,0.661174334820857,0.08362038686653171,0.19245008972987526,NO_KNOWN_OVERLAP,INCLUDE_PRIMARY_INDEPENDENT,0.7745185065044324
GSE8121,SIG034,T2,T48,HALLMARK_IL6_JAK_STAT3_SIGNALING,HALLMARK_SECONDARY,SSGSEA_RANK_WALK,30,0.09098998887652948,0.632514915493978,0.09124235111923998,0.19245008972987526,NO_KNOWN_OVERLAP,INCLUDE_PRIMARY_INDEPENDENT,0.7745185065044324
GSE8121,SIG034,T2,T48,HALLMARK_INFLAMMATORY_RESPONSE,PRESET_PRIMARY,SSGSEA_RANK_WALK,30,0.0033370411568409346,0.9860368669198689,0.0033370535438465936,0.19245008972987526,NO_KNOWN_OVERLAP,INCLUDE_PRIMARY_INDEPENDENT,0.986036866919869
GSE8121,SIG034,T2,T48,HALLMARK_INTERFERON_ALPHA_RESPONSE,PRESET_PRIMARY,SSGSEA_RANK_WALK,30,0.0878754171301446,0.6442557464425089,0.08810266488825926,0.19245008972987526,NO_KNOWN_OVERLAP,INCLUDE_PRIMARY_INDEPENDENT,0.986036866919869
GSE8121,SIG034,T2,T48,HALLMARK_INTERFERON_GAMMA_RESPONSE,PRESET_PRIMARY,SSGSEA_RANK_WALK,30,-0.021579532814238044,0.9098826280658151,-0.02158288344234793,0.19245008972987526,NO_KNOWN_OVERLAP,INCLUDE_PRIMARY_INDEPENDENT,0.986036866919869
GSE8121,SIG034,T2,T48,HALLMARK_KRAS_SIGNALING_DN,HALLMARK_SECONDARY,SSGSEA_RANK_WALK,30,-0.27697441601779754,0.13840541181259425,-0.28440210699491447,0.19245008972987526,NO_KNOWN_OVERLAP,INCLUDE_PRIMARY_INDEPENDENT,0.4796817474940492
GSE8121,SIG034,T2,T48,HALLMARK_KRAS_SIGNALING_UP,HALLMARK_SECONDARY,SSGSEA_RANK_WALK,30,-0.14883203559510566,0.43249188239021186,-0.14994580098316745,0.19245008972987526,NO_KNOWN_OVERLAP,INCLUDE_PRIMARY_INDEPENDENT,0.7092866871199475
GSE8121,SIG034,T2,T48,HALLMARK_MITOTIC_SPINDLE,HALLMARK_SECONDARY,SSGSEA_RANK_WALK,30,0.36106785317018913,0.049958497425618406,0.37811329727136705,0.19245008972987526,NO_KNOWN_OVERLAP,INCLUDE_PRIMARY_INDEPENDENT,0.4490805253699904
GSE8121,SIG034,T2,T48,HALLMARK_MTORC1_SIGNALING,HALLMARK_SECONDARY,SSGSEA_RANK_WALK,30,0.28854282536151277,0.12201749243071901,0.2969760203358264,0.19245008972987526,NO_KNOWN_OVERLAP,INCLUDE_PRIMARY_INDEPENDENT,0.4796817474940492
GSE8121,SIG034,T2,T48,HALLMARK_MYC_TARGETS_V1,HALLMARK_SECONDARY,SSGSEA_RANK_WALK,30,0.27697441601779754,0.13840541181259425,0.28440210699491447,0.19245008972987526,NO_KNOWN_OVERLAP,INCLUDE_PRIMARY_INDEPENDENT,0.4796817474940492
GSE8121,SIG034,T2,T48,HALLMARK_MYC_TARGETS_V2,HALLMARK_SECONDARY,SSGSEA_RANK_WALK,30,0.012235817575083427,0.9488325740980201,0.01223642825936283,0.19245008972987526,NO_KNOWN_OVERLAP,INCLUDE_PRIMARY_INDEPENDENT,0.9488325740980201
GSE8121,SIG034,T2,T48,HALLMARK_MYOGENESIS,HALLMARK_SECONDARY,SSGSEA_RANK_WALK,30,-0.21735261401557288,0.24859783216056738,-0.22087576700244146,0.19245008972987526,NO_KNOWN_OVERLAP,INCLUDE_PRIMARY_INDEPENDENT,0.6131159754556451
GSE8121,SIG034,T2,T48,HALLMARK_NOTCH_SIGNALING,HALLMARK_SECONDARY,SSGSEA_RANK_WALK,30,-0.028698553948832032,0.8803385851353669,-0.028706436621162092,0.19245008972987526,NO_KNOWN_OVERLAP,INCLUDE_PRIMARY_INDEPENDENT,0.9254841536038473
GSE8121,SIG034,T2,T48,HALLMARK_OXIDATIVE_PHOSPHORYLATION,PRESET_PRIMARY,SSGSEA_RANK_WALK,30,0.2916573971078976,0.11786113021837179,0.3003767988101507,0.19245008972987526,NO_KNOWN_OVERLAP,INCLUDE_PRIMARY_INDEPENDENT,0.986036866919869
GSE8121,SIG034,T2,T48,HALLMARK_P53_PATHWAY,HALLMARK_SECONDARY,SSGSEA_RANK_WALK,30,0.08743047830923248,0.6459399628017729,0.08765428110955266,0.19245008972987526,NO_KNOWN_OVERLAP,INCLUDE_PRIMARY_INDEPENDENT,0.7745185065044324
GSE8121,SIG034,T2,T48,HALLMARK_PANCREAS_BETA_CELLS,HALLMARK_SECONDARY,SSGSEA_RANK_WALK,30,-0.09232480533926585,0.6275095966615662,-0.09258847669517943,0.19245008972987526,NO_KNOWN_OVERLAP,INCLUDE_PRIMARY_INDEPENDENT,0.7745185065044324
GSE8121,SIG034,T2,T48,HALLMARK_PEROXISOME,HALLMARK_SECONDARY,SSGSEA_RANK_WALK,30,0.2800889877641824,0.13384378820520154,0.2877786329665554,0.19245008972987526,NO_KNOWN_OVERLAP,INCLUDE_PRIMARY_INDEPENDENT,0.4796817474940492
GSE8121,SIG034,T2,T48,HALLMARK_PI3K_AKT_MTOR_SIGNALING,HALLMARK_SECONDARY,SSGSEA_RANK_WALK,30,0.019799777530589546,0.9172886297292692,0.019802365516143533,0.19245008972987526,NO_KNOWN_OVERLAP,INCLUDE_PRIMARY_INDEPENDENT,0.940220845472501
GSE8121,SIG034,T2,T48,HALLMARK_PROTEIN_SECRETION,HALLMARK_SECONDARY,SSGSEA_RANK_WALK,30,0.3664071190211346,0.04642717457640876,0.3842667142344507,0.19245008972987526,NO_KNOWN_OVERLAP,INCLUDE_PRIMARY_INDEPENDENT,0.4490805253699904
GSE8121,SIG034,T2,T48,HALLMARK_REACTIVE_OXYGEN_SPECIES_PATHWAY,HALLMARK_SECONDARY,SSGSEA_RANK_WALK,30,0.33837597330367075,0.06740158918016077,0.3522573693047877,0.19245008972987526,NO_KNOWN_OVERLAP,INCLUDE_PRIMARY_INDEPENDENT,0.4490805253699904
GSE8121,SIG034,T2,T48,HALLMARK_SPERMATOGENESIS,HALLMARK_SECONDARY,SSGSEA_RANK_WALK,30,-0.040711902113459396,0.8308578560214515,-0.040734417277645624,0.19245008972987526,NO_KNOWN_OVERLAP,INCLUDE_PRIMARY_INDEPENDENT,0.8964518972863028
GSE8121,SIG034,T2,T48,HALLMARK_TGF_BETA_SIGNALING,HALLMARK_SECONDARY,SSGSEA_RANK_WALK,30,0.14260289210233593,0.4522110901221206,0.14358149819774269,0.19245008972987526,NO_KNOWN_OVERLAP,INCLUDE_PRIMARY_INDEPENDENT,0.7131021036541132
GSE8121,SIG034,T2,T48,HALLMARK_TNFA_SIGNALING_VIA_NFKB,PRESET_PRIMARY,SSGSEA_RANK_WALK,30,0.09010011123470522,0.6358606747631235,0.09034511753093526,0.19245008972987526,NO_KNOWN_OVERLAP,INCLUDE_PRIMARY_INDEPENDENT,0.986036866919869
GSE8121,SIG034,T2,T48,HALLMARK_UNFOLDED_PROTEIN_RESPONSE,HALLMARK_SECONDARY,SSGSEA_RANK_WALK,30,0.19332591768631813,0.30602746122745766,0.19578992654338637,0.19245008972987526,NO_KNOWN_OVERLAP,INCLUDE_PRIMARY_INDEPENDENT,0.6131159754556451
GSE8121,SIG034,T2,T48,HALLMARK_UV_RESPONSE_DN,HALLMARK_SECONDARY,SSGSEA_RANK_WALK,30,0.054505005561735265,0.774829447329479,0.05455907638532984,0.19245008972987526,NO_KNOWN_OVERLAP,INCLUDE_PRIMARY_INDEPENDENT,0.8585947929867199
GSE8121,SIG034,T2,T48,HALLMARK_UV_RESPONSE_UP,HALLMARK_SECONDARY,SSGSEA_RANK_WALK,30,0.13147942157953282,0.4885868432099095,0.13224499922454092,0.19245008972987526,NO_KNOWN_OVERLAP,INCLUDE_PRIMARY_INDEPENDENT,0.726339062143413
GSE8121,SIG034,T2,T48,HALLMARK_WNT_BETA_CATENIN_SIGNALING,HALLMARK_SECONDARY,SSGSEA_RANK_WALK,30,-0.11857619577308119,0.5325753200749617,-0.11913667122582089,0.19245008972987526,NO_KNOWN_OVERLAP,INCLUDE_PRIMARY_INDEPENDENT,0.727852937435781
GSE8121,SIG034,T2,T48,HALLMARK_XENOBIOTIC_METABOLISM,HALLMARK_SECONDARY,SSGSEA_RANK_WALK,30,0.1621802002224694,0.3918641249582424,0.16362498086958463,0.19245008972987526,NO_KNOWN_OVERLAP,INCLUDE_PRIMARY_INDEPENDENT,0.6944370045390746
GSE8121,SIG034,T2,T48,Neutrophil degranulation,REACTOME_SUPPLEMENT,SSGSEA_RANK_WALK,30,0.4318131256952169,0.017181863273063855,0.4621232357598946,0.19245008972987526,NO_KNOWN_OVERLAP,INCLUDE_PRIMARY_INDEPENDENT,0.03436372654612771
GSE8121,SIG034,T2,T48,TCR signaling,REACTOME_SUPPLEMENT,SSGSEA_RANK_WALK,30,0.2462736373748609,0.18955614976437687,0.25144195002405434,0.19245008972987526,NO_KNOWN_OVERLAP,INCLUDE_PRIMARY_INDEPENDENT,0.18955614976437687
GSE95233,SIG001,T1,T24,HALLMARK_ADIPOGENESIS,HALLMARK_SECONDARY,SSGSEA_RANK_WALK,20,0.03458646616541353,0.8849015088305833,0.03460026712169124,0.24253562503633297,NO_KNOWN_OVERLAP,INCLUDE_PRIMARY_INDEPENDENT,0.9799209119891911
GSE95233,SIG001,T1,T24,HALLMARK_ALLOGRAFT_REJECTION,PRESET_PRIMARY,SSGSEA_RANK_WALK,20,-0.13684210526315788,0.5650957921363965,-0.13770598992998326,0.24253562503633297,NO_KNOWN_OVERLAP,INCLUDE_PRIMARY_INDEPENDENT,0.9309903987996144
GSE95233,SIG001,T1,T24,HALLMARK_ANDROGEN_RESPONSE,HALLMARK_SECONDARY,SSGSEA_RANK_WALK,20,0.013533834586466165,0.9548397533571387,0.013534660984108996,0.24253562503633297,NO_KNOWN_OVERLAP,INCLUDE_PRIMARY_INDEPENDENT,0.9799209119891911
GSE95233,SIG001,T1,T24,HALLMARK_ANGIOGENESIS,HALLMARK_SECONDARY,SSGSEA_RANK_WALK,20,-0.2902255639097744,0.21449998226074232,-0.2988125569512034,0.24253562503633297,NO_KNOWN_OVERLAP,INCLUDE_PRIMARY_INDEPENDENT,0.7328749393908697
GSE95233,SIG001,T1,T24,HALLMARK_APICAL_JUNCTION,HALLMARK_SECONDARY,SSGSEA_RANK_WALK,20,0.13834586466165413,0.5607873732874131,0.1392387683613546,0.24253562503633297,NO_KNOWN_OVERLAP,INCLUDE_PRIMARY_INDEPENDENT,0.8843185501839976
GSE95233,SIG001,T1,T24,HALLMARK_APICAL_SURFACE,HALLMARK_SECONDARY,SSGSEA_RANK_WALK,20,-0.33383458646616543,0.15029922707342816,-0.34713760613222194,0.24253562503633297,NO_KNOWN_OVERLAP,INCLUDE_PRIMARY_INDEPENDENT,0.620495299248098
GSE95233,SIG001,T1,T24,HALLMARK_APOPTOSIS,PRESET_PRIMARY,SSGSEA_RANK_WALK,20,0.08421052631578946,0.7241036435108112,0.08441043478752601,0.24253562503633297,NO_KNOWN_OVERLAP,INCLUDE_PRIMARY_INDEPENDENT,0.9309903987996144
GSE95233,SIG001,T1,T24,HALLMARK_BILE_ACID_METABOLISM,HALLMARK_SECONDARY,SSGSEA_RANK_WALK,20,-0.03308270676691729,0.889875964885619,-0.03309478399236497,0.24253562503633297,NO_KNOWN_OVERLAP,INCLUDE_PRIMARY_INDEPENDENT,0.9799209119891911
GSE95233,SIG001,T1,T24,HALLMARK_CHOLESTEROL_HOMEOSTASIS,HALLMARK_SECONDARY,SSGSEA_RANK_WALK,20,0.4195488721804511,0.065548285182185,0.4471443983403349,0.24253562503633297,NO_KNOWN_OVERLAP,INCLUDE_PRIMARY_INDEPENDENT,0.5552056265999069
GSE95233,SIG001,T1,T24,HALLMARK_COAGULATION,PRESET_PRIMARY,SSGSEA_RANK_WALK,20,0.14887218045112782,0.5310434616086306,0.14998685548166876,0.24253562503633297,NO_KNOWN_OVERLAP,INCLUDE_PRIMARY_INDEPENDENT,0.9309903987996144
GSE95233,SIG001,T1,T24,HALLMARK_COMPLEMENT,PRESET_PRIMARY,SSGSEA_RANK_WALK,20,-0.045112781954887216,0.8502061902084872,-0.04514342333605024,0.24253562503633297,NO_KNOWN_OVERLAP,INCLUDE_PRIMARY_INDEPENDENT,0.9348031235214638
GSE95233,SIG001,T1,T24,HALLMARK_DNA_REPAIR,HALLMARK_SECONDARY,SSGSEA_RANK_WALK,20,-0.05413533834586466,0.8206745196973446,-0.054188315167074785,0.24253562503633297,NO_KNOWN_OVERLAP,INCLUDE_PRIMARY_INDEPENDENT,0.9799209119891911
GSE95233,SIG001,T1,T24,HALLMARK_E2F_TARGETS,HALLMARK_SECONDARY,SSGSEA_RANK_WALK,20,0.24511278195488717,0.2976005003886618,0.2502065173467652,0.24253562503633297,NO_KNOWN_OVERLAP,INCLUDE_PRIMARY_INDEPENDENT,0.7350174249082235
GSE95233,SIG001,T1,T24,HALLMARK_EPITHELIAL_MESENCHYMAL_TRANSITION,HALLMARK_SECONDARY,SSGSEA_RANK_WALK,20,-0.21353383458646616,0.36602063833951404,-0.21687110210251292,0.24253562503633297,NO_KNOWN_OVERLAP,INCLUDE_PRIMARY_INDEPENDENT,0.7350174249082235
GSE95233,SIG001,T1,T24,HALLMARK_ESTROGEN_RESPONSE_EARLY,HALLMARK_SECONDARY,SSGSEA_RANK_WALK,20,-0.3744360902255639,0.10384052952246073,-0.39357265559644333,0.24253562503633297,NO_KNOWN_OVERLAP,INCLUDE_PRIMARY_INDEPENDENT,0.620495299248098
GSE95233,SIG001,T1,T24,HALLMARK_ESTROGEN_RESPONSE_LATE,HALLMARK_SECONDARY,SSGSEA_RANK_WALK,20,-0.14887218045112782,0.5310434616086306,-0.14998685548166876,0.24253562503633297,NO_KNOWN_OVERLAP,INCLUDE_PRIMARY_INDEPENDENT,0.8709112770381542
GSE95233,SIG001,T1,T24,HALLMARK_FATTY_ACID_METABOLISM,HALLMARK_SECONDARY,SSGSEA_RANK_WALK,20,0.21954887218045113,0.352345677311515,0.22318208547476215,0.24253562503633297,NO_KNOWN_OVERLAP,INCLUDE_PRIMARY_INDEPENDENT,0.7350174249082235
GSE95233,SIG001,T1,T24,HALLMARK_G2M_CHECKPOINT,HALLMARK_SECONDARY,SSGSEA_RANK_WALK,20,0.24812030075187969,0.291522687103458,0.25340880118422593,0.24253562503633297,NO_KNOWN_OVERLAP,INCLUDE_PRIMARY_INDEPENDENT,0.7350174249082235
GSE95233,SIG001,T1,T24,HALLMARK_GLYCOLYSIS,HALLMARK_SECONDARY,SSGSEA_RANK_WALK,20,0.08721804511278194,0.7146383646582315,0.0874402155496332,0.24253562503633297,NO_KNOWN_OVERLAP,INCLUDE_PRIMARY_INDEPENDENT,0.9799209119891911
GSE95233,SIG001,T1,T24,HALLMARK_HEDGEHOG_SIGNALING,HALLMARK_SECONDARY,SSGSEA_RANK_WALK,20,-0.42255639097744363,0.06344083999820868,-0.4508000082320758,0.24253562503633297,NO_KNOWN_OVERLAP,INCLUDE_PRIMARY_INDEPENDENT,0.5552056265999069
GSE95233,SIG001,T1,T24,HALLMARK_HEME_METABOLISM,HALLMARK_SECONDARY,SSGSEA_RANK_WALK,20,-0.25112781954887214,0.2855217106335982,-0.2566161818982778,0.24253562503633297,NO_KNOWN_OVERLAP,INCLUDE_PRIMARY_INDEPENDENT,0.7350174249082235
GSE95233,SIG001,T1,T24,HALLMARK_HYPOXIA,HALLMARK_SECONDARY,SSGSEA_RANK_WALK,20,-0.32481203007518794,0.16232315576999945,-0.3370173690969626,0.24253562503633297,NO_KNOWN_OVERLAP,INCLUDE_PRIMARY_INDEPENDENT,0.620495299248098
GSE95233,SIG001,T1,T24,HALLMARK_IL2_STAT5_SIGNALING,HALLMARK_SECONDARY,SSGSEA_RANK_WALK,20,-0.07368421052631578,0.757528699864343,-0.0738179994030323,0.24253562503633297,NO_KNOWN_OVERLAP,INCLUDE_PRIMARY_INDEPENDENT,0.9799209119891911
GSE95233,SIG001,T1,T24,HALLMARK_IL6_JAK_STAT3_SIGNALING,HALLMARK_SECONDARY,SSGSEA_RANK_WALK,20,0.5082706766917292,0.022124780463792442,0.5603953085323409,0.24253562503633297,NO_KNOWN_OVERLAP,INCLUDE_PRIMARY_INDEPENDENT,0.45355799950774506
GSE95233,SIG001,T1,T24,HALLMARK_INFLAMMATORY_RESPONSE,PRESET_PRIMARY,SSGSEA_RANK_WALK,20,0.27518796992481204,0.2402830280811375,0.2824682608706514,0.24253562503633297,NO_KNOWN_OVERLAP,INCLUDE_PRIMARY_INDEPENDENT,0.9309903987996144
GSE95233,SIG001,T1,T24,HALLMARK_INTERFERON_ALPHA_RESPONSE,PRESET_PRIMARY,SSGSEA_RANK_WALK,20,0.3203007518796992,0.168577043064626,0.3319822069014427,0.24253562503633297,NO_KNOWN_OVERLAP,INCLUDE_PRIMARY_INDEPENDENT,0.9309903987996144
GSE95233,SIG001,T1,T24,HALLMARK_INTERFERON_GAMMA_RESPONSE,PRESET_PRIMARY,SSGSEA_RANK_WALK,20,0.19548872180451127,0.40881908952023194,0.19803768387916265,0.24253562503633297,NO_KNOWN_OVERLAP,INCLUDE_PRIMARY_INDEPENDENT,0.9309903987996144
GSE95233,SIG001,T1,T24,HALLMARK_KRAS_SIGNALING_DN,HALLMARK_SECONDARY,SSGSEA_RANK_WALK,20,0.2541353383458646,0.2795976355152773,0.25982873781690957,0.24253562503633297,NO_KNOWN_OVERLAP,INCLUDE_PRIMARY_INDEPENDENT,0.7350174249082235
GSE95233,SIG001,T1,T24,HALLMARK_KRAS_SIGNALING_UP,HALLMARK_SECONDARY,SSGSEA_RANK_WALK,20,-0.21654135338345865,0.3591457825704002,-0.22002443765256235,0.24253562503633297,NO_KNOWN_OVERLAP,INCLUDE_PRIMARY_INDEPENDENT,0.7350174249082235
GSE95233,SIG001,T1,T24,HALLMARK_MITOTIC_SPINDLE,HALLMARK_SECONDARY,SSGSEA_RANK_WALK,20,0.34736842105263155,0.13344922901624715,0.3624479394372628,0.24253562503633297,NO_KNOWN_OVERLAP,INCLUDE_PRIMARY_INDEPENDENT,0.620495299248098
GSE95233,SIG001,T1,T24,HALLMARK_MTORC1_SIGNALING,HALLMARK_SECONDARY,SSGSEA_RANK_WALK,20,0.06917293233082707,0.7719854265259412,0.06928357855932239,0.24253562503633297,NO_KNOWN_OVERLAP,INCLUDE_PRIMARY_INDEPENDENT,0.9799209119891911
GSE95233,SIG001,T1,T24,HALLMARK_MYC_TARGETS_V1,HALLMARK_SECONDARY,SSGSEA_RANK_WALK,20,-0.04360902255639097,0.8551479470173743,-0.043636698583341176,0.24253562503633297,NO_KNOWN_OVERLAP,INCLUDE_PRIMARY_INDEPENDENT,0.9799209119891911
GSE95233,SIG001,T1,T24,HALLMARK_MYC_TARGETS_V2,HALLMARK_SECONDARY,SSGSEA_RANK_WALK,20,-0.06917293233082707,0.7719854265259412,-0.06928357855932239,0.24253562503633297,NO_KNOWN_OVERLAP,INCLUDE_PRIMARY_INDEPENDENT,0.9799209119891911
GSE95233,SIG001,T1,T24,HALLMARK_MYOGENESIS,HALLMARK_SECONDARY,SSGSEA_RANK_WALK,20,-0.18646616541353384,0.43119491043425096,-0.18867352099969636,0.24253562503633297,NO_KNOWN_OVERLAP,INCLUDE_PRIMARY_INDEPENDENT,0.7693059627492892
GSE95233,SIG001,T1,T24,HALLMARK_NOTCH_SIGNALING,HALLMARK_SECONDARY,SSGSEA_RANK_WALK,20,0.18045112781954886,0.4464646102705483,0.18244896155958218,0.24253562503633297,NO_KNOWN_OVERLAP,INCLUDE_PRIMARY_INDEPENDENT,0.7693059627492892
GSE95233,SIG001,T1,T24,HALLMARK_OXIDATIVE_PHOSPHORYLATION,PRESET_PRIMARY,SSGSEA_RANK_WALK,20,0.09022556390977443,0.7052130308607131,0.09047159841191665,0.24253562503633297,NO_KNOWN_OVERLAP,INCLUDE_PRIMARY_INDEPENDENT,0.9309903987996144
GSE95233,SIG001,T1,T24,HALLMARK_P53_PATHWAY,HALLMARK_SECONDARY,SSGSEA_RANK_WALK,20,-0.3654135338345864,0.11312213950560147,-0.3831195322826407,0.24253562503633297,NO_KNOWN_OVERLAP,INCLUDE_PRIMARY_INDEPENDENT,0.620495299248098
GSE95233,SIG001,T1,T24,HALLMARK_PANCREAS_BETA_CELLS,HALLMARK_SECONDARY,SSGSEA_RANK_WALK,20,-0.5804511278195488,0.0072900732244842075,-0.6631427945277926,0.24253562503633297,NO_KNOWN_OVERLAP,INCLUDE_PRIMARY_INDEPENDENT,0.2988930022038525
GSE95233,SIG001,T1,T24,HALLMARK_PEROXISOME,HALLMARK_SECONDARY,SSGSEA_RANK_WALK,20,-0.23609022556390977,0.3162939707830972,-0.24062947373884902,0.24253562503633297,NO_KNOWN_OVERLAP,INCLUDE_PRIMARY_INDEPENDENT,0.7350174249082235
GSE95233,SIG001,T1,T24,HALLMARK_PI3K_AKT_MTOR_SIGNALING,HALLMARK_SECONDARY,SSGSEA_RANK_WALK,20,-0.3218045112781954,0.166474348578758,-0.33365877909124925,0.24253562503633297,NO_KNOWN_OVERLAP,INCLUDE_PRIMARY_INDEPENDENT,0.620495299248098
GSE95233,SIG001,T1,T24,HALLMARK_PROTEIN_SECRETION,HALLMARK_SECONDARY,SSGSEA_RANK_WALK,20,0.20902255639097742,0.3764723395871389,0.21214902822062826,0.24253562503633297,NO_KNOWN_OVERLAP,INCLUDE_PRIMARY_INDEPENDENT,0.7350174249082235
GSE95233,SIG001,T1,T24,HALLMARK_REACTIVE_OXYGEN_SPECIES_PATHWAY,HALLMARK_SECONDARY,SSGSEA_RANK_WALK,20,0.11278195488721804,0.6359170579042353,0.11326382464922514,0.24253562503633297,NO_KNOWN_OVERLAP,INCLUDE_PRIMARY_INDEPENDENT,0.9311642633597731
GSE95233,SIG001,T1,T24,HALLMARK_SPERMATOGENESIS,HALLMARK_SECONDARY,SSGSEA_RANK_WALK,20,0.006015037593984962,0.9799209119891911,0.006015110138271081,0.24253562503633297,NO_KNOWN_OVERLAP,INCLUDE_PRIMARY_INDEPENDENT,0.9799209119891911
GSE95233,SIG001,T1,T24,HALLMARK_TGF_BETA_SIGNALING,HALLMARK_SECONDARY,SSGSEA_RANK_WALK,20,-0.11729323308270674,0.6223789817630219,-0.11783561244483133,0.24253562503633297,NO_KNOWN_OVERLAP,INCLUDE_PRIMARY_INDEPENDENT,0.9311642633597731
GSE95233,SIG001,T1,T24,HALLMARK_TNFA_SIGNALING_VIA_NFKB,PRESET_PRIMARY,SSGSEA_RANK_WALK,20,-0.019548872180451125,0.9348031235214638,-0.019551363006871304,0.24253562503633297,NO_KNOWN_OVERLAP,INCLUDE_PRIMARY_INDEPENDENT,0.9348031235214638
GSE95233,SIG001,T1,T24,HALLMARK_UNFOLDED_PROTEIN_RESPONSE,HALLMARK_SECONDARY,SSGSEA_RANK_WALK,20,-0.1789473684210526,0.45032544160933996,-0.1808950223027514,0.24253562503633297,NO_KNOWN_OVERLAP,INCLUDE_PRIMARY_INDEPENDENT,0.7693059627492892
GSE95233,SIG001,T1,T24,HALLMARK_UV_RESPONSE_DN,HALLMARK_SECONDARY,SSGSEA_RANK_WALK,20,-0.41654135338345866,0.06770800324389109,-0.4434999674765448,0.24253562503633297,NO_KNOWN_OVERLAP,INCLUDE_PRIMARY_INDEPENDENT,0.5552056265999069
GSE95233,SIG001,T1,T24,HALLMARK_UV_RESPONSE_UP,HALLMARK_SECONDARY,SSGSEA_RANK_WALK,20,-0.010526315789473682,0.9648685868194993,-0.01052670459891617,0.24253562503633297,NO_KNOWN_OVERLAP,INCLUDE_PRIMARY_INDEPENDENT,0.9799209119891911
GSE95233,SIG001,T1,T24,HALLMARK_WNT_BETA_CATENIN_SIGNALING,HALLMARK_SECONDARY,SSGSEA_RANK_WALK,20,0.019548872180451125,0.9348031235214638,0.019551363006871304,0.24253562503633297,NO_KNOWN_OVERLAP,INCLUDE_PRIMARY_INDEPENDENT,0.9799209119891911
GSE95233,SIG001,T1,T24,HALLMARK_XENOBIOTIC_METABOLISM,HALLMARK_SECONDARY,SSGSEA_RANK_WALK,20,-0.04360902255639097,0.8551479470173743,-0.043636698583341176,0.24253562503633297,NO_KNOWN_OVERLAP,INCLUDE_PRIMARY_INDEPENDENT,0.9799209119891911
GSE95233,SIG001,T1,T24,Neutrophil degranulation,REACTOME_SUPPLEMENT,SSGSEA_RANK_WALK,20,0.18045112781954886,0.4464646102705483,0.18244896155958218,0.24253562503633297,NO_KNOWN_OVERLAP,INCLUDE_PRIMARY_INDEPENDENT,0.586852724489982
GSE95233,SIG001,T1,T24,TCR signaling,REACTOME_SUPPLEMENT,SSGSEA_RANK_WALK,20,-0.12932330827067667,0.586852724489982,-0.13005158709556972,0.24253562503633297,NO_KNOWN_OVERLAP,INCLUDE_PRIMARY_INDEPENDENT,0.586852724489982
GSE95233,SIG001,T2,T48,HALLMARK_ADIPOGENESIS,HALLMARK_SECONDARY,SSGSEA_RANK_WALK,31,0.3479838709677419,0.05507138203607578,0.36314801342149583,0.1889822365046136,NO_KNOWN_OVERLAP,INCLUDE_PRIMARY_INDEPENDENT,0.2822408329348884
GSE95233,SIG001,T2,T48,HALLMARK_ALLOGRAFT_REJECTION,PRESET_PRIMARY,SSGSEA_RANK_WALK,31,-0.6116935483870968,0.00025589805660342665,-0.711622973456599,0.1889822365046136,NO_KNOWN_OVERLAP,INCLUDE_PRIMARY_INDEPENDENT,0.00230308250943084
GSE95233,SIG001,T2,T48,HALLMARK_ANDROGEN_RESPONSE,HALLMARK_SECONDARY,SSGSEA_RANK_WALK,31,-0.049193548387096775,0.7927036191007251,-0.049233288987567174,0.1889822365046136,NO_KNOWN_OVERLAP,INCLUDE_PRIMARY_INDEPENDENT,0.8564559280836276
GSE95233,SIG001,T2,T48,HALLMARK_ANGIOGENESIS,HALLMARK_SECONDARY,SSGSEA_RANK_WALK,31,-0.10443548387096775,0.5760868886722921,-0.10481767268432537,0.1889822365046136,NO_KNOWN_OVERLAP,INCLUDE_PRIMARY_INDEPENDENT,0.7400103480795913
GSE95233,SIG001,T2,T48,HALLMARK_APICAL_JUNCTION,HALLMARK_SECONDARY,SSGSEA_RANK_WALK,31,0.11774193548387098,0.5281583118454554,0.11829059838396104,0.1889822365046136,NO_KNOWN_OVERLAP,INCLUDE_PRIMARY_INDEPENDENT,0.7400103480795913
GSE95233,SIG001,T2,T48,HALLMARK_APICAL_SURFACE,HALLMARK_SECONDARY,SSGSEA_RANK_WALK,31,-0.24112903225806454,0.19129442847272676,-0.24597249712674982,0.1889822365046136,NO_KNOWN_OVERLAP,INCLUDE_PRIMARY_INDEPENDENT,0.42506473478411216
GSE95233,SIG001,T2,T48,HALLMARK_APOPTOSIS,PRESET_PRIMARY,SSGSEA_RANK_WALK,31,0.20362903225806453,0.2718861566199884,0.20651567424574013,0.1889822365046136,NO_KNOWN_OVERLAP,INCLUDE_PRIMARY_INDEPENDENT,0.4078292349299826
GSE95233,SIG001,T2,T48,HALLMARK_BILE_ACID_METABOLISM,HALLMARK_SECONDARY,SSGSEA_RANK_WALK,31,0.03387096774193548,0.8564559280836276,0.03388392940261034,0.1889822365046136,NO_KNOWN_OVERLAP,INCLUDE_PRIMARY_INDEPENDENT,0.8564559280836276
GSE95233,SIG001,T2,T48,HALLMARK_CHOLESTEROL_HOMEOSTASIS,HALLMARK_SECONDARY,SSGSEA_RANK_WALK,31,0.5487903225806452,0.0013893688139272754,0.6166486600169898,0.1889822365046136,NO_KNOWN_OVERLAP,INCLUDE_PRIMARY_INDEPENDENT,0.028482060685509146
GSE95233,SIG001,T2,T48,HALLMARK_COAGULATION,PRESET_PRIMARY,SSGSEA_RANK_WALK,31,0.48185483870967744,0.0060548294810557155,0.5253972071588084,0.1889822365046136,NO_KNOWN_OVERLAP,INCLUDE_PRIMARY_INDEPENDENT,0.02724673266475072
GSE95233,SIG001,T2,T48,HALLMARK_COMPLEMENT,PRESET_PRIMARY,SSGSEA_RANK_WALK,31,0.2145161290322581,0.2465192121172609,0.21790055235865197,0.1889822365046136,NO_KNOWN_OVERLAP,INCLUDE_PRIMARY_INDEPENDENT,0.4078292349299826
GSE95233,SIG001,T2,T48,HALLMARK_DNA_REPAIR,HALLMARK_SECONDARY,SSGSEA_RANK_WALK,31,-0.40725806451612906,0.022970645272448773,-0.43231966771184543,0.1889822365046136,NO_KNOWN_OVERLAP,INCLUDE_PRIMARY_INDEPENDENT,0.14347338311670224
GSE95233,SIG001,T2,T48,HALLMARK_E2F_TARGETS,HALLMARK_SECONDARY,SSGSEA_RANK_WALK,31,-0.30322580645161296,0.0972743596820805,-0.3130682351384926,0.1889822365046136,NO_KNOWN_OVERLAP,INCLUDE_PRIMARY_INDEPENDENT,0.3625680679059364
GSE95233,SIG001,T2,T48,HALLMARK_EPITHELIAL_MESENCHYMAL_TRANSITION,HALLMARK_SECONDARY,SSGSEA_RANK_WALK,31,0.30846774193548393,0.09134369863150149,0.3188511347690751,0.1889822365046136,NO_KNOWN_OVERLAP,INCLUDE_PRIMARY_INDEPENDENT,0.3625680679059364
GSE95233,SIG001,T2,T48,HALLMARK_ESTROGEN_RESPONSE_EARLY,HALLMARK_SECONDARY,SSGSEA_RANK_WALK,31,0.08185483870967743,0.6615633818161167,0.08203839218094228,0.1889822365046136,NO_KNOWN_OVERLAP,INCLUDE_PRIMARY_INDEPENDENT,0.7977676074841408
GSE95233,SIG001,T2,T48,HALLMARK_ESTROGEN_RESPONSE_LATE,HALLMARK_SECONDARY,SSGSEA_RANK_WALK,31,0.16008064516129034,0.38966144240989276,0.16146946114528798,0.1889822365046136,NO_KNOWN_OVERLAP,INCLUDE_PRIMARY_INDEPENDENT,0.6656716307835667
GSE95233,SIG001,T2,T48,HALLMARK_FATTY_ACID_METABOLISM,HALLMARK_SECONDARY,SSGSEA_RANK_WALK,31,-0.044758064516129036,0.8110426130801657,-0.044787988201662264,0.1889822365046136,NO_KNOWN_OVERLAP,INCLUDE_PRIMARY_INDEPENDENT,0.8564559280836276
GSE95233,SIG001,T2,T48,HALLMARK_G2M_CHECKPOINT,HALLMARK_SECONDARY,SSGSEA_RANK_WALK,31,-0.2278225806451613,0.21771608366991113,-0.23189163926462553,0.1889822365046136,NO_KNOWN_OVERLAP,INCLUDE_PRIMARY_INDEPENDENT,0.42506473478411216
GSE95233,SIG001,T2,T48,HALLMARK_GLYCOLYSIS,HALLMARK_SECONDARY,SSGSEA_RANK_WALK,31,0.03427419354838711,0.8547649670335881,0.03428762387992716,0.1889822365046136,NO_KNOWN_OVERLAP,INCLUDE_PRIMARY_INDEPENDENT,0.8564559280836276
GSE95233,SIG001,T2,T48,HALLMARK_HEDGEHOG_SIGNALING,HALLMARK_SECONDARY,SSGSEA_RANK_WALK,31,0.13911290322580647,0.455450617312125,0.1400208589589082,0.1889822365046136,NO_KNOWN_OVERLAP,INCLUDE_PRIMARY_INDEPENDENT,0.7001803787528448
GSE95233,SIG001,T2,T48,HALLMARK_HEME_METABOLISM,HALLMARK_SECONDARY,SSGSEA_RANK_WALK,31,-0.039112903225806454,0.8345247551697359,-0.03913286677681147,0.1889822365046136,NO_KNOWN_OVERLAP,INCLUDE_PRIMARY_INDEPENDENT,0.8564559280836276
GSE95233,SIG001,T2,T48,HALLMARK_HYPOXIA,HALLMARK_SECONDARY,SSGSEA_RANK_WALK,31,0.27983870967741936,0.1273351173690164,0.287507069824955,0.1889822365046136,NO_KNOWN_OVERLAP,INCLUDE_PRIMARY_INDEPENDENT,0.3655396307166088
GSE95233,SIG001,T2,T48,HALLMARK_IL2_STAT5_SIGNALING,HALLMARK_SECONDARY,SSGSEA_RANK_WALK,31,-0.04233870967741936,0.821087921070589,-0.042364035236893964,0.1889822365046136,NO_KNOWN_OVERLAP,INCLUDE_PRIMARY_INDEPENDENT,0.8564559280836276
GSE95233,SIG001,T2,T48,HALLMARK_IL6_JAK_STAT3_SIGNALING,HALLMARK_SECONDARY,SSGSEA_RANK_WALK,31,0.7233870967741935,4.269148018363695e-06,0.9147139040766038,0.1889822365046136,NO_KNOWN_OVERLAP,INCLUDE_PRIMARY_INDEPENDENT,0.00017503506875291147
GSE95233,SIG001,T2,T48,HALLMARK_INFLAMMATORY_RESPONSE,PRESET_PRIMARY,SSGSEA_RANK_WALK,31,0.3911290322580646,0.029575088760085123,0.41313229010821784,0.1889822365046136,NO_KNOWN_OVERLAP,INCLUDE_PRIMARY_INDEPENDENT,0.08872526628025536
GSE95233,SIG001,T2,T48,HALLMARK_INTERFERON_ALPHA_RESPONSE,PRESET_PRIMARY,SSGSEA_RANK_WALK,31,-0.06693548387096775,0.7205172359200274,-0.06703571846063955,0.1889822365046136,NO_KNOWN_OVERLAP,INCLUDE_PRIMARY_INDEPENDENT,0.7205172359200274
GSE95233,SIG001,T2,T48,HALLMARK_INTERFERON_GAMMA_RESPONSE,PRESET_PRIMARY,SSGSEA_RANK_WALK,31,-0.07459677419354839,0.6900215804573002,-0.0747356070526497,0.1889822365046136,NO_KNOWN_OVERLAP,INCLUDE_PRIMARY_INDEPENDENT,0.7205172359200274
GSE95233,SIG001,T2,T48,HALLMARK_KRAS_SIGNALING_DN,HALLMARK_SECONDARY,SSGSEA_RANK_WALK,31,0.23145161290322586,0.21027620819409884,0.2357227007822152,0.1889822365046136,NO_KNOWN_OVERLAP,INCLUDE_PRIMARY_INDEPENDENT,0.42506473478411216
GSE95233,SIG001,T2,T48,HALLMARK_KRAS_SIGNALING_UP,HALLMARK_SECONDARY,SSGSEA_RANK_WALK,31,0.2754032258064516,0.1337340112377837,0.28270116826104486,0.1889822365046136,NO_KNOWN_OVERLAP,INCLUDE_PRIMARY_INDEPENDENT,0.3655396307166088
GSE95233,SIG001,T2,T48,HALLMARK_MITOTIC_SPINDLE,HALLMARK_SECONDARY,SSGSEA_RANK_WALK,31,0.10685483870967745,0.5672298326794336,0.10726433573219753,0.1889822365046136,NO_KNOWN_OVERLAP,INCLUDE_PRIMARY_INDEPENDENT,0.7400103480795913
GSE95233,SIG001,T2,T48,HALLMARK_MTORC1_SIGNALING,HALLMARK_SECONDARY,SSGSEA_RANK_WALK,31,-0.08830645161290324,0.6366488536523971,-0.08853707037001743,0.1889822365046136,NO_KNOWN_OVERLAP,INCLUDE_PRIMARY_INDEPENDENT,0.7909879696893418
GSE95233,SIG001,T2,T48,HALLMARK_MYC_TARGETS_V1,HALLMARK_SECONDARY,SSGSEA_RANK_WALK,31,-0.33830645161290324,0.06267067867059958,-0.3521788603149419,0.1889822365046136,NO_KNOWN_OVERLAP,INCLUDE_PRIMARY_INDEPENDENT,0.285499758388287
GSE95233,SIG001,T2,T48,HALLMARK_MYC_TARGETS_V2,HALLMARK_SECONDARY,SSGSEA_RANK_WALK,31,-0.4314516129032258,0.015374017423899664,-0.46167894954862376,0.1889822365046136,NO_KNOWN_OVERLAP,INCLUDE_PRIMARY_INDEPENDENT,0.12606694287597725
GSE95233,SIG001,T2,T48,HALLMARK_MYOGENESIS,HALLMARK_SECONDARY,SSGSEA_RANK_WALK,31,0.10403225806451614,0.577569052159681,0.10441001782440945,0.1889822365046136,NO_KNOWN_OVERLAP,INCLUDE_PRIMARY_INDEPENDENT,0.7400103480795913
GSE95233,SIG001,T2,T48,HALLMARK_NOTCH_SIGNALING,HALLMARK_SECONDARY,SSGSEA_RANK_WALK,31,0.24233870967741936,0.18900860142531467,0.2472572495916013,0.1889822365046136,NO_KNOWN_OVERLAP,INCLUDE_PRIMARY_INDEPENDENT,0.42506473478411216
GSE95233,SIG001,T2,T48,HALLMARK_OXIDATIVE_PHOSPHORYLATION,PRESET_PRIMARY,SSGSEA_RANK_WALK,31,-0.1338709677419355,0.47277359621523674,-0.13467939865090012,0.1889822365046136,NO_KNOWN_OVERLAP,INCLUDE_PRIMARY_INDEPENDENT,0.6078517665624472
GSE95233,SIG001,T2,T48,HALLMARK_P53_PATHWAY,HALLMARK_SECONDARY,SSGSEA_RANK_WALK,31,0.4483870967741935,0.011411153576039649,0.4826796656197972,0.1889822365046136,NO_KNOWN_OVERLAP,INCLUDE_PRIMARY_INDEPENDENT,0.1169643241544064
GSE95233,SIG001,T2,T48,HALLMARK_PANCREAS_BETA_CELLS,HALLMARK_SECONDARY,SSGSEA_RANK_WALK,31,-0.13629032258064516,0.4647360144635305,-0.1371437207254657,0.1889822365046136,NO_KNOWN_OVERLAP,INCLUDE_PRIMARY_INDEPENDENT,0.7001803787528448
GSE95233,SIG001,T2,T48,HALLMARK_PEROXISOME,HALLMARK_SECONDARY,SSGSEA_RANK_WALK,31,-0.054032258064516135,0.7728209093457339,-0.05408493248537325,0.1889822365046136,NO_KNOWN_OVERLAP,INCLUDE_PRIMARY_INDEPENDENT,0.8564559280836276
GSE95233,SIG001,T2,T48,HALLMARK_PI3K_AKT_MTOR_SIGNALING,HALLMARK_SECONDARY,SSGSEA_RANK_WALK,31,0.2758064516129033,0.1331427461644799,0.28313754001269986,0.1889822365046136,NO_KNOWN_OVERLAP,INCLUDE_PRIMARY_INDEPENDENT,0.3655396307166088
GSE95233,SIG001,T2,T48,HALLMARK_PROTEIN_SECRETION,HALLMARK_SECONDARY,SSGSEA_RANK_WALK,31,0.23709677419354844,0.19905276089342025,0.24169570643766167,0.1889822365046136,NO_KNOWN_OVERLAP,INCLUDE_PRIMARY_INDEPENDENT,0.42506473478411216
GSE95233,SIG001,T2,T48,HALLMARK_REACTIVE_OXYGEN_SPECIES_PATHWAY,HALLMARK_SECONDARY,SSGSEA_RANK_WALK,31,0.467741935483871,0.007969493559158308,0.507175972525185,0.1889822365046136,NO_KNOWN_OVERLAP,INCLUDE_PRIMARY_INDEPENDENT,0.10891641197516354
GSE95233,SIG001,T2,T48,HALLMARK_SPERMATOGENESIS,HALLMARK_SECONDARY,SSGSEA_RANK_WALK,31,-0.1403225806451613,0.451501665737158,-0.1412546208653641,0.1889822365046136,NO_KNOWN_OVERLAP,INCLUDE_PRIMARY_INDEPENDENT,0.7001803787528448
GSE95233,SIG001,T2,T48,HALLMARK_TGF_BETA_SIGNALING,HALLMARK_SECONDARY,SSGSEA_RANK_WALK,31,0.403225806451613,0.024495455654071113,0.42749510300517973,0.1889822365046136,NO_KNOWN_OVERLAP,INCLUDE_PRIMARY_INDEPENDENT,0.14347338311670224
GSE95233,SIG001,T2,T48,HALLMARK_TNFA_SIGNALING_VIA_NFKB,PRESET_PRIMARY,SSGSEA_RANK_WALK,31,0.3423387096774194,0.05941030406343728,0.3567393174770056,0.1889822365046136,NO_KNOWN_OVERLAP,INCLUDE_PRIMARY_INDEPENDENT,0.13367318414273388
GSE95233,SIG001,T2,T48,HALLMARK_UNFOLDED_PROTEIN_RESPONSE,HALLMARK_SECONDARY,SSGSEA_RANK_WALK,31,-0.2758064516129033,0.1331427461644799,-0.28313754001269986,0.1889822365046136,NO_KNOWN_OVERLAP,INCLUDE_PRIMARY_INDEPENDENT,0.3655396307166088
GSE95233,SIG001,T2,T48,HALLMARK_UV_RESPONSE_DN,HALLMARK_SECONDARY,SSGSEA_RANK_WALK,31,0.13225806451612906,0.4781719659775525,0.1330374219320134,0.1889822365046136,NO_KNOWN_OVERLAP,INCLUDE_PRIMARY_INDEPENDENT,0.7001803787528448
GSE95233,SIG001,T2,T48,HALLMARK_UV_RESPONSE_UP,HALLMARK_SECONDARY,SSGSEA_RANK_WALK,31,0.20201612903225807,0.2757830440807363,0.20483357403775287,0.1889822365046136,NO_KNOWN_OVERLAP,INCLUDE_PRIMARY_INDEPENDENT,0.49161325249174725
GSE95233,SIG001,T2,T48,HALLMARK_WNT_BETA_CATENIN_SIGNALING,HALLMARK_SECONDARY,SSGSEA_RANK_WALK,31,-0.21895161290322585,0.23665060222315748,-0.22255466568623114,0.1889822365046136,NO_KNOWN_OVERLAP,INCLUDE_PRIMARY_INDEPENDENT,0.4410306677795207
GSE95233,SIG001,T2,T48,HALLMARK_XENOBIOTIC_METABOLISM,HALLMARK_SECONDARY,SSGSEA_RANK_WALK,31,0.22903225806451613,0.21521648306786986,0.23316791159759515,0.1889822365046136,NO_KNOWN_OVERLAP,INCLUDE_PRIMARY_INDEPENDENT,0.42506473478411216
GSE95233,SIG001,T2,T48,Neutrophil degranulation,REACTOME_SUPPLEMENT,SSGSEA_RANK_WALK,31,0.5435483870967742,0.0015764838137059954,0.6091782469048583,0.1889822365046136,NO_KNOWN_OVERLAP,INCLUDE_PRIMARY_INDEPENDENT,0.003152967627411991
GSE95233,SIG001,T2,T48,TCR signaling,REACTOME_SUPPLEMENT,SSGSEA_RANK_WALK,31,-0.483467741935484,0.005863384669614579,-0.5274999766040203,0.1889822365046136,NO_KNOWN_OVERLAP,INCLUDE_PRIMARY_INDEPENDENT,0.005863384669614579
GSE95233,SIG002,T1,T24,HALLMARK_ADIPOGENESIS,HALLMARK_SECONDARY,SSGSEA_RANK_WALK,20,-0.1789473684210526,0.45032544160933996,-0.1808950223027514,0.24253562503633297,NO_KNOWN_OVERLAP,INCLUDE_PRIMARY_INDEPENDENT,0.7101285809993438
GSE95233,SIG002,T1,T24,HALLMARK_ALLOGRAFT_REJECTION,PRESET_PRIMARY,SSGSEA_RANK_WALK,20,-0.26766917293233083,0.2538915426582106,-0.2743514174596329,0.24253562503633297,NO_KNOWN_OVERLAP,INCLUDE_PRIMARY_INDEPENDENT,0.7880801915930025
GSE95233,SIG002,T1,T24,HALLMARK_ANDROGEN_RESPONSE,HALLMARK_SECONDARY,SSGSEA_RANK_WALK,20,0.33082706766917286,0.15423604448098624,0.3437566814208446,0.24253562503633297,NO_KNOWN_OVERLAP,INCLUDE_PRIMARY_INDEPENDENT,0.4215785215813624
GSE95233,SIG002,T1,T24,HALLMARK_ANGIOGENESIS,HALLMARK_SECONDARY,SSGSEA_RANK_WALK,20,-0.5368421052631579,0.014663294425522876,-0.5997084938950377,0.24253562503633297,NO_KNOWN_OVERLAP,INCLUDE_PRIMARY_INDEPENDENT,0.20039835714881263
GSE95233,SIG002,T1,T24,HALLMARK_APICAL_JUNCTION,HALLMARK_SECONDARY,SSGSEA_RANK_WALK,20,-0.3744360902255639,0.10384052952246073,-0.39357265559644333,0.24253562503633297,NO_KNOWN_OVERLAP,INCLUDE_PRIMARY_INDEPENDENT,0.3865006433108051
GSE95233,SIG002,T1,T24,HALLMARK_APICAL_SURFACE,HALLMARK_SECONDARY,SSGSEA_RANK_WALK,20,-0.34586466165413526,0.1352523431335165,-0.36073884359308556,0.24253562503633297,NO_KNOWN_OVERLAP,INCLUDE_PRIMARY_INDEPENDENT,0.3960961477481555
GSE95233,SIG002,T1,T24,HALLMARK_APOPTOSIS,PRESET_PRIMARY,SSGSEA_RANK_WALK,20,-0.2270676691729323,0.3356744310134179,-0.23109554475447092,0.24253562503633297,NO_KNOWN_OVERLAP,INCLUDE_PRIMARY_INDEPENDENT,0.7880801915930025
GSE95233,SIG002,T1,T24,HALLMARK_BILE_ACID_METABOLISM,HALLMARK_SECONDARY,SSGSEA_RANK_WALK,20,0.3924812030075188,0.08695594245899085,0.41472967834251473,0.24253562503633297,NO_KNOWN_OVERLAP,INCLUDE_PRIMARY_INDEPENDENT,0.3865006433108051
GSE95233,SIG002,T1,T24,HALLMARK_CHOLESTEROL_HOMEOSTASIS,HALLMARK_SECONDARY,SSGSEA_RANK_WALK,20,0.1894736842105263,0.42366525592686277,0.19179119842932832,0.24253562503633297,NO_KNOWN_OVERLAP,INCLUDE_PRIMARY_INDEPENDENT,0.6948110197200549
GSE95233,SIG002,T1,T24,HALLMARK_COAGULATION,PRESET_PRIMARY,SSGSEA_RANK_WALK,20,-0.10225563909774435,0.66793535735332,-0.10261429424702469,0.24253562503633297,NO_KNOWN_OVERLAP,INCLUDE_PRIMARY_INDEPENDENT,0.7880801915930025
GSE95233,SIG002,T1,T24,HALLMARK_COMPLEMENT,PRESET_PRIMARY,SSGSEA_RANK_WALK,20,-0.33383458646616543,0.15029922707342816,-0.34713760613222194,0.24253562503633297,NO_KNOWN_OVERLAP,INCLUDE_PRIMARY_INDEPENDENT,0.7880801915930025
GSE95233,SIG002,T1,T24,HALLMARK_DNA_REPAIR,HALLMARK_SECONDARY,SSGSEA_RANK_WALK,20,-0.12781954887218044,0.5912462398946646,-0.12852255149494554,0.24253562503633297,NO_KNOWN_OVERLAP,INCLUDE_PRIMARY_INDEPENDENT,0.8041705696553708
GSE95233,SIG002,T1,T24,HALLMARK_E2F_TARGETS,HALLMARK_SECONDARY,SSGSEA_RANK_WALK,20,0.08721804511278194,0.7146383646582315,0.0874402155496332,0.24253562503633297,NO_KNOWN_OVERLAP,INCLUDE_PRIMARY_INDEPENDENT,0.8138936930829859
GSE95233,SIG002,T1,T24,HALLMARK_EPITHELIAL_MESENCHYMAL_TRANSITION,HALLMARK_SECONDARY,SSGSEA_RANK_WALK,20,-0.4330827067669173,0.05646561004225937,-0.4636848581030957,0.24253562503633297,NO_KNOWN_OVERLAP,INCLUDE_PRIMARY_INDEPENDENT,0.3858483352887723
GSE95233,SIG002,T1,T24,HALLMARK_ESTROGEN_RESPONSE_EARLY,HALLMARK_SECONDARY,SSGSEA_RANK_WALK,20,-0.3654135338345864,0.11312213950560147,-0.3831195322826407,0.24253562503633297,NO_KNOWN_OVERLAP,INCLUDE_PRIMARY_INDEPENDENT,0.3865006433108051
GSE95233,SIG002,T1,T24,HALLMARK_ESTROGEN_RESPONSE_LATE,HALLMARK_SECONDARY,SSGSEA_RANK_WALK,20,-0.2706766917293233,0.24839056913669727,-0.2775938682098453,0.24253562503633297,NO_KNOWN_OVERLAP,INCLUDE_PRIMARY_INDEPENDENT,0.5360007018212941
GSE95233,SIG002,T1,T24,HALLMARK_FATTY_ACID_METABOLISM,HALLMARK_SECONDARY,SSGSEA_RANK_WALK,20,0.21954887218045113,0.352345677311515,0.22318208547476215,0.24253562503633297,NO_KNOWN_OVERLAP,INCLUDE_PRIMARY_INDEPENDENT,0.6821293714509126
GSE95233,SIG002,T1,T24,HALLMARK_G2M_CHECKPOINT,HALLMARK_SECONDARY,SSGSEA_RANK_WALK,20,0.07368421052631578,0.757528699864343,0.0738179994030323,0.24253562503633297,NO_KNOWN_OVERLAP,INCLUDE_PRIMARY_INDEPENDENT,0.8277233433275976
GSE95233,SIG002,T1,T24,HALLMARK_GLYCOLYSIS,HALLMARK_SECONDARY,SSGSEA_RANK_WALK,20,-0.19548872180451127,0.40881908952023194,-0.19803768387916265,0.24253562503633297,NO_KNOWN_OVERLAP,INCLUDE_PRIMARY_INDEPENDENT,0.6948110197200549
GSE95233,SIG002,T1,T24,HALLMARK_HEDGEHOG_SIGNALING,HALLMARK_SECONDARY,SSGSEA_RANK_WALK,20,-0.4796992481203006,0.032326069200214205,-0.5225935609972644,0.24253562503633297,NO_KNOWN_OVERLAP,INCLUDE_PRIMARY_INDEPENDENT,0.2701931423626524
GSE95233,SIG002,T1,T24,HALLMARK_HEME_METABOLISM,HALLMARK_SECONDARY,SSGSEA_RANK_WALK,20,-0.29624060150375936,0.2047182974286218,-0.30539348737302313,0.24253562503633297,NO_KNOWN_OVERLAP,INCLUDE_PRIMARY_INDEPENDENT,0.5054368788778846
GSE95233,SIG002,T1,T24,HALLMARK_HYPOXIA,HALLMARK_SECONDARY,SSGSEA_RANK_WALK,20,-0.5699248120300752,0.008703721225416173,-0.6474114788113656,0.24253562503633297,NO_KNOWN_OVERLAP,INCLUDE_PRIMARY_INDEPENDENT,0.20039835714881263
GSE95233,SIG002,T1,T24,HALLMARK_IL2_STAT5_SIGNALING,HALLMARK_SECONDARY,SSGSEA_RANK_WALK,20,-0.29323308270676685,0.2095713888030253,-0.3020998472717245,0.24253562503633297,NO_KNOWN_OVERLAP,INCLUDE_PRIMARY_INDEPENDENT,0.5054368788778846
GSE95233,SIG002,T1,T24,HALLMARK_IL6_JAK_STAT3_SIGNALING,HALLMARK_SECONDARY,SSGSEA_RANK_WALK,20,0.0631578947368421,0.7913733978200618,0.0632420735545598,0.24253562503633297,NO_KNOWN_OVERLAP,INCLUDE_PRIMARY_INDEPENDENT,0.8319566489903213
GSE95233,SIG002,T1,T24,HALLMARK_INFLAMMATORY_RESPONSE,PRESET_PRIMARY,SSGSEA_RANK_WALK,20,-0.17142857142857143,0.4698861728108753,-0.1731381183589169,0.24253562503633297,NO_KNOWN_OVERLAP,INCLUDE_PRIMARY_INDEPENDENT,0.7880801915930025
GSE95233,SIG002,T1,T24,HALLMARK_INTERFERON_ALPHA_RESPONSE,PRESET_PRIMARY,SSGSEA_RANK_WALK,20,0.11127819548872178,0.6404548402871415,0.11174095177105177,0.24253562503633297,NO_KNOWN_OVERLAP,INCLUDE_PRIMARY_INDEPENDENT,0.7880801915930025
GSE95233,SIG002,T1,T24,HALLMARK_INTERFERON_GAMMA_RESPONSE,PRESET_PRIMARY,SSGSEA_RANK_WALK,20,-0.03609022556390977,0.8799311955207728,-0.03610590704649426,0.24253562503633297,NO_KNOWN_OVERLAP,INCLUDE_PRIMARY_INDEPENDENT,0.8799311955207728
GSE95233,SIG002,T1,T24,HALLMARK_KRAS_SIGNALING_DN,HALLMARK_SECONDARY,SSGSEA_RANK_WALK,20,-0.13383458646616542,0.5737559530736434,-0.13464235365603242,0.24253562503633297,NO_KNOWN_OVERLAP,INCLUDE_PRIMARY_INDEPENDENT,0.8041705696553708
GSE95233,SIG002,T1,T24,HALLMARK_KRAS_SIGNALING_UP,HALLMARK_SECONDARY,SSGSEA_RANK_WALK,20,-0.2857142857142857,0.22203494893940093,-0.2938933324510595,0.24253562503633297,NO_KNOWN_OVERLAP,INCLUDE_PRIMARY_INDEPENDENT,0.505746272584191
GSE95233,SIG002,T1,T24,HALLMARK_MITOTIC_SPINDLE,HALLMARK_SECONDARY,SSGSEA_RANK_WALK,20,0.156390977443609,0.5102566899029022,0.1576850319914738,0.24253562503633297,NO_KNOWN_OVERLAP,INCLUDE_PRIMARY_INDEPENDENT,0.7471615816435353
GSE95233,SIG002,T1,T24,HALLMARK_MTORC1_SIGNALING,HALLMARK_SECONDARY,SSGSEA_RANK_WALK,20,-0.10075187969924812,0.6725564354857818,-0.10109488000533992,0.24253562503633297,NO_KNOWN_OVERLAP,INCLUDE_PRIMARY_INDEPENDENT,0.8041705696553708
GSE95233,SIG002,T1,T24,HALLMARK_MYC_TARGETS_V1,HALLMARK_SECONDARY,SSGSEA_RANK_WALK,20,-0.02706766917293233,0.9098116651774512,-0.02707428253494475,0.24253562503633297,NO_KNOWN_OVERLAP,INCLUDE_PRIMARY_INDEPENDENT,0.9325569568068873
GSE95233,SIG002,T1,T24,HALLMARK_MYC_TARGETS_V2,HALLMARK_SECONDARY,SSGSEA_RANK_WALK,20,-0.09774436090225563,0.681832438507082,-0.09805743946314523,0.24253562503633297,NO_KNOWN_OVERLAP,INCLUDE_PRIMARY_INDEPENDENT,0.8041705696553708
GSE95233,SIG002,T1,T24,HALLMARK_MYOGENESIS,HALLMARK_SECONDARY,SSGSEA_RANK_WALK,20,-0.4781954887218045,0.032950383214957614,-0.5206421701001537,0.24253562503633297,NO_KNOWN_OVERLAP,INCLUDE_PRIMARY_INDEPENDENT,0.2701931423626524
GSE95233,SIG002,T1,T24,HALLMARK_NOTCH_SIGNALING,HALLMARK_SECONDARY,SSGSEA_RANK_WALK,20,0.22857142857142856,0.3323968570405118,0.23268162484461666,0.24253562503633297,NO_KNOWN_OVERLAP,INCLUDE_PRIMARY_INDEPENDENT,0.6814135569330493
GSE95233,SIG002,T1,T24,HALLMARK_OXIDATIVE_PHOSPHORYLATION,PRESET_PRIMARY,SSGSEA_RANK_WALK,20,0.09172932330827067,0.7005157258604466,0.09198790844499058,0.24253562503633297,NO_KNOWN_OVERLAP,INCLUDE_PRIMARY_INDEPENDENT,0.7880801915930025
GSE95233,SIG002,T1,T24,HALLMARK_P53_PATHWAY,HALLMARK_SECONDARY,SSGSEA_RANK_WALK,20,-0.3488721804511278,0.13166317155695254,-0.3641590670281531,0.24253562503633297,NO_KNOWN_OVERLAP,INCLUDE_PRIMARY_INDEPENDENT,0.3960961477481555
GSE95233,SIG002,T1,T24,HALLMARK_PANCREAS_BETA_CELLS,HALLMARK_SECONDARY,SSGSEA_RANK_WALK,20,-0.37744360902255636,0.10087319118710468,-0.3970751954244079,0.24253562503633297,NO_KNOWN_OVERLAP,INCLUDE_PRIMARY_INDEPENDENT,0.3865006433108051
GSE95233,SIG002,T1,T24,HALLMARK_PEROXISOME,HALLMARK_SECONDARY,SSGSEA_RANK_WALK,20,0.10526315789473684,0.6587277693915812,0.10565454683360345,0.24253562503633297,NO_KNOWN_OVERLAP,INCLUDE_PRIMARY_INDEPENDENT,0.8041705696553708
GSE95233,SIG002,T1,T24,HALLMARK_PI3K_AKT_MTOR_SIGNALING,HALLMARK_SECONDARY,SSGSEA_RANK_WALK,20,-0.5398496240601504,0.014013555304583477,-0.6039433518235361,0.24253562503633297,NO_KNOWN_OVERLAP,INCLUDE_PRIMARY_INDEPENDENT,0.20039835714881263
GSE95233,SIG002,T1,T24,HALLMARK_PROTEIN_SECRETION,HALLMARK_SECONDARY,SSGSEA_RANK_WALK,20,0.41503759398496237,0.06880769728594098,0.4416818979834667,0.24253562503633297,NO_KNOWN_OVERLAP,INCLUDE_PRIMARY_INDEPENDENT,0.3865006433108051
GSE95233,SIG002,T1,T24,HALLMARK_REACTIVE_OXYGEN_SPECIES_PATHWAY,HALLMARK_SECONDARY,SSGSEA_RANK_WALK,20,-0.193984962406015,0.4125038246613568,-0.19647465008816684,0.24253562503633297,NO_KNOWN_OVERLAP,INCLUDE_PRIMARY_INDEPENDENT,0.6948110197200549
GSE95233,SIG002,T1,T24,HALLMARK_SPERMATOGENESIS,HALLMARK_SECONDARY,SSGSEA_RANK_WALK,20,-0.010526315789473682,0.9648685868194993,-0.01052670459891617,0.24253562503633297,NO_KNOWN_OVERLAP,INCLUDE_PRIMARY_INDEPENDENT,0.9648685868194994
GSE95233,SIG002,T1,T24,HALLMARK_TGF_BETA_SIGNALING,HALLMARK_SECONDARY,SSGSEA_RANK_WALK,20,-0.0706766917293233,0.7671582206450904,-0.07079472697714248,0.24253562503633297,NO_KNOWN_OVERLAP,INCLUDE_PRIMARY_INDEPENDENT,0.8277233433275976
GSE95233,SIG002,T1,T24,HALLMARK_TNFA_SIGNALING_VIA_NFKB,PRESET_PRIMARY,SSGSEA_RANK_WALK,20,-0.20751879699248119,0.37999323699324683,-0.21057708270269967,0.24253562503633297,NO_KNOWN_OVERLAP,INCLUDE_PRIMARY_INDEPENDENT,0.7880801915930025
GSE95233,SIG002,T1,T24,HALLMARK_UNFOLDED_PROTEIN_RESPONSE,HALLMARK_SECONDARY,SSGSEA_RANK_WALK,20,-0.16541353383458643,0.4858377042773383,-0.1669474578034562,0.24253562503633297,NO_KNOWN_OVERLAP,INCLUDE_PRIMARY_INDEPENDENT,0.7377535509396618
GSE95233,SIG002,T1,T24,HALLMARK_UV_RESPONSE_DN,HALLMARK_SECONDARY,SSGSEA_RANK_WALK,20,-0.11879699248120301,0.6178918280262935,-0.11936062262803963,0.24253562503633297,NO_KNOWN_OVERLAP,INCLUDE_PRIMARY_INDEPENDENT,0.8041705696553708
GSE95233,SIG002,T1,T24,HALLMARK_UV_RESPONSE_UP,HALLMARK_SECONDARY,SSGSEA_RANK_WALK,20,-0.38796992481203,0.0909728657975423,-0.40940802453012853,0.24253562503633297,NO_KNOWN_OVERLAP,INCLUDE_PRIMARY_INDEPENDENT,0.3865006433108051
GSE95233,SIG002,T1,T24,HALLMARK_WNT_BETA_CATENIN_SIGNALING,HALLMARK_SECONDARY,SSGSEA_RANK_WALK,20,-0.09624060150375939,0.6864870716570238,-0.09653939873672528,0.24253562503633297,NO_KNOWN_OVERLAP,INCLUDE_PRIMARY_INDEPENDENT,0.8041705696553708
GSE95233,SIG002,T1,T24,HALLMARK_XENOBIOTIC_METABOLISM,HALLMARK_SECONDARY,SSGSEA_RANK_WALK,20,-0.21353383458646616,0.36602063833951404,-0.21687110210251292,0.24253562503633297,NO_KNOWN_OVERLAP,INCLUDE_PRIMARY_INDEPENDENT,0.6821293714509126
GSE95233,SIG002,T1,T24,Neutrophil degranulation,REACTOME_SUPPLEMENT,SSGSEA_RANK_WALK,20,-0.13383458646616542,0.5737559530736434,-0.13464235365603242,0.24253562503633297,NO_KNOWN_OVERLAP,INCLUDE_PRIMARY_INDEPENDENT,0.9849400483404018
GSE95233,SIG002,T1,T24,TCR signaling,REACTOME_SUPPLEMENT,SSGSEA_RANK_WALK,20,-0.004511278195488721,0.9849400483404018,-0.0045113087998187576,0.24253562503633297,NO_KNOWN_OVERLAP,INCLUDE_PRIMARY_INDEPENDENT,0.9849400483404018
GSE95233,SIG002,T2,T48,HALLMARK_ADIPOGENESIS,HALLMARK_SECONDARY,SSGSEA_RANK_WALK,31,-0.0016129032258064518,0.9931293296828099,-0.0016129046244413314,0.1889822365046136,NO_KNOWN_OVERLAP,INCLUDE_PRIMARY_INDEPENDENT,0.9931293296828098
GSE95233,SIG002,T2,T48,HALLMARK_ALLOGRAFT_REJECTION,PRESET_PRIMARY,SSGSEA_RANK_WALK,31,-0.3048387096774194,0.09541932569535631,-0.314845413477372,0.1889822365046136,NO_KNOWN_OVERLAP,INCLUDE_PRIMARY_INDEPENDENT,0.7986518194222804
GSE95233,SIG002,T2,T48,HALLMARK_ANDROGEN_RESPONSE,HALLMARK_SECONDARY,SSGSEA_RANK_WALK,31,0.12983870967741937,0.48632896336453246,0.1305757905394362,0.1889822365046136,NO_KNOWN_OVERLAP,INCLUDE_PRIMARY_INDEPENDENT,0.8805123530292039
GSE95233,SIG002,T2,T48,HALLMARK_ANGIOGENESIS,HALLMARK_SECONDARY,SSGSEA_RANK_WALK,31,-0.31370967741935485,0.08569237561211712,-0.3246547400143355,0.1889822365046136,NO_KNOWN_OVERLAP,INCLUDE_PRIMARY_INDEPENDENT,0.8805123530292039
GSE95233,SIG002,T2,T48,HALLMARK_APICAL_JUNCTION,HALLMARK_SECONDARY,SSGSEA_RANK_WALK,31,-0.03387096774193548,0.8564559280836276,-0.03388392940261034,0.1889822365046136,NO_KNOWN_OVERLAP,INCLUDE_PRIMARY_INDEPENDENT,0.9931293296828098
GSE95233,SIG002,T2,T48,HALLMARK_APICAL_SURFACE,HALLMARK_SECONDARY,SSGSEA_RANK_WALK,31,-0.25443548387096776,0.16719377687570183,-0.2601496327552561,0.1889822365046136,NO_KNOWN_OVERLAP,INCLUDE_PRIMARY_INDEPENDENT,0.8805123530292039
GSE95233,SIG002,T2,T48,HALLMARK_APOPTOSIS,PRESET_PRIMARY,SSGSEA_RANK_WALK,31,-0.15806451612903227,0.39573785082035695,-0.15940099058279275,0.1889822365046136,NO_KNOWN_OVERLAP,INCLUDE_PRIMARY_INDEPENDENT,0.7986518194222804
GSE95233,SIG002,T2,T48,HALLMARK_BILE_ACID_METABOLISM,HALLMARK_SECONDARY,SSGSEA_RANK_WALK,31,0.023790322580645163,0.8989139921818861,0.023794812383309976,0.1889822365046136,NO_KNOWN_OVERLAP,INCLUDE_PRIMARY_INDEPENDENT,0.9931293296828098
GSE95233,SIG002,T2,T48,HALLMARK_CHOLESTEROL_HOMEOSTASIS,HALLMARK_SECONDARY,SSGSEA_RANK_WALK,31,0.0995967741935484,0.5939838584151786,0.09992806550271534,0.1889822365046136,NO_KNOWN_OVERLAP,INCLUDE_PRIMARY_INDEPENDENT,0.8805123530292039
GSE95233,SIG002,T2,T48,HALLMARK_COAGULATION,PRESET_PRIMARY,SSGSEA_RANK_WALK,31,0.05161290322580646,0.7827454610710354,0.05165880701401303,0.1889822365046136,NO_KNOWN_OVERLAP,INCLUDE_PRIMARY_INDEPENDENT,0.8805886437049149
GSE95233,SIG002,T2,T48,HALLMARK_COMPLEMENT,PRESET_PRIMARY,SSGSEA_RANK_WALK,31,-0.11653225806451614,0.5324345462815203,-0.11706409178774768,0.1889822365046136,NO_KNOWN_OVERLAP,INCLUDE_PRIMARY_INDEPENDENT,0.7986518194222804
GSE95233,SIG002,T2,T48,HALLMARK_DNA_REPAIR,HALLMARK_SECONDARY,SSGSEA_RANK_WALK,31,-0.15846774193548388,0.3945182524606957,-0.15981457595104442,0.1889822365046136,NO_KNOWN_OVERLAP,INCLUDE_PRIMARY_INDEPENDENT,0.8805123530292039
GSE95233,SIG002,T2,T48,HALLMARK_E2F_TARGETS,HALLMARK_SECONDARY,SSGSEA_RANK_WALK,31,-0.1463709677419355,0.4320347285809347,-0.14742992025806734,0.1889822365046136,NO_KNOWN_OVERLAP,INCLUDE_PRIMARY_INDEPENDENT,0.8805123530292039
GSE95233,SIG002,T2,T48,HALLMARK_EPITHELIAL_MESENCHYMAL_TRANSITION,HALLMARK_SECONDARY,SSGSEA_RANK_WALK,31,0.0072580645161290334,0.9690889496220318,0.007258191970562084,0.1889822365046136,NO_KNOWN_OVERLAP,INCLUDE_PRIMARY_INDEPENDENT,0.9931293296828098
GSE95233,SIG002,T2,T48,HALLMARK_ESTROGEN_RESPONSE_EARLY,HALLMARK_SECONDARY,SSGSEA_RANK_WALK,31,-0.36774193548387096,0.041820222619948846,-0.3858093980007203,0.1889822365046136,NO_KNOWN_OVERLAP,INCLUDE_PRIMARY_INDEPENDENT,0.8805123530292039
GSE95233,SIG002,T2,T48,HALLMARK_ESTROGEN_RESPONSE_LATE,HALLMARK_SECONDARY,SSGSEA_RANK_WALK,31,-0.02620967741935484,0.8886945514139857,-0.02621568144897503,0.1889822365046136,NO_KNOWN_OVERLAP,INCLUDE_PRIMARY_INDEPENDENT,0.9931293296828098
GSE95233,SIG002,T2,T48,HALLMARK_FATTY_ACID_METABOLISM,HALLMARK_SECONDARY,SSGSEA_RANK_WALK,31,-0.11935483870967743,0.5224825746823831,-0.11992649238094974,0.1889822365046136,NO_KNOWN_OVERLAP,INCLUDE_PRIMARY_INDEPENDENT,0.8805123530292039
GSE95233,SIG002,T2,T48,HALLMARK_G2M_CHECKPOINT,HALLMARK_SECONDARY,SSGSEA_RANK_WALK,31,-0.06129032258064517,0.7432634435518759,-0.06136724179693969,0.1889822365046136,NO_KNOWN_OVERLAP,INCLUDE_PRIMARY_INDEPENDENT,0.9830258446976423
GSE95233,SIG002,T2,T48,HALLMARK_GLYCOLYSIS,HALLMARK_SECONDARY,SSGSEA_RANK_WALK,31,-0.13870967741935486,0.4567710138270421,-0.1396096992665236,0.1889822365046136,NO_KNOWN_OVERLAP,INCLUDE_PRIMARY_INDEPENDENT,0.8805123530292039
GSE95233,SIG002,T2,T48,HALLMARK_HEDGEHOG_SIGNALING,HALLMARK_SECONDARY,SSGSEA_RANK_WALK,31,0.11653225806451614,0.5324345462815203,0.11706409178774768,0.1889822365046136,NO_KNOWN_OVERLAP,INCLUDE_PRIMARY_INDEPENDENT,0.8805123530292039
GSE95233,SIG002,T2,T48,HALLMARK_HEME_METABOLISM,HALLMARK_SECONDARY,SSGSEA_RANK_WALK,31,-0.018145161290322582,0.9228184353203907,-0.01814715309638502,0.1889822365046136,NO_KNOWN_OVERLAP,INCLUDE_PRIMARY_INDEPENDENT,0.9931293296828098
GSE95233,SIG002,T2,T48,HALLMARK_HYPOXIA,HALLMARK_SECONDARY,SSGSEA_RANK_WALK,31,-0.23024193548387098,0.21273653808139606,-0.23444493049546103,0.1889822365046136,NO_KNOWN_OVERLAP,INCLUDE_PRIMARY_INDEPENDENT,0.8805123530292039
GSE95233,SIG002,T2,T48,HALLMARK_IL2_STAT5_SIGNALING,HALLMARK_SECONDARY,SSGSEA_RANK_WALK,31,-0.03346774193548387,0.8581475135178092,-0.03348024596484338,0.1889822365046136,NO_KNOWN_OVERLAP,INCLUDE_PRIMARY_INDEPENDENT,0.9931293296828098
GSE95233,SIG002,T2,T48,HALLMARK_IL6_JAK_STAT3_SIGNALING,HALLMARK_SECONDARY,SSGSEA_RANK_WALK,31,0.18225806451612905,0.3264347652272521,0.18431734914773418,0.1889822365046136,NO_KNOWN_OVERLAP,INCLUDE_PRIMARY_INDEPENDENT,0.8805123530292039
GSE95233,SIG002,T2,T48,HALLMARK_INFLAMMATORY_RESPONSE,PRESET_PRIMARY,SSGSEA_RANK_WALK,31,-0.12661290322580646,0.4973147635433742,-0.1272960561279856,0.1889822365046136,NO_KNOWN_OVERLAP,INCLUDE_PRIMARY_INDEPENDENT,0.7986518194222804
GSE95233,SIG002,T2,T48,HALLMARK_INTERFERON_ALPHA_RESPONSE,PRESET_PRIMARY,SSGSEA_RANK_WALK,31,-0.12580645161290324,0.5000806322358999,-0.12647655066136315,0.1889822365046136,NO_KNOWN_OVERLAP,INCLUDE_PRIMARY_INDEPENDENT,0.7986518194222804
GSE95233,SIG002,T2,T48,HALLMARK_INTERFERON_GAMMA_RESPONSE,PRESET_PRIMARY,SSGSEA_RANK_WALK,31,-0.13709677419354843,0.4620729162761894,-0.1379655279581311,0.1889822365046136,NO_KNOWN_OVERLAP,INCLUDE_PRIMARY_INDEPENDENT,0.7986518194222804
GSE95233,SIG002,T2,T48,HALLMARK_KRAS_SIGNALING_DN,HALLMARK_SECONDARY,SSGSEA_RANK_WALK,31,-0.12258064516129034,0.5112209001524455,-0.12320020673923854,0.1889822365046136,NO_KNOWN_OVERLAP,INCLUDE_PRIMARY_INDEPENDENT,0.8805123530292039
GSE95233,SIG002,T2,T48,HALLMARK_KRAS_SIGNALING_UP,HALLMARK_SECONDARY,SSGSEA_RANK_WALK,31,0.11975806451612905,0.5210682941323059,0.12033556537842784,0.1889822365046136,NO_KNOWN_OVERLAP,INCLUDE_PRIMARY_INDEPENDENT,0.8805123530292039
GSE95233,SIG002,T2,T48,HALLMARK_MITOTIC_SPINDLE,HALLMARK_SECONDARY,SSGSEA_RANK_WALK,31,0.1463709677419355,0.4320347285809347,0.14742992025806734,0.1889822365046136,NO_KNOWN_OVERLAP,INCLUDE_PRIMARY_INDEPENDENT,0.8805123530292039
GSE95233,SIG002,T2,T48,HALLMARK_MTORC1_SIGNALING,HALLMARK_SECONDARY,SSGSEA_RANK_WALK,31,-0.07016129032258064,0.7076224145960327,-0.07027675703157424,0.1889822365046136,NO_KNOWN_OVERLAP,INCLUDE_PRIMARY_INDEPENDENT,0.967083966614578
GSE95233,SIG002,T2,T48,HALLMARK_MYC_TARGETS_V1,HALLMARK_SECONDARY,SSGSEA_RANK_WALK,31,-0.09475806451612903,0.6121175760038214,-0.09504321609584057,0.1889822365046136,NO_KNOWN_OVERLAP,INCLUDE_PRIMARY_INDEPENDENT,0.8805123530292039
GSE95233,SIG002,T2,T48,HALLMARK_MYC_TARGETS_V2,HALLMARK_SECONDARY,SSGSEA_RANK_WALK,31,-0.14435483870967744,0.4384719550239963,-0.1453702692730298,0.1889822365046136,NO_KNOWN_OVERLAP,INCLUDE_PRIMARY_INDEPENDENT,0.8805123530292039
GSE95233,SIG002,T2,T48,HALLMARK_MYOGENESIS,HALLMARK_SECONDARY,SSGSEA_RANK_WALK,31,-0.1649193548387097,0.37529921962674617,-0.16643941953532557,0.1889822365046136,NO_KNOWN_OVERLAP,INCLUDE_PRIMARY_INDEPENDENT,0.8805123530292039
GSE95233,SIG002,T2,T48,HALLMARK_NOTCH_SIGNALING,HALLMARK_SECONDARY,SSGSEA_RANK_WALK,31,-0.12137096774193548,0.5154299073510364,-0.12197225964467248,0.1889822365046136,NO_KNOWN_OVERLAP,INCLUDE_PRIMARY_INDEPENDENT,0.8805123530292039
GSE95233,SIG002,T2,T48,HALLMARK_OXIDATIVE_PHOSPHORYLATION,PRESET_PRIMARY,SSGSEA_RANK_WALK,31,0.0068548387096774195,0.970805482704083,0.006854946079617653,0.1889822365046136,NO_KNOWN_OVERLAP,INCLUDE_PRIMARY_INDEPENDENT,0.9708054827040828
GSE95233,SIG002,T2,T48,HALLMARK_P53_PATHWAY,HALLMARK_SECONDARY,SSGSEA_RANK_WALK,31,-0.020161290322580648,0.914272471805402,-0.020164022693485894,0.1889822365046136,NO_KNOWN_OVERLAP,INCLUDE_PRIMARY_INDEPENDENT,0.9931293296828098
GSE95233,SIG002,T2,T48,HALLMARK_PANCREAS_BETA_CELLS,HALLMARK_SECONDARY,SSGSEA_RANK_WALK,31,0.09193548387096774,0.6228014204352906,0.09219582238629231,0.1889822365046136,NO_KNOWN_OVERLAP,INCLUDE_PRIMARY_INDEPENDENT,0.8805123530292039
GSE95233,SIG002,T2,T48,HALLMARK_PEROXISOME,HALLMARK_SECONDARY,SSGSEA_RANK_WALK,31,-0.10161290322580646,0.5864975237941381,-0.10196480982175303,0.1889822365046136,NO_KNOWN_OVERLAP,INCLUDE_PRIMARY_INDEPENDENT,0.8805123530292039
GSE95233,SIG002,T2,T48,HALLMARK_PI3K_AKT_MTOR_SIGNALING,HALLMARK_SECONDARY,SSGSEA_RANK_WALK,31,-0.002419354838709678,0.9896941453309824,-0.002419359559111607,0.1889822365046136,NO_KNOWN_OVERLAP,INCLUDE_PRIMARY_INDEPENDENT,0.9931293296828098
GSE95233,SIG002,T2,T48,HALLMARK_PROTEIN_SECRETION,HALLMARK_SECONDARY,SSGSEA_RANK_WALK,31,0.1366935483870968,0.4634034557016268,0.1375546012622149,0.1889822365046136,NO_KNOWN_OVERLAP,INCLUDE_PRIMARY_INDEPENDENT,0.8805123530292039
GSE95233,SIG002,T2,T48,HALLMARK_REACTIVE_OXYGEN_SPECIES_PATHWAY,HALLMARK_SECONDARY,SSGSEA_RANK_WALK,31,0.2455645161290323,0.18300649213676862,0.2506871833222461,0.1889822365046136,NO_KNOWN_OVERLAP,INCLUDE_PRIMARY_INDEPENDENT,0.8805123530292039
GSE95233,SIG002,T2,T48,HALLMARK_SPERMATOGENESIS,HALLMARK_SECONDARY,SSGSEA_RANK_WALK,31,0.004838709677419356,0.9793899192479512,0.004838747441032666,0.1889822365046136,NO_KNOWN_OVERLAP,INCLUDE_PRIMARY_INDEPENDENT,0.9931293296828098
GSE95233,SIG002,T2,T48,HALLMARK_TGF_BETA_SIGNALING,HALLMARK_SECONDARY,SSGSEA_RANK_WALK,31,-0.09193548387096774,0.6228014204352906,-0.09219582238629231,0.1889822365046136,NO_KNOWN_OVERLAP,INCLUDE_PRIMARY_INDEPENDENT,0.8805123530292039
GSE95233,SIG002,T2,T48,HALLMARK_TNFA_SIGNALING_VIA_NFKB,PRESET_PRIMARY,SSGSEA_RANK_WALK,31,-0.06411290322580646,0.7318624408796814,-0.06420096511444352,0.1889822365046136,NO_KNOWN_OVERLAP,INCLUDE_PRIMARY_INDEPENDENT,0.8805886437049149
GSE95233,SIG002,T2,T48,HALLMARK_UNFOLDED_PROTEIN_RESPONSE,HALLMARK_SECONDARY,SSGSEA_RANK_WALK,31,-0.16975806451612904,0.3612515851458483,-0.1714175385468073,0.1889822365046136,NO_KNOWN_OVERLAP,INCLUDE_PRIMARY_INDEPENDENT,0.8805123530292039
GSE95233,SIG002,T2,T48,HALLMARK_UV_RESPONSE_DN,HALLMARK_SECONDARY,SSGSEA_RANK_WALK,31,0.18790322580645163,0.3114132177677687,0.19016276187203404,0.1889822365046136,NO_KNOWN_OVERLAP,INCLUDE_PRIMARY_INDEPENDENT,0.8805123530292039
GSE95233,SIG002,T2,T48,HALLMARK_UV_RESPONSE_UP,HALLMARK_SECONDARY,SSGSEA_RANK_WALK,31,-0.18790322580645163,0.3114132177677687,-0.19016276187203404,0.1889822365046136,NO_KNOWN_OVERLAP,INCLUDE_PRIMARY_INDEPENDENT,0.8805123530292039
GSE95233,SIG002,T2,T48,HALLMARK_WNT_BETA_CATENIN_SIGNALING,HALLMARK_SECONDARY,SSGSEA_RANK_WALK,31,-0.16975806451612904,0.3612515851458483,-0.1714175385468073,0.1889822365046136,NO_KNOWN_OVERLAP,INCLUDE_PRIMARY_INDEPENDENT,0.8805123530292039
GSE95233,SIG002,T2,T48,HALLMARK_XENOBIOTIC_METABOLISM,HALLMARK_SECONDARY,SSGSEA_RANK_WALK,31,-0.1810483870967742,0.32971070202871466,-0.1830663926236744,0.1889822365046136,NO_KNOWN_OVERLAP,INCLUDE_PRIMARY_INDEPENDENT,0.8805123530292039
GSE95233,SIG002,T2,T48,Neutrophil degranulation,REACTOME_SUPPLEMENT,SSGSEA_RANK_WALK,31,0.08870967741935484,0.6351041874688885,0.08894347986304445,0.1889822365046136,NO_KNOWN_OVERLAP,INCLUDE_PRIMARY_INDEPENDENT,0.6916152730135307
GSE95233,SIG002,T2,T48,TCR signaling,REACTOME_SUPPLEMENT,SSGSEA_RANK_WALK,31,-0.07419354838709677,0.6916152730135307,-0.07433013711041135,0.1889822365046136,NO_KNOWN_OVERLAP,INCLUDE_PRIMARY_INDEPENDENT,0.6916152730135307
GSE95233,SIG003,T1,T24,HALLMARK_ADIPOGENESIS,HALLMARK_SECONDARY,SSGSEA_RANK_WALK,20,-0.21052631578947367,0.3729699095048,-0.2137220074134698,0.24253562503633297,NO_KNOWN_OVERLAP,INCLUDE_PRIMARY_INDEPENDENT,0.5824012843257799
GSE95233,SIG003,T1,T24,HALLMARK_ALLOGRAFT_REJECTION,PRESET_PRIMARY,SSGSEA_RANK_WALK,20,-0.7187969924812029,0.0003559194073895134,-0.9051515234701117,0.24253562503633297,NO_KNOWN_OVERLAP,INCLUDE_PRIMARY_INDEPENDENT,0.0032032746665056205
GSE95233,SIG003,T1,T24,HALLMARK_ANDROGEN_RESPONSE,HALLMARK_SECONDARY,SSGSEA_RANK_WALK,20,0.2120300751879699,0.36948599387790193,0.21529602909279305,0.24253562503633297,NO_KNOWN_OVERLAP,INCLUDE_PRIMARY_INDEPENDENT,0.5824012843257799
GSE95233,SIG003,T1,T24,HALLMARK_ANGIOGENESIS,HALLMARK_SECONDARY,SSGSEA_RANK_WALK,20,-0.306766917293233,0.18832319847855758,-0.3169725411343717,0.24253562503633297,NO_KNOWN_OVERLAP,INCLUDE_PRIMARY_INDEPENDENT,0.4289583965344923
GSE95233,SIG003,T1,T24,HALLMARK_APICAL_JUNCTION,HALLMARK_SECONDARY,SSGSEA_RANK_WALK,20,-0.28120300751879695,0.22974103217104477,-0.28898789716892986,0.24253562503633297,NO_KNOWN_OVERLAP,INCLUDE_PRIMARY_INDEPENDENT,0.47096911595064184
GSE95233,SIG003,T1,T24,HALLMARK_APICAL_SURFACE,HALLMARK_SECONDARY,SSGSEA_RANK_WALK,20,-0.5548872180451127,0.011103504265934561,-0.6254153003721569,0.24253562503633297,NO_KNOWN_OVERLAP,INCLUDE_PRIMARY_INDEPENDENT,0.06503481070047386
GSE95233,SIG003,T1,T24,HALLMARK_APOPTOSIS,PRESET_PRIMARY,SSGSEA_RANK_WALK,20,-0.45714285714285713,0.042718510627876995,-0.4936933267789426,0.24253562503633297,NO_KNOWN_OVERLAP,INCLUDE_PRIMARY_INDEPENDENT,0.1922332978254465
GSE95233,SIG003,T1,T24,HALLMARK_BILE_ACID_METABOLISM,HALLMARK_SECONDARY,SSGSEA_RANK_WALK,20,0.1789473684210526,0.45032544160933996,0.1808950223027514,0.24253562503633297,NO_KNOWN_OVERLAP,INCLUDE_PRIMARY_INDEPENDENT,0.6594051109279622
GSE95233,SIG003,T1,T24,HALLMARK_CHOLESTEROL_HOMEOSTASIS,HALLMARK_SECONDARY,SSGSEA_RANK_WALK,20,0.16240601503759397,0.4939125443630319,0.16385690433006897,0.24253562503633297,NO_KNOWN_OVERLAP,INCLUDE_PRIMARY_INDEPENDENT,0.6750138106294769
GSE95233,SIG003,T1,T24,HALLMARK_COAGULATION,PRESET_PRIMARY,SSGSEA_RANK_WALK,20,0.11278195488721804,0.6359170579042353,0.11326382464922514,0.24253562503633297,NO_KNOWN_OVERLAP,INCLUDE_PRIMARY_INDEPENDENT,0.7154066901422647
GSE95233,SIG003,T1,T24,HALLMARK_COMPLEMENT,PRESET_PRIMARY,SSGSEA_RANK_WALK,20,-0.08270676691729321,0.7288508763559796,-0.082896127421372,0.24253562503633297,NO_KNOWN_OVERLAP,INCLUDE_PRIMARY_INDEPENDENT,0.7288508763559796
GSE95233,SIG003,T1,T24,HALLMARK_DNA_REPAIR,HALLMARK_SECONDARY,SSGSEA_RANK_WALK,20,-0.6872180451127818,0.0008149369421759723,-0.8426650031906616,0.24253562503633297,NO_KNOWN_OVERLAP,INCLUDE_PRIMARY_INDEPENDENT,0.011989283688539144
GSE95233,SIG003,T1,T24,HALLMARK_E2F_TARGETS,HALLMARK_SECONDARY,SSGSEA_RANK_WALK,20,-0.41353383458646614,0.06992073829262123,-0.43986656807017865,0.24253562503633297,NO_KNOWN_OVERLAP,INCLUDE_PRIMARY_INDEPENDENT,0.19111668466649803
GSE95233,SIG003,T1,T24,HALLMARK_EPITHELIAL_MESENCHYMAL_TRANSITION,HALLMARK_SECONDARY,SSGSEA_RANK_WALK,20,-0.16240601503759397,0.4939125443630319,-0.16385690433006897,0.24253562503633297,NO_KNOWN_OVERLAP,INCLUDE_PRIMARY_INDEPENDENT,0.6750138106294769
GSE95233,SIG003,T1,T24,HALLMARK_ESTROGEN_RESPONSE_EARLY,HALLMARK_SECONDARY,SSGSEA_RANK_WALK,20,-0.20601503759398496,0.3835325530925867,-0.2090061620801265,0.24253562503633297,NO_KNOWN_OVERLAP,INCLUDE_PRIMARY_INDEPENDENT,0.5824012843257799
GSE95233,SIG003,T1,T24,HALLMARK_ESTROGEN_RESPONSE_LATE,HALLMARK_SECONDARY,SSGSEA_RANK_WALK,20,-0.42556390977443603,0.06138492007540436,-0.45446694682422323,0.24253562503633297,NO_KNOWN_OVERLAP,INCLUDE_PRIMARY_INDEPENDENT,0.19111668466649803
GSE95233,SIG003,T1,T24,HALLMARK_FATTY_ACID_METABOLISM,HALLMARK_SECONDARY,SSGSEA_RANK_WALK,20,-0.018045112781954885,0.9398091995407436,-0.018047071817921964,0.24253562503633297,NO_KNOWN_OVERLAP,INCLUDE_PRIMARY_INDEPENDENT,0.9598534442846786
GSE95233,SIG003,T1,T24,HALLMARK_G2M_CHECKPOINT,HALLMARK_SECONDARY,SSGSEA_RANK_WALK,20,-0.41353383458646614,0.06992073829262123,-0.43986656807017865,0.24253562503633297,NO_KNOWN_OVERLAP,INCLUDE_PRIMARY_INDEPENDENT,0.19111668466649803
GSE95233,SIG003,T1,T24,HALLMARK_GLYCOLYSIS,HALLMARK_SECONDARY,SSGSEA_RANK_WALK,20,-0.2120300751879699,0.36948599387790193,-0.21529602909279305,0.24253562503633297,NO_KNOWN_OVERLAP,INCLUDE_PRIMARY_INDEPENDENT,0.5824012843257799
GSE95233,SIG003,T1,T24,HALLMARK_HEDGEHOG_SIGNALING,HALLMARK_SECONDARY,SSGSEA_RANK_WALK,20,0.04661654135338346,0.8452698052894374,0.04665035294859686,0.24253562503633297,NO_KNOWN_OVERLAP,INCLUDE_PRIMARY_INDEPENDENT,0.9366503247801874
GSE95233,SIG003,T1,T24,HALLMARK_HEME_METABOLISM,HALLMARK_SECONDARY,SSGSEA_RANK_WALK,20,-0.4661654135338345,0.03829049887630508,-0.5051598407612156,0.24253562503633297,NO_KNOWN_OVERLAP,INCLUDE_PRIMARY_INDEPENDENT,0.15699104539285086
GSE95233,SIG003,T1,T24,HALLMARK_HYPOXIA,HALLMARK_SECONDARY,SSGSEA_RANK_WALK,20,-0.12030075187969923,0.6134176645307821,-0.1208861855738515,0.24253562503633297,NO_KNOWN_OVERLAP,INCLUDE_PRIMARY_INDEPENDENT,0.7185749784503447
GSE95233,SIG003,T1,T24,HALLMARK_IL2_STAT5_SIGNALING,HALLMARK_SECONDARY,SSGSEA_RANK_WALK,20,-0.6571428571428571,0.0016430876042342415,-0.7877681803792095,0.24253562503633297,NO_KNOWN_OVERLAP,INCLUDE_PRIMARY_INDEPENDENT,0.016841647943400977
GSE95233,SIG003,T1,T24,HALLMARK_IL6_JAK_STAT3_SIGNALING,HALLMARK_SECONDARY,SSGSEA_RANK_WALK,20,0.12932330827067667,0.586852724489982,0.13005158709556972,0.24253562503633297,NO_KNOWN_OVERLAP,INCLUDE_PRIMARY_INDEPENDENT,0.7076753442379194
GSE95233,SIG003,T1,T24,HALLMARK_INFLAMMATORY_RESPONSE,PRESET_PRIMARY,SSGSEA_RANK_WALK,20,-0.13834586466165413,0.5607873732874131,-0.1392387683613546,0.24253562503633297,NO_KNOWN_OVERLAP,INCLUDE_PRIMARY_INDEPENDENT,0.7154066901422647
GSE95233,SIG003,T1,T24,HALLMARK_INTERFERON_ALPHA_RESPONSE,PRESET_PRIMARY,SSGSEA_RANK_WALK,20,-0.1263157894736842,0.5956535128148985,-0.1269941133326541,0.24253562503633297,NO_KNOWN_OVERLAP,INCLUDE_PRIMARY_INDEPENDENT,0.7154066901422647
GSE95233,SIG003,T1,T24,HALLMARK_INTERFERON_GAMMA_RESPONSE,PRESET_PRIMARY,SSGSEA_RANK_WALK,20,-0.19999999999999998,0.39787297935196153,-0.20273255405408216,0.24253562503633297,NO_KNOWN_OVERLAP,INCLUDE_PRIMARY_INDEPENDENT,0.7154066901422647
GSE95233,SIG003,T1,T24,HALLMARK_KRAS_SIGNALING_DN,HALLMARK_SECONDARY,SSGSEA_RANK_WALK,20,0.03909774436090225,0.8700037043301221,0.039117684695067545,0.24253562503633297,NO_KNOWN_OVERLAP,INCLUDE_PRIMARY_INDEPENDENT,0.9386882073035527
GSE95233,SIG003,T1,T24,HALLMARK_KRAS_SIGNALING_UP,HALLMARK_SECONDARY,SSGSEA_RANK_WALK,20,-0.24360902255639094,0.3006681944004437,-0.24860726246197604,0.24253562503633297,NO_KNOWN_OVERLAP,INCLUDE_PRIMARY_INDEPENDENT,0.5824012843257799
GSE95233,SIG003,T1,T24,HALLMARK_MITOTIC_SPINDLE,HALLMARK_SECONDARY,SSGSEA_RANK_WALK,20,-0.021052631578947364,0.9297994024457079,-0.021055742675063438,0.24253562503633297,NO_KNOWN_OVERLAP,INCLUDE_PRIMARY_INDEPENDENT,0.9598534442846786
GSE95233,SIG003,T1,T24,HALLMARK_MTORC1_SIGNALING,HALLMARK_SECONDARY,SSGSEA_RANK_WALK,20,-0.4060150375939849,0.0756893721143978,-0.43083038219378245,0.24253562503633297,NO_KNOWN_OVERLAP,INCLUDE_PRIMARY_INDEPENDENT,0.19395401604314436
GSE95233,SIG003,T1,T24,HALLMARK_MYC_TARGETS_V1,HALLMARK_SECONDARY,SSGSEA_RANK_WALK,20,-0.6045112781954887,0.00475310082409381,-0.7002261095619944,0.24253562503633297,NO_KNOWN_OVERLAP,INCLUDE_PRIMARY_INDEPENDENT,0.03827651370550715
GSE95233,SIG003,T1,T24,HALLMARK_MYC_TARGETS_V2,HALLMARK_SECONDARY,SSGSEA_RANK_WALK,20,-0.7593984962406014,0.00010303152627878628,-0.9947926062789872,0.24253562503633297,NO_KNOWN_OVERLAP,INCLUDE_PRIMARY_INDEPENDENT,0.0042242925774302375
GSE95233,SIG003,T1,T24,HALLMARK_MYOGENESIS,HALLMARK_SECONDARY,SSGSEA_RANK_WALK,20,-0.4360902255639097,0.054584099673222065,-0.4673926572551596,0.24253562503633297,NO_KNOWN_OVERLAP,INCLUDE_PRIMARY_INDEPENDENT,0.18649567388350874
GSE95233,SIG003,T1,T24,HALLMARK_NOTCH_SIGNALING,HALLMARK_SECONDARY,SSGSEA_RANK_WALK,20,0.4466165413533834,0.04837283310926692,0.48046575624838767,0.24253562503633297,NO_KNOWN_OVERLAP,INCLUDE_PRIMARY_INDEPENDENT,0.1802987415890858
GSE95233,SIG003,T1,T24,HALLMARK_OXIDATIVE_PHOSPHORYLATION,PRESET_PRIMARY,SSGSEA_RANK_WALK,20,-0.27368421052631575,0.24296636906130623,-0.28084202049974083,0.24253562503633297,NO_KNOWN_OVERLAP,INCLUDE_PRIMARY_INDEPENDENT,0.7154066901422647
GSE95233,SIG003,T1,T24,HALLMARK_P53_PATHWAY,HALLMARK_SECONDARY,SSGSEA_RANK_WALK,20,-0.08571428571428572,0.7193660879190987,-0.08592512846332961,0.24253562503633297,NO_KNOWN_OVERLAP,INCLUDE_PRIMARY_INDEPENDENT,0.8192780445745291
GSE95233,SIG003,T1,T24,HALLMARK_PANCREAS_BETA_CELLS,HALLMARK_SECONDARY,SSGSEA_RANK_WALK,20,-0.23157894736842105,0.325898627038793,-0.2358572468246825,0.24253562503633297,NO_KNOWN_OVERLAP,INCLUDE_PRIMARY_INDEPENDENT,0.5824012843257799
GSE95233,SIG003,T1,T24,HALLMARK_PEROXISOME,HALLMARK_SECONDARY,SSGSEA_RANK_WALK,20,-0.14586466165413534,0.5394664944297437,-0.14691256848274745,0.24253562503633297,NO_KNOWN_OVERLAP,INCLUDE_PRIMARY_INDEPENDENT,0.6911914459881091
GSE95233,SIG003,T1,T24,HALLMARK_PI3K_AKT_MTOR_SIGNALING,HALLMARK_SECONDARY,SSGSEA_RANK_WALK,20,-0.6842105263157895,0.0008772646601370105,-0.8369882167858358,0.24253562503633297,NO_KNOWN_OVERLAP,INCLUDE_PRIMARY_INDEPENDENT,0.011989283688539144
GSE95233,SIG003,T1,T24,HALLMARK_PROTEIN_SECRETION,HALLMARK_SECONDARY,SSGSEA_RANK_WALK,20,0.5954887218045113,0.005601441030074217,0.686127879506072,0.24253562503633297,NO_KNOWN_OVERLAP,INCLUDE_PRIMARY_INDEPENDENT,0.03827651370550715
GSE95233,SIG003,T1,T24,HALLMARK_REACTIVE_OXYGEN_SPECIES_PATHWAY,HALLMARK_SECONDARY,SSGSEA_RANK_WALK,20,-0.22105263157894736,0.3489737543021465,-0.22476254895109743,0.24253562503633297,NO_KNOWN_OVERLAP,INCLUDE_PRIMARY_INDEPENDENT,0.5824012843257799
GSE95233,SIG003,T1,T24,HALLMARK_SPERMATOGENESIS,HALLMARK_SECONDARY,SSGSEA_RANK_WALK,20,-0.28872180451127816,0.21699266668730374,-0.29717126505292335,0.24253562503633297,NO_KNOWN_OVERLAP,INCLUDE_PRIMARY_INDEPENDENT,0.468247333377866
GSE95233,SIG003,T1,T24,HALLMARK_TGF_BETA_SIGNALING,HALLMARK_SECONDARY,SSGSEA_RANK_WALK,20,0.5082706766917292,0.022124780463792442,0.5603953085323409,0.24253562503633297,NO_KNOWN_OVERLAP,INCLUDE_PRIMARY_INDEPENDENT,0.10079066655727668
GSE95233,SIG003,T1,T24,HALLMARK_TNFA_SIGNALING_VIA_NFKB,PRESET_PRIMARY,SSGSEA_RANK_WALK,20,-0.19097744360902258,0.41992697220250474,-0.19335141582632073,0.24253562503633297,NO_KNOWN_OVERLAP,INCLUDE_PRIMARY_INDEPENDENT,0.7154066901422647
GSE95233,SIG003,T1,T24,HALLMARK_UNFOLDED_PROTEIN_RESPONSE,HALLMARK_SECONDARY,SSGSEA_RANK_WALK,20,-0.5218045112781955,0.01828494348209759,-0.578816233533617,0.24253562503633297,NO_KNOWN_OVERLAP,INCLUDE_PRIMARY_INDEPENDENT,0.09371033534575014
GSE95233,SIG003,T1,T24,HALLMARK_UV_RESPONSE_DN,HALLMARK_SECONDARY,SSGSEA_RANK_WALK,20,0.012030075187969924,0.9598534442846784,0.012030655580058646,0.24253562503633297,NO_KNOWN_OVERLAP,INCLUDE_PRIMARY_INDEPENDENT,0.9598534442846786
GSE95233,SIG003,T1,T24,HALLMARK_UV_RESPONSE_UP,HALLMARK_SECONDARY,SSGSEA_RANK_WALK,20,-0.33533834586466166,0.14835729861849292,-0.348830930457236,0.24253562503633297,NO_KNOWN_OVERLAP,INCLUDE_PRIMARY_INDEPENDENT,0.35780289666813
GSE95233,SIG003,T1,T24,HALLMARK_WNT_BETA_CATENIN_SIGNALING,HALLMARK_SECONDARY,SSGSEA_RANK_WALK,20,-0.13233082706766916,0.5781074593622941,-0.133111480645897,0.24253562503633297,NO_KNOWN_OVERLAP,INCLUDE_PRIMARY_INDEPENDENT,0.7076753442379194
GSE95233,SIG003,T1,T24,HALLMARK_XENOBIOTIC_METABOLISM,HALLMARK_SECONDARY,SSGSEA_RANK_WALK,20,0.14586466165413534,0.5394664944297437,0.14691256848274745,0.24253562503633297,NO_KNOWN_OVERLAP,INCLUDE_PRIMARY_INDEPENDENT,0.6911914459881091
GSE95233,SIG003,T1,T24,Neutrophil degranulation,REACTOME_SUPPLEMENT,SSGSEA_RANK_WALK,20,-0.19097744360902258,0.41992697220250474,-0.19335141582632073,0.24253562503633297,NO_KNOWN_OVERLAP,INCLUDE_PRIMARY_INDEPENDENT,0.41992697220250474
GSE95233,SIG003,T1,T24,TCR signaling,REACTOME_SUPPLEMENT,SSGSEA_RANK_WALK,20,-0.593984962406015,0.005754247539586482,-0.6838011140538689,0.24253562503633297,NO_KNOWN_OVERLAP,INCLUDE_PRIMARY_INDEPENDENT,0.011508495079172964
GSE95233,SIG003,T2,T48,HALLMARK_ADIPOGENESIS,HALLMARK_SECONDARY,SSGSEA_RANK_WALK,31,0.20322580645161292,0.27285701338158,0.20609504150791919,0.1889822365046136,NO_KNOWN_OVERLAP,INCLUDE_PRIMARY_INDEPENDENT,0.5327208356497515
GSE95233,SIG003,T2,T48,HALLMARK_ALLOGRAFT_REJECTION,PRESET_PRIMARY,SSGSEA_RANK_WALK,31,-0.6241935483870968,0.0001750230759848822,-0.7318462195764309,0.1889822365046136,NO_KNOWN_OVERLAP,INCLUDE_PRIMARY_INDEPENDENT,0.00157520768386394
GSE95233,SIG003,T2,T48,HALLMARK_ANDROGEN_RESPONSE,HALLMARK_SECONDARY,SSGSEA_RANK_WALK,31,0.18911290322580646,0.3082514424532381,0.1914170095213121,0.1889822365046136,NO_KNOWN_OVERLAP,INCLUDE_PRIMARY_INDEPENDENT,0.5494917017644679
GSE95233,SIG003,T2,T48,HALLMARK_ANGIOGENESIS,HALLMARK_SECONDARY,SSGSEA_RANK_WALK,31,-0.11370967741935485,0.5424765201717012,-0.1142035995028354,0.1889822365046136,NO_KNOWN_OVERLAP,INCLUDE_PRIMARY_INDEPENDENT,0.7405082908208875
GSE95233,SIG003,T2,T48,HALLMARK_APICAL_JUNCTION,HALLMARK_SECONDARY,SSGSEA_RANK_WALK,31,-0.13870967741935486,0.4567710138270421,-0.1396096992665236,0.1889822365046136,NO_KNOWN_OVERLAP,INCLUDE_PRIMARY_INDEPENDENT,0.702163841686648
GSE95233,SIG003,T2,T48,HALLMARK_APICAL_SURFACE,HALLMARK_SECONDARY,SSGSEA_RANK_WALK,31,-0.3270161290322581,0.07254807235495975,-0.33948341264075244,0.1889822365046136,NO_KNOWN_OVERLAP,INCLUDE_PRIMARY_INDEPENDENT,0.22880545896564228
GSE95233,SIG003,T2,T48,HALLMARK_APOPTOSIS,PRESET_PRIMARY,SSGSEA_RANK_WALK,31,0.04274193548387097,0.8194117265731522,0.042767992081094726,0.1889822365046136,NO_KNOWN_OVERLAP,INCLUDE_PRIMARY_INDEPENDENT,0.8194117265731522
GSE95233,SIG003,T2,T48,HALLMARK_BILE_ACID_METABOLISM,HALLMARK_SECONDARY,SSGSEA_RANK_WALK,31,0.22943548387096774,0.21438765275572907,0.23359350137399087,0.1889822365046136,NO_KNOWN_OVERLAP,INCLUDE_PRIMARY_INDEPENDENT,0.44803500012898495
GSE95233,SIG003,T2,T48,HALLMARK_CHOLESTEROL_HOMEOSTASIS,HALLMARK_SECONDARY,SSGSEA_RANK_WALK,31,0.5431451612903226,0.0015917461466616416,0.6086061121988481,0.1889822365046136,NO_KNOWN_OVERLAP,INCLUDE_PRIMARY_INDEPENDENT,0.021753864004375772
GSE95233,SIG003,T2,T48,HALLMARK_COAGULATION,PRESET_PRIMARY,SSGSEA_RANK_WALK,31,0.30000000000000004,0.10106616727684609,0.30951960420311175,0.1889822365046136,NO_KNOWN_OVERLAP,INCLUDE_PRIMARY_INDEPENDENT,0.18191910109832293
GSE95233,SIG003,T2,T48,HALLMARK_COMPLEMENT,PRESET_PRIMARY,SSGSEA_RANK_WALK,31,0.47701612903225804,0.006661460218346732,0.5191142892311853,0.1889822365046136,NO_KNOWN_OVERLAP,INCLUDE_PRIMARY_INDEPENDENT,0.029976570982560295
GSE95233,SIG003,T2,T48,HALLMARK_DNA_REPAIR,HALLMARK_SECONDARY,SSGSEA_RANK_WALK,31,-0.3637096774193549,0.0442926182012469,-0.3811545140263531,0.1889822365046136,NO_KNOWN_OVERLAP,INCLUDE_PRIMARY_INDEPENDENT,0.22699966828139037
GSE95233,SIG003,T2,T48,HALLMARK_E2F_TARGETS,HALLMARK_SECONDARY,SSGSEA_RANK_WALK,31,-0.2625,0.15368472332952357,-0.26879153646777,0.1889822365046136,NO_KNOWN_OVERLAP,INCLUDE_PRIMARY_INDEPENDENT,0.42007157710069776
GSE95233,SIG003,T2,T48,HALLMARK_EPITHELIAL_MESENCHYMAL_TRANSITION,HALLMARK_SECONDARY,SSGSEA_RANK_WALK,31,0.10241935483870969,0.5835146386097445,0.10277974272420239,0.1889822365046136,NO_KNOWN_OVERLAP,INCLUDE_PRIMARY_INDEPENDENT,0.7476281307187351
GSE95233,SIG003,T2,T48,HALLMARK_ESTROGEN_RESPONSE_EARLY,HALLMARK_SECONDARY,SSGSEA_RANK_WALK,31,-0.13185483870967743,0.479526526029906,-0.13262703949875973,0.1889822365046136,NO_KNOWN_OVERLAP,INCLUDE_PRIMARY_INDEPENDENT,0.702163841686648
GSE95233,SIG003,T2,T48,HALLMARK_ESTROGEN_RESPONSE_LATE,HALLMARK_SECONDARY,SSGSEA_RANK_WALK,31,-0.06895161290322582,0.7124488925248612,-0.0690611984672651,0.1889822365046136,NO_KNOWN_OVERLAP,INCLUDE_PRIMARY_INDEPENDENT,0.8109827047585659
GSE95233,SIG003,T2,T48,HALLMARK_FATTY_ACID_METABOLISM,HALLMARK_SECONDARY,SSGSEA_RANK_WALK,31,0.0072580645161290334,0.9690889496220318,0.007258191970562084,0.1889822365046136,NO_KNOWN_OVERLAP,INCLUDE_PRIMARY_INDEPENDENT,0.9811071080676425
GSE95233,SIG003,T2,T48,HALLMARK_G2M_CHECKPOINT,HALLMARK_SECONDARY,SSGSEA_RANK_WALK,31,-0.25000000000000006,0.17497390386838457,-0.2554128118829954,0.1889822365046136,NO_KNOWN_OVERLAP,INCLUDE_PRIMARY_INDEPENDENT,0.43602434073503865
GSE95233,SIG003,T2,T48,HALLMARK_GLYCOLYSIS,HALLMARK_SECONDARY,SSGSEA_RANK_WALK,31,-0.06411290322580646,0.7318624408796814,-0.06420096511444352,0.1889822365046136,NO_KNOWN_OVERLAP,INCLUDE_PRIMARY_INDEPENDENT,0.8109827047585659
GSE95233,SIG003,T2,T48,HALLMARK_HEDGEHOG_SIGNALING,HALLMARK_SECONDARY,SSGSEA_RANK_WALK,31,0.08467741935483872,0.6506175701532939,0.08488068106021822,0.1889822365046136,NO_KNOWN_OVERLAP,INCLUDE_PRIMARY_INDEPENDENT,0.7658071296381066
GSE95233,SIG003,T2,T48,HALLMARK_HEME_METABOLISM,HALLMARK_SECONDARY,SSGSEA_RANK_WALK,31,-0.23588709677419356,0.2014221271478866,-0.24041436542689254,0.1889822365046136,NO_KNOWN_OVERLAP,INCLUDE_PRIMARY_INDEPENDENT,0.44803500012898495
GSE95233,SIG003,T2,T48,HALLMARK_HYPOXIA,HALLMARK_SECONDARY,SSGSEA_RANK_WALK,31,0.011290322580645162,0.9519323200315777,0.011290802348354648,0.1889822365046136,NO_KNOWN_OVERLAP,INCLUDE_PRIMARY_INDEPENDENT,0.9811071080676425
GSE95233,SIG003,T2,T48,HALLMARK_IL2_STAT5_SIGNALING,HALLMARK_SECONDARY,SSGSEA_RANK_WALK,31,-0.19637096774193552,0.28970499833184016,-0.1989551500390136,0.1889822365046136,NO_KNOWN_OVERLAP,INCLUDE_PRIMARY_INDEPENDENT,0.5399047696184294
GSE95233,SIG003,T2,T48,HALLMARK_IL6_JAK_STAT3_SIGNALING,HALLMARK_SECONDARY,SSGSEA_RANK_WALK,31,0.7487903225806453,1.2660981510896788e-06,0.9701958125239568,0.1889822365046136,NO_KNOWN_OVERLAP,INCLUDE_PRIMARY_INDEPENDENT,5.191002419467683e-05
GSE95233,SIG003,T2,T48,HALLMARK_INFLAMMATORY_RESPONSE,PRESET_PRIMARY,SSGSEA_RANK_WALK,31,0.33830645161290324,0.06267067867059958,0.3521788603149419,0.1889822365046136,NO_KNOWN_OVERLAP,INCLUDE_PRIMARY_INDEPENDENT,0.14100902700884907
GSE95233,SIG003,T2,T48,HALLMARK_INTERFERON_ALPHA_RESPONSE,PRESET_PRIMARY,SSGSEA_RANK_WALK,31,0.21612903225806454,0.24289952333783013,0.2195918720537312,0.1889822365046136,NO_KNOWN_OVERLAP,INCLUDE_PRIMARY_INDEPENDENT,0.31229938714863875
GSE95233,SIG003,T2,T48,HALLMARK_INTERFERON_GAMMA_RESPONSE,PRESET_PRIMARY,SSGSEA_RANK_WALK,31,0.22862903225806452,0.21604749734808074,0.2327424047727281,0.1889822365046136,NO_KNOWN_OVERLAP,INCLUDE_PRIMARY_INDEPENDENT,0.31229938714863875
GSE95233,SIG003,T2,T48,HALLMARK_KRAS_SIGNALING_DN,HALLMARK_SECONDARY,SSGSEA_RANK_WALK,31,0.004435483870967742,0.9811071080676426,0.004435512958500459,0.1889822365046136,NO_KNOWN_OVERLAP,INCLUDE_PRIMARY_INDEPENDENT,0.9811071080676425
GSE95233,SIG003,T2,T48,HALLMARK_KRAS_SIGNALING_UP,HALLMARK_SECONDARY,SSGSEA_RANK_WALK,31,0.14112903225806453,0.448879259209334,0.14207736596690626,0.1889822365046136,NO_KNOWN_OVERLAP,INCLUDE_PRIMARY_INDEPENDENT,0.702163841686648
GSE95233,SIG003,T2,T48,HALLMARK_MITOTIC_SPINDLE,HALLMARK_SECONDARY,SSGSEA_RANK_WALK,31,0.18145161290322584,0.32861648994589543,0.18348331498764003,0.1889822365046136,NO_KNOWN_OVERLAP,INCLUDE_PRIMARY_INDEPENDENT,0.5613865036575714
GSE95233,SIG003,T2,T48,HALLMARK_MTORC1_SIGNALING,HALLMARK_SECONDARY,SSGSEA_RANK_WALK,31,-0.08387096774193549,0.6537377935935056,-0.0840684609009991,0.1889822365046136,NO_KNOWN_OVERLAP,INCLUDE_PRIMARY_INDEPENDENT,0.7658071296381066
GSE95233,SIG003,T2,T48,HALLMARK_MYC_TARGETS_V1,HALLMARK_SECONDARY,SSGSEA_RANK_WALK,31,-0.32943548387096777,0.070336060089776,-0.34219488193940173,0.1889822365046136,NO_KNOWN_OVERLAP,INCLUDE_PRIMARY_INDEPENDENT,0.22880545896564228
GSE95233,SIG003,T2,T48,HALLMARK_MYC_TARGETS_V2,HALLMARK_SECONDARY,SSGSEA_RANK_WALK,31,-0.5883064516129033,0.0004998086981924462,-0.6750721724031202,0.1889822365046136,NO_KNOWN_OVERLAP,INCLUDE_PRIMARY_INDEPENDENT,0.010246078312945146
GSE95233,SIG003,T2,T48,HALLMARK_MYOGENESIS,HALLMARK_SECONDARY,SSGSEA_RANK_WALK,31,-0.24677419354838712,0.18079058030477213,-0.2519748954592623,0.1889822365046136,NO_KNOWN_OVERLAP,INCLUDE_PRIMARY_INDEPENDENT,0.43602434073503865
GSE95233,SIG003,T2,T48,HALLMARK_NOTCH_SIGNALING,HALLMARK_SECONDARY,SSGSEA_RANK_WALK,31,0.3141129032258065,0.08526900604534206,0.32510204322084996,0.1889822365046136,NO_KNOWN_OVERLAP,INCLUDE_PRIMARY_INDEPENDENT,0.24971637484707318
GSE95233,SIG003,T2,T48,HALLMARK_OXIDATIVE_PHOSPHORYLATION,PRESET_PRIMARY,SSGSEA_RANK_WALK,31,-0.04556451612903226,0.8077006326714742,-0.045596088012340226,0.1889822365046136,NO_KNOWN_OVERLAP,INCLUDE_PRIMARY_INDEPENDENT,0.8194117265731522
GSE95233,SIG003,T2,T48,HALLMARK_P53_PATHWAY,HALLMARK_SECONDARY,SSGSEA_RANK_WALK,31,0.2274193548387097,0.21855365859950487,0.23146638022538532,0.1889822365046136,NO_KNOWN_OVERLAP,INCLUDE_PRIMARY_INDEPENDENT,0.44803500012898495
GSE95233,SIG003,T2,T48,HALLMARK_PANCREAS_BETA_CELLS,HALLMARK_SECONDARY,SSGSEA_RANK_WALK,31,-0.37379032258064515,0.03832023935900808,-0.39282179725613975,0.1889822365046136,NO_KNOWN_OVERLAP,INCLUDE_PRIMARY_INDEPENDENT,0.22444711624561875
GSE95233,SIG003,T2,T48,HALLMARK_PEROXISOME,HALLMARK_SECONDARY,SSGSEA_RANK_WALK,31,0.11008064516129033,0.5555175321771062,0.11052854944293547,0.1889822365046136,NO_KNOWN_OVERLAP,INCLUDE_PRIMARY_INDEPENDENT,0.7405082908208875
GSE95233,SIG003,T2,T48,HALLMARK_PI3K_AKT_MTOR_SIGNALING,HALLMARK_SECONDARY,SSGSEA_RANK_WALK,31,0.03387096774193548,0.8564559280836276,0.03388392940261034,0.1889822365046136,NO_KNOWN_OVERLAP,INCLUDE_PRIMARY_INDEPENDENT,0.9240708697744403
GSE95233,SIG003,T2,T48,HALLMARK_PROTEIN_SECRETION,HALLMARK_SECONDARY,SSGSEA_RANK_WALK,31,0.4088709677419355,0.022382995156207112,0.43425480412370254,0.1889822365046136,NO_KNOWN_OVERLAP,INCLUDE_PRIMARY_INDEPENDENT,0.22444711624561875
GSE95233,SIG003,T2,T48,HALLMARK_REACTIVE_OXYGEN_SPECIES_PATHWAY,HALLMARK_SECONDARY,SSGSEA_RANK_WALK,31,0.33709677419354844,0.06367562309909644,0.35081347031953025,0.1889822365046136,NO_KNOWN_OVERLAP,INCLUDE_PRIMARY_INDEPENDENT,0.22880545896564228
GSE95233,SIG003,T2,T48,HALLMARK_SPERMATOGENESIS,HALLMARK_SECONDARY,SSGSEA_RANK_WALK,31,-0.1366935483870968,0.4634034557016268,-0.1375546012622149,0.1889822365046136,NO_KNOWN_OVERLAP,INCLUDE_PRIMARY_INDEPENDENT,0.702163841686648
GSE95233,SIG003,T2,T48,HALLMARK_TGF_BETA_SIGNALING,HALLMARK_SECONDARY,SSGSEA_RANK_WALK,31,0.3770161290322581,0.03655235232161592,0.39657679133652235,0.1889822365046136,NO_KNOWN_OVERLAP,INCLUDE_PRIMARY_INDEPENDENT,0.22444711624561875
GSE95233,SIG003,T2,T48,HALLMARK_TNFA_SIGNALING_VIA_NFKB,PRESET_PRIMARY,SSGSEA_RANK_WALK,31,0.40645161290322585,0.023269193497061046,0.4313532428700244,0.1889822365046136,NO_KNOWN_OVERLAP,INCLUDE_PRIMARY_INDEPENDENT,0.06980758049118314
GSE95233,SIG003,T2,T48,HALLMARK_UNFOLDED_PROTEIN_RESPONSE,HALLMARK_SECONDARY,SSGSEA_RANK_WALK,31,-0.3411290322580645,0.060374097293922346,-0.3553696921664624,0.1889822365046136,NO_KNOWN_OVERLAP,INCLUDE_PRIMARY_INDEPENDENT,0.22880545896564228
GSE95233,SIG003,T2,T48,HALLMARK_UV_RESPONSE_DN,HALLMARK_SECONDARY,SSGSEA_RANK_WALK,31,0.3766129032258065,0.03676967088121242,0.3961068371035094,0.1889822365046136,NO_KNOWN_OVERLAP,INCLUDE_PRIMARY_INDEPENDENT,0.22444711624561875
GSE95233,SIG003,T2,T48,HALLMARK_UV_RESPONSE_UP,HALLMARK_SECONDARY,SSGSEA_RANK_WALK,31,-0.1088709677419355,0.5598965125718905,-0.10930419807440926,0.1889822365046136,NO_KNOWN_OVERLAP,INCLUDE_PRIMARY_INDEPENDENT,0.7405082908208875
GSE95233,SIG003,T2,T48,HALLMARK_WNT_BETA_CATENIN_SIGNALING,HALLMARK_SECONDARY,SSGSEA_RANK_WALK,31,-0.3298387096774194,0.06997254186540158,-0.3426472638520754,0.1889822365046136,NO_KNOWN_OVERLAP,INCLUDE_PRIMARY_INDEPENDENT,0.22880545896564228
GSE95233,SIG003,T2,T48,HALLMARK_XENOBIOTIC_METABOLISM,HALLMARK_SECONDARY,SSGSEA_RANK_WALK,31,0.08629032258064517,0.644394535852695,0.08650545769117884,0.1889822365046136,NO_KNOWN_OVERLAP,INCLUDE_PRIMARY_INDEPENDENT,0.7658071296381066
GSE95233,SIG003,T2,T48,Neutrophil degranulation,REACTOME_SUPPLEMENT,SSGSEA_RANK_WALK,31,0.5431451612903226,0.0015917461466616416,0.6086061121988481,0.1889822365046136,NO_KNOWN_OVERLAP,INCLUDE_PRIMARY_INDEPENDENT,0.003183492293323283
GSE95233,SIG003,T2,T48,TCR signaling,REACTOME_SUPPLEMENT,SSGSEA_RANK_WALK,31,-0.5072580645161291,0.003584618769492466,-0.5590309241419839,0.1889822365046136,NO_KNOWN_OVERLAP,INCLUDE_PRIMARY_INDEPENDENT,0.003584618769492466
GSE95233,SIG004,T1,T24,HALLMARK_ADIPOGENESIS,HALLMARK_SECONDARY,SSGSEA_RANK_WALK,20,0.24962406015037594,0.28851258969719185,0.25501184955196476,0.24253562503633297,NO_KNOWN_OVERLAP,INCLUDE_PRIMARY_INDEPENDENT,0.48882449387107074
GSE95233,SIG004,T1,T24,HALLMARK_ALLOGRAFT_REJECTION,PRESET_PRIMARY,SSGSEA_RANK_WALK,20,0.3488721804511278,0.13166317155695254,0.3641590670281531,0.24253562503633297,NO_KNOWN_OVERLAP,INCLUDE_PRIMARY_INDEPENDENT,0.23699370880251455
GSE95233,SIG004,T1,T24,HALLMARK_ANDROGEN_RESPONSE,HALLMARK_SECONDARY,SSGSEA_RANK_WALK,20,-0.24661654135338343,0.29455199407204263,-0.25180702702521507,0.24253562503633297,NO_KNOWN_OVERLAP,INCLUDE_PRIMARY_INDEPENDENT,0.48882449387107074
GSE95233,SIG004,T1,T24,HALLMARK_ANGIOGENESIS,HALLMARK_SECONDARY,SSGSEA_RANK_WALK,20,0.631578947368421,0.0028182871655732474,0.7440385277149164,0.24253562503633297,NO_KNOWN_OVERLAP,INCLUDE_PRIMARY_INDEPENDENT,0.02310995475770063
GSE95233,SIG004,T1,T24,HALLMARK_APICAL_JUNCTION,HALLMARK_SECONDARY,SSGSEA_RANK_WALK,20,0.41353383458646614,0.06992073829262123,0.43986656807017865,0.24253562503633297,NO_KNOWN_OVERLAP,INCLUDE_PRIMARY_INDEPENDENT,0.1791718918748419
GSE95233,SIG004,T1,T24,HALLMARK_APICAL_SURFACE,HALLMARK_SECONDARY,SSGSEA_RANK_WALK,20,0.5804511278195488,0.0072900732244842075,0.6631427945277926,0.24253562503633297,NO_KNOWN_OVERLAP,INCLUDE_PRIMARY_INDEPENDENT,0.03309831868982178
GSE95233,SIG004,T1,T24,HALLMARK_APOPTOSIS,PRESET_PRIMARY,SSGSEA_RANK_WALK,20,0.37744360902255636,0.10087319118710468,0.3970751954244079,0.24253562503633297,NO_KNOWN_OVERLAP,INCLUDE_PRIMARY_INDEPENDENT,0.22696468017098553
GSE95233,SIG004,T1,T24,HALLMARK_BILE_ACID_METABOLISM,HALLMARK_SECONDARY,SSGSEA_RANK_WALK,20,-0.2541353383458646,0.2795976355152773,-0.25982873781690957,0.24253562503633297,NO_KNOWN_OVERLAP,INCLUDE_PRIMARY_INDEPENDENT,0.48882449387107074
GSE95233,SIG004,T1,T24,HALLMARK_CHOLESTEROL_HOMEOSTASIS,HALLMARK_SECONDARY,SSGSEA_RANK_WALK,20,0.08270676691729321,0.7288508763559796,0.082896127421372,0.24253562503633297,NO_KNOWN_OVERLAP,INCLUDE_PRIMARY_INDEPENDENT,0.8076455656917612
GSE95233,SIG004,T1,T24,HALLMARK_COAGULATION,PRESET_PRIMARY,SSGSEA_RANK_WALK,20,0.29624060150375936,0.2047182974286218,0.30539348737302313,0.24253562503633297,NO_KNOWN_OVERLAP,INCLUDE_PRIMARY_INDEPENDENT,0.3070774461429327
GSE95233,SIG004,T1,T24,HALLMARK_COMPLEMENT,PRESET_PRIMARY,SSGSEA_RANK_WALK,20,0.45112781954887216,0.04588325880000641,0.4861153738782472,0.24253562503633297,NO_KNOWN_OVERLAP,INCLUDE_PRIMARY_INDEPENDENT,0.13764977640001924
GSE95233,SIG004,T1,T24,HALLMARK_DNA_REPAIR,HALLMARK_SECONDARY,SSGSEA_RANK_WALK,20,0.18045112781954886,0.4464646102705483,0.18244896155958218,0.24253562503633297,NO_KNOWN_OVERLAP,INCLUDE_PRIMARY_INDEPENDENT,0.6312085869342234
GSE95233,SIG004,T1,T24,HALLMARK_E2F_TARGETS,HALLMARK_SECONDARY,SSGSEA_RANK_WALK,20,-0.048120300751879695,0.8403389659546905,-0.04815749430817384,0.24253562503633297,NO_KNOWN_OVERLAP,INCLUDE_PRIMARY_INDEPENDENT,0.8613474401035578
GSE95233,SIG004,T1,T24,HALLMARK_EPITHELIAL_MESENCHYMAL_TRANSITION,HALLMARK_SECONDARY,SSGSEA_RANK_WALK,20,0.7278195488721804,0.00027529626409060167,0.9240751232914648,0.24253562503633297,NO_KNOWN_OVERLAP,INCLUDE_PRIMARY_INDEPENDENT,0.004663516240859299
GSE95233,SIG004,T1,T24,HALLMARK_ESTROGEN_RESPONSE_EARLY,HALLMARK_SECONDARY,SSGSEA_RANK_WALK,20,0.7443609022556391,0.00016739569998519392,0.9601884235250743,0.24253562503633297,NO_KNOWN_OVERLAP,INCLUDE_PRIMARY_INDEPENDENT,0.004663516240859299
GSE95233,SIG004,T1,T24,HALLMARK_ESTROGEN_RESPONSE_LATE,HALLMARK_SECONDARY,SSGSEA_RANK_WALK,20,0.5157894736842105,0.01991976345970367,0.5705859515434527,0.24253562503633297,NO_KNOWN_OVERLAP,INCLUDE_PRIMARY_INDEPENDENT,0.05833645013198933
GSE95233,SIG004,T1,T24,HALLMARK_FATTY_ACID_METABOLISM,HALLMARK_SECONDARY,SSGSEA_RANK_WALK,20,-0.13684210526315788,0.5650957921363965,-0.13770598992998326,0.24253562503633297,NO_KNOWN_OVERLAP,INCLUDE_PRIMARY_INDEPENDENT,0.724028983674758
GSE95233,SIG004,T1,T24,HALLMARK_G2M_CHECKPOINT,HALLMARK_SECONDARY,SSGSEA_RANK_WALK,20,0.04962406015037594,0.8354138453754828,0.04966485430775752,0.24253562503633297,NO_KNOWN_OVERLAP,INCLUDE_PRIMARY_INDEPENDENT,0.8613474401035578
GSE95233,SIG004,T1,T24,HALLMARK_GLYCOLYSIS,HALLMARK_SECONDARY,SSGSEA_RANK_WALK,20,0.14285714285714285,0.5479501508336087,0.14384103622589045,0.24253562503633297,NO_KNOWN_OVERLAP,INCLUDE_PRIMARY_INDEPENDENT,0.724028983674758
GSE95233,SIG004,T1,T24,HALLMARK_HEDGEHOG_SIGNALING,HALLMARK_SECONDARY,SSGSEA_RANK_WALK,20,0.6075187969924812,0.004495101001748822,0.7049792518511759,0.24253562503633297,NO_KNOWN_OVERLAP,INCLUDE_PRIMARY_INDEPENDENT,0.026328448724528813
GSE95233,SIG004,T1,T24,HALLMARK_HEME_METABOLISM,HALLMARK_SECONDARY,SSGSEA_RANK_WALK,20,0.6150375939849623,0.003900311298213227,0.7169839152946236,0.24253562503633297,NO_KNOWN_OVERLAP,INCLUDE_PRIMARY_INDEPENDENT,0.026328448724528813
GSE95233,SIG004,T1,T24,HALLMARK_HYPOXIA,HALLMARK_SECONDARY,SSGSEA_RANK_WALK,20,0.7203007518796991,0.0003412328956726316,0.9082697491132706,0.24253562503633297,NO_KNOWN_OVERLAP,INCLUDE_PRIMARY_INDEPENDENT,0.004663516240859299
GSE95233,SIG004,T1,T24,HALLMARK_IL2_STAT5_SIGNALING,HALLMARK_SECONDARY,SSGSEA_RANK_WALK,20,0.5834586466165413,0.006922690881578284,0.6676905029733184,0.24253562503633297,NO_KNOWN_OVERLAP,INCLUDE_PRIMARY_INDEPENDENT,0.03309831868982178
GSE95233,SIG004,T1,T24,HALLMARK_IL6_JAK_STAT3_SIGNALING,HALLMARK_SECONDARY,SSGSEA_RANK_WALK,20,-0.10526315789473684,0.6587277693915812,-0.10565454683360345,0.24253562503633297,NO_KNOWN_OVERLAP,INCLUDE_PRIMARY_INDEPENDENT,0.7943481925016126
GSE95233,SIG004,T1,T24,HALLMARK_INFLAMMATORY_RESPONSE,PRESET_PRIMARY,SSGSEA_RANK_WALK,20,0.4541353383458646,0.04427910416289476,0.4898978305942217,0.24253562503633297,NO_KNOWN_OVERLAP,INCLUDE_PRIMARY_INDEPENDENT,0.13764977640001924
GSE95233,SIG004,T1,T24,HALLMARK_INTERFERON_ALPHA_RESPONSE,PRESET_PRIMARY,SSGSEA_RANK_WALK,20,0.0015037593984962405,0.9949797739432688,0.0015037605319776423,0.24253562503633297,NO_KNOWN_OVERLAP,INCLUDE_PRIMARY_INDEPENDENT,0.9949797739432688
GSE95233,SIG004,T1,T24,HALLMARK_INTERFERON_GAMMA_RESPONSE,PRESET_PRIMARY,SSGSEA_RANK_WALK,20,0.19548872180451127,0.40881908952023194,0.19803768387916265,0.24253562503633297,NO_KNOWN_OVERLAP,INCLUDE_PRIMARY_INDEPENDENT,0.45992147571026093
GSE95233,SIG004,T1,T24,HALLMARK_KRAS_SIGNALING_DN,HALLMARK_SECONDARY,SSGSEA_RANK_WALK,20,0.09774436090225563,0.681832438507082,0.09805743946314523,0.24253562503633297,NO_KNOWN_OVERLAP,INCLUDE_PRIMARY_INDEPENDENT,0.7987179993940103
GSE95233,SIG004,T1,T24,HALLMARK_KRAS_SIGNALING_UP,HALLMARK_SECONDARY,SSGSEA_RANK_WALK,20,0.6451127819548872,0.0021306929704406788,0.7668820889781582,0.24253562503633297,NO_KNOWN_OVERLAP,INCLUDE_PRIMARY_INDEPENDENT,0.021839602947016958
GSE95233,SIG004,T1,T24,HALLMARK_MITOTIC_SPINDLE,HALLMARK_SECONDARY,SSGSEA_RANK_WALK,20,-0.18646616541353384,0.43119491043425096,-0.18867352099969636,0.24253562503633297,NO_KNOWN_OVERLAP,INCLUDE_PRIMARY_INDEPENDENT,0.6312085869342234
GSE95233,SIG004,T1,T24,HALLMARK_MTORC1_SIGNALING,HALLMARK_SECONDARY,SSGSEA_RANK_WALK,20,0.30075187969924805,0.19757966317255538,0.31034605067226145,0.24253562503633297,NO_KNOWN_OVERLAP,INCLUDE_PRIMARY_INDEPENDENT,0.42635611526709316
GSE95233,SIG004,T1,T24,HALLMARK_MYC_TARGETS_V1,HALLMARK_SECONDARY,SSGSEA_RANK_WALK,20,0.15939849624060148,0.5020524593517314,0.16076945020411515,0.24253562503633297,NO_KNOWN_OVERLAP,INCLUDE_PRIMARY_INDEPENDENT,0.6861383611140328
GSE95233,SIG004,T1,T24,HALLMARK_MYC_TARGETS_V2,HALLMARK_SECONDARY,SSGSEA_RANK_WALK,20,0.2706766917293233,0.24839056913669727,0.2775938682098453,0.24253562503633297,NO_KNOWN_OVERLAP,INCLUDE_PRIMARY_INDEPENDENT,0.4849530159335518
GSE95233,SIG004,T1,T24,HALLMARK_MYOGENESIS,HALLMARK_SECONDARY,SSGSEA_RANK_WALK,20,0.4646616541353384,0.039002619486165416,0.5032402863952523,0.24253562503633297,NO_KNOWN_OVERLAP,INCLUDE_PRIMARY_INDEPENDENT,0.10660715992885213
GSE95233,SIG004,T1,T24,HALLMARK_NOTCH_SIGNALING,HALLMARK_SECONDARY,SSGSEA_RANK_WALK,20,0.08872180451127819,0.7099206278927328,0.08895570315820095,0.24253562503633297,NO_KNOWN_OVERLAP,INCLUDE_PRIMARY_INDEPENDENT,0.8076455656917612
GSE95233,SIG004,T1,T24,HALLMARK_OXIDATIVE_PHOSPHORYLATION,PRESET_PRIMARY,SSGSEA_RANK_WALK,20,-0.1969924812030075,0.40515233009814566,-0.19960167344209406,0.24253562503633297,NO_KNOWN_OVERLAP,INCLUDE_PRIMARY_INDEPENDENT,0.45992147571026093
GSE95233,SIG004,T1,T24,HALLMARK_P53_PATHWAY,HALLMARK_SECONDARY,SSGSEA_RANK_WALK,20,0.5172932330827067,0.019500547061355036,0.5726369486117965,0.24253562503633297,NO_KNOWN_OVERLAP,INCLUDE_PRIMARY_INDEPENDENT,0.05833645013198933
GSE95233,SIG004,T1,T24,HALLMARK_PANCREAS_BETA_CELLS,HALLMARK_SECONDARY,SSGSEA_RANK_WALK,20,0.3443609022556391,0.13707258150434384,0.3590317659122399,0.24253562503633297,NO_KNOWN_OVERLAP,INCLUDE_PRIMARY_INDEPENDENT,0.3122208800932276
GSE95233,SIG004,T1,T24,HALLMARK_PEROXISOME,HALLMARK_SECONDARY,SSGSEA_RANK_WALK,20,-0.23909774436090225,0.3099862644060449,-0.2438169303110031,0.24253562503633297,NO_KNOWN_OVERLAP,INCLUDE_PRIMARY_INDEPENDENT,0.48882449387107074
GSE95233,SIG004,T1,T24,HALLMARK_PI3K_AKT_MTOR_SIGNALING,HALLMARK_SECONDARY,SSGSEA_RANK_WALK,20,0.3804511278195489,0.0979680397059128,0.400587020635482,0.24253562503633297,NO_KNOWN_OVERLAP,INCLUDE_PRIMARY_INDEPENDENT,0.23627586046720145
GSE95233,SIG004,T1,T24,HALLMARK_PROTEIN_SECRETION,HALLMARK_SECONDARY,SSGSEA_RANK_WALK,20,-0.5488721804511278,0.012202217962291394,-0.6167658032837402,0.24253562503633297,NO_KNOWN_OVERLAP,INCLUDE_PRIMARY_INDEPENDENT,0.04548099422308611
GSE95233,SIG004,T1,T24,HALLMARK_REACTIVE_OXYGEN_SPECIES_PATHWAY,HALLMARK_SECONDARY,SSGSEA_RANK_WALK,20,0.0706766917293233,0.7671582206450904,0.07079472697714248,0.24253562503633297,NO_KNOWN_OVERLAP,INCLUDE_PRIMARY_INDEPENDENT,0.8277233433275976
GSE95233,SIG004,T1,T24,HALLMARK_SPERMATOGENESIS,HALLMARK_SECONDARY,SSGSEA_RANK_WALK,20,-0.007518796992481202,0.9749025019933399,-0.007518938682270256,0.24253562503633297,NO_KNOWN_OVERLAP,INCLUDE_PRIMARY_INDEPENDENT,0.9749025019933399
GSE95233,SIG004,T1,T24,HALLMARK_TGF_BETA_SIGNALING,HALLMARK_SECONDARY,SSGSEA_RANK_WALK,20,0.27518796992481204,0.2402830280811375,0.2824682608706514,0.24253562503633297,NO_KNOWN_OVERLAP,INCLUDE_PRIMARY_INDEPENDENT,0.4849530159335518
GSE95233,SIG004,T1,T24,HALLMARK_TNFA_SIGNALING_VIA_NFKB,PRESET_PRIMARY,SSGSEA_RANK_WALK,20,0.5774436090225563,0.007673261374909004,0.6586189695312756,0.24253562503633297,NO_KNOWN_OVERLAP,INCLUDE_PRIMARY_INDEPENDENT,0.06905935237418104
GSE95233,SIG004,T1,T24,HALLMARK_UNFOLDED_PROTEIN_RESPONSE,HALLMARK_SECONDARY,SSGSEA_RANK_WALK,20,0.5744360902255639,0.008072760656054091,0.6541186566136495,0.24253562503633297,NO_KNOWN_OVERLAP,INCLUDE_PRIMARY_INDEPENDENT,0.03309831868982178
GSE95233,SIG004,T1,T24,HALLMARK_UV_RESPONSE_DN,HALLMARK_SECONDARY,SSGSEA_RANK_WALK,20,0.24060150375939846,0.306861091678276,0.24541247852966055,0.24253562503633297,NO_KNOWN_OVERLAP,INCLUDE_PRIMARY_INDEPENDENT,0.48882449387107074
GSE95233,SIG004,T1,T24,HALLMARK_UV_RESPONSE_UP,HALLMARK_SECONDARY,SSGSEA_RANK_WALK,20,0.524812030075188,0.017508741658873835,0.5829579852821082,0.24253562503633297,NO_KNOWN_OVERLAP,INCLUDE_PRIMARY_INDEPENDENT,0.05833645013198933
GSE95233,SIG004,T1,T24,HALLMARK_WNT_BETA_CATENIN_SIGNALING,HALLMARK_SECONDARY,SSGSEA_RANK_WALK,20,0.12180451127819547,0.608956622164901,0.12241230868776687,0.24253562503633297,NO_KNOWN_OVERLAP,INCLUDE_PRIMARY_INDEPENDENT,0.7565824699624527
GSE95233,SIG004,T1,T24,HALLMARK_XENOBIOTIC_METABOLISM,HALLMARK_SECONDARY,SSGSEA_RANK_WALK,20,0.22857142857142856,0.3323968570405118,0.23268162484461666,0.24253562503633297,NO_KNOWN_OVERLAP,INCLUDE_PRIMARY_INDEPENDENT,0.5047507829133698
GSE95233,SIG004,T1,T24,Neutrophil degranulation,REACTOME_SUPPLEMENT,SSGSEA_RANK_WALK,20,0.24962406015037594,0.28851258969719185,0.25501184955196476,0.24253562503633297,NO_KNOWN_OVERLAP,INCLUDE_PRIMARY_INDEPENDENT,0.5770251793943837
GSE95233,SIG004,T1,T24,TCR signaling,REACTOME_SUPPLEMENT,SSGSEA_RANK_WALK,20,-0.022556390977443608,0.9247982163788796,-0.022560217640234793,0.24253562503633297,NO_KNOWN_OVERLAP,INCLUDE_PRIMARY_INDEPENDENT,0.9247982163788796
GSE95233,SIG004,T2,T48,HALLMARK_ADIPOGENESIS,HALLMARK_SECONDARY,SSGSEA_RANK_WALK,31,-0.3189516129032258,0.08031260167212452,-0.33047955536529194,0.1889822365046136,NO_KNOWN_OVERLAP,INCLUDE_PRIMARY_INDEPENDENT,0.29934696986882775
GSE95233,SIG004,T2,T48,HALLMARK_ALLOGRAFT_REJECTION,PRESET_PRIMARY,SSGSEA_RANK_WALK,31,0.42822580645161296,0.01624579923540243,0.45772205562535306,0.1889822365046136,NO_KNOWN_OVERLAP,INCLUDE_PRIMARY_INDEPENDENT,0.14621219311862185
GSE95233,SIG004,T2,T48,HALLMARK_ANDROGEN_RESPONSE,HALLMARK_SECONDARY,SSGSEA_RANK_WALK,31,-0.4068548387096775,0.0231195232029213,-0.4318363602926684,0.1889822365046136,NO_KNOWN_OVERLAP,INCLUDE_PRIMARY_INDEPENDENT,0.11848755641497166
GSE95233,SIG004,T2,T48,HALLMARK_ANGIOGENESIS,HALLMARK_SECONDARY,SSGSEA_RANK_WALK,31,0.4516129032258065,0.010763365991634938,0.4867245728570519,0.1889822365046136,NO_KNOWN_OVERLAP,INCLUDE_PRIMARY_INDEPENDENT,0.07354966760950542
GSE95233,SIG004,T2,T48,HALLMARK_APICAL_JUNCTION,HALLMARK_SECONDARY,SSGSEA_RANK_WALK,31,0.3512096774193549,0.05270671905458122,0.36682297037246364,0.1889822365046136,NO_KNOWN_OVERLAP,INCLUDE_PRIMARY_INDEPENDENT,0.216097548123783
GSE95233,SIG004,T2,T48,HALLMARK_APICAL_SURFACE,HALLMARK_SECONDARY,SSGSEA_RANK_WALK,31,0.6383064516129032,0.00011171866894359364,0.7553105169644654,0.1889822365046136,NO_KNOWN_OVERLAP,INCLUDE_PRIMARY_INDEPENDENT,0.004580465426687339
GSE95233,SIG004,T2,T48,HALLMARK_APOPTOSIS,PRESET_PRIMARY,SSGSEA_RANK_WALK,31,0.13266129032258067,0.4768193896351455,0.13344784891825684,0.1889822365046136,NO_KNOWN_OVERLAP,INCLUDE_PRIMARY_INDEPENDENT,0.9022669495912351
GSE95233,SIG004,T2,T48,HALLMARK_BILE_ACID_METABOLISM,HALLMARK_SECONDARY,SSGSEA_RANK_WALK,31,-0.25685483870967746,0.16305538630281863,-0.2627381610487569,0.1889822365046136,NO_KNOWN_OVERLAP,INCLUDE_PRIMARY_INDEPENDENT,0.35481537560228943
GSE95233,SIG004,T2,T48,HALLMARK_CHOLESTEROL_HOMEOSTASIS,HALLMARK_SECONDARY,SSGSEA_RANK_WALK,31,-0.2903225806451613,0.11311121535219387,-0.29891850037781026,0.1889822365046136,NO_KNOWN_OVERLAP,INCLUDE_PRIMARY_INDEPENDENT,0.35481537560228943
GSE95233,SIG004,T2,T48,HALLMARK_COAGULATION,PRESET_PRIMARY,SSGSEA_RANK_WALK,31,-0.05201612903225807,0.7810889956594971,-0.052063118298329464,0.1889822365046136,NO_KNOWN_OVERLAP,INCLUDE_PRIMARY_INDEPENDENT,0.9347967683001777
GSE95233,SIG004,T2,T48,HALLMARK_COMPLEMENT,PRESET_PRIMARY,SSGSEA_RANK_WALK,31,-0.015322580645161293,0.9347967683001777,-0.015323779966821247,0.1889822365046136,NO_KNOWN_OVERLAP,INCLUDE_PRIMARY_INDEPENDENT,0.9347967683001777
GSE95233,SIG004,T2,T48,HALLMARK_DNA_REPAIR,HALLMARK_SECONDARY,SSGSEA_RANK_WALK,31,0.07983870967741936,0.6694241531619162,0.08000899791454844,0.1889822365046136,NO_KNOWN_OVERLAP,INCLUDE_PRIMARY_INDEPENDENT,0.7840443540445801
GSE95233,SIG004,T2,T48,HALLMARK_E2F_TARGETS,HALLMARK_SECONDARY,SSGSEA_RANK_WALK,31,-0.07016129032258064,0.7076224145960327,-0.07027675703157424,0.1889822365046136,NO_KNOWN_OVERLAP,INCLUDE_PRIMARY_INDEPENDENT,0.7841221350929011
GSE95233,SIG004,T2,T48,HALLMARK_EPITHELIAL_MESENCHYMAL_TRANSITION,HALLMARK_SECONDARY,SSGSEA_RANK_WALK,31,0.06491935483870968,0.7286151638613648,0.06501078752080029,0.1889822365046136,NO_KNOWN_OVERLAP,INCLUDE_PRIMARY_INDEPENDENT,0.7861374136398936
GSE95233,SIG004,T2,T48,HALLMARK_ESTROGEN_RESPONSE_EARLY,HALLMARK_SECONDARY,SSGSEA_RANK_WALK,31,0.5096774193548388,0.0034029359246675575,0.5622938875356852,0.1889822365046136,NO_KNOWN_OVERLAP,INCLUDE_PRIMARY_INDEPENDENT,0.046506790970456624
GSE95233,SIG004,T2,T48,HALLMARK_ESTROGEN_RESPONSE_LATE,HALLMARK_SECONDARY,SSGSEA_RANK_WALK,31,0.0407258064516129,0.8278003705498522,0.040748344707828094,0.1889822365046136,NO_KNOWN_OVERLAP,INCLUDE_PRIMARY_INDEPENDENT,0.8484953798135985
GSE95233,SIG004,T2,T48,HALLMARK_FATTY_ACID_METABOLISM,HALLMARK_SECONDARY,SSGSEA_RANK_WALK,31,-0.2592741935483871,0.15899067128859198,-0.2653301360339765,0.1889822365046136,NO_KNOWN_OVERLAP,INCLUDE_PRIMARY_INDEPENDENT,0.35481537560228943
GSE95233,SIG004,T2,T48,HALLMARK_G2M_CHECKPOINT,HALLMARK_SECONDARY,SSGSEA_RANK_WALK,31,-0.07983870967741936,0.6694241531619162,-0.08000899791454844,0.1889822365046136,NO_KNOWN_OVERLAP,INCLUDE_PRIMARY_INDEPENDENT,0.7840443540445801
GSE95233,SIG004,T2,T48,HALLMARK_GLYCOLYSIS,HALLMARK_SECONDARY,SSGSEA_RANK_WALK,31,-0.23508064516129035,0.20301248457625123,-0.23956056844888052,0.1889822365046136,NO_KNOWN_OVERLAP,INCLUDE_PRIMARY_INDEPENDENT,0.3690467190800872
GSE95233,SIG004,T2,T48,HALLMARK_HEDGEHOG_SIGNALING,HALLMARK_SECONDARY,SSGSEA_RANK_WALK,31,0.25604838709677424,0.1644266374742317,0.261874937373463,0.1889822365046136,NO_KNOWN_OVERLAP,INCLUDE_PRIMARY_INDEPENDENT,0.35481537560228943
GSE95233,SIG004,T2,T48,HALLMARK_HEME_METABOLISM,HALLMARK_SECONDARY,SSGSEA_RANK_WALK,31,0.36330645161290326,0.04454614728097123,0.380689894226122,0.1889822365046136,NO_KNOWN_OVERLAP,INCLUDE_PRIMARY_INDEPENDENT,0.20293244872442448
GSE95233,SIG004,T2,T48,HALLMARK_HYPOXIA,HALLMARK_SECONDARY,SSGSEA_RANK_WALK,31,0.1907258064516129,0.3040671483646284,0.19309026647379227,0.1889822365046136,NO_KNOWN_OVERLAP,INCLUDE_PRIMARY_INDEPENDENT,0.46173159566480604
GSE95233,SIG004,T2,T48,HALLMARK_IL2_STAT5_SIGNALING,HALLMARK_SECONDARY,SSGSEA_RANK_WALK,31,0.08548387096774195,0.6475031358911192,0.08569301295848787,0.1889822365046136,NO_KNOWN_OVERLAP,INCLUDE_PRIMARY_INDEPENDENT,0.7840443540445801
GSE95233,SIG004,T2,T48,HALLMARK_IL6_JAK_STAT3_SIGNALING,HALLMARK_SECONDARY,SSGSEA_RANK_WALK,31,-0.48427419354838713,0.005769615144999598,-0.5285529659000893,0.1889822365046136,NO_KNOWN_OVERLAP,INCLUDE_PRIMARY_INDEPENDENT,0.047310844188996705
GSE95233,SIG004,T2,T48,HALLMARK_INFLAMMATORY_RESPONSE,PRESET_PRIMARY,SSGSEA_RANK_WALK,31,-0.027016129032258068,0.8852918802384591,-0.02702270467721264,0.1889822365046136,NO_KNOWN_OVERLAP,INCLUDE_PRIMARY_INDEPENDENT,0.9347967683001777
GSE95233,SIG004,T2,T48,HALLMARK_INTERFERON_ALPHA_RESPONSE,PRESET_PRIMARY,SSGSEA_RANK_WALK,31,0.11451612903225807,0.5395982847411878,0.11502069112906962,0.1889822365046136,NO_KNOWN_OVERLAP,INCLUDE_PRIMARY_INDEPENDENT,0.9022669495912351
GSE95233,SIG004,T2,T48,HALLMARK_INTERFERON_GAMMA_RESPONSE,PRESET_PRIMARY,SSGSEA_RANK_WALK,31,0.13024193548387097,0.4849645356869804,0.13098595238781593,0.1889822365046136,NO_KNOWN_OVERLAP,INCLUDE_PRIMARY_INDEPENDENT,0.9022669495912351
GSE95233,SIG004,T2,T48,HALLMARK_KRAS_SIGNALING_DN,HALLMARK_SECONDARY,SSGSEA_RANK_WALK,31,0.21048387096774193,0.2557243839630785,0.21367759455147578,0.1889822365046136,NO_KNOWN_OVERLAP,INCLUDE_PRIMARY_INDEPENDENT,0.4368624892702591
GSE95233,SIG004,T2,T48,HALLMARK_KRAS_SIGNALING_UP,HALLMARK_SECONDARY,SSGSEA_RANK_WALK,31,0.04717741935483871,0.8010266902667218,0.0472124672379203,0.1889822365046136,NO_KNOWN_OVERLAP,INCLUDE_PRIMARY_INDEPENDENT,0.8421049820752716
GSE95233,SIG004,T2,T48,HALLMARK_MITOTIC_SPINDLE,HALLMARK_SECONDARY,SSGSEA_RANK_WALK,31,-0.29516129032258065,0.10696151696010354,-0.30421075942558573,0.1889822365046136,NO_KNOWN_OVERLAP,INCLUDE_PRIMARY_INDEPENDENT,0.35481537560228943
GSE95233,SIG004,T2,T48,HALLMARK_MTORC1_SIGNALING,HALLMARK_SECONDARY,SSGSEA_RANK_WALK,31,-0.2608870967741936,0.15632152645918712,-0.2670600548090682,0.1889822365046136,NO_KNOWN_OVERLAP,INCLUDE_PRIMARY_INDEPENDENT,0.35481537560228943
GSE95233,SIG004,T2,T48,HALLMARK_MYC_TARGETS_V1,HALLMARK_SECONDARY,SSGSEA_RANK_WALK,31,-0.0774193548387097,0.6789024982373919,-0.07757459107842393,0.1889822365046136,NO_KNOWN_OVERLAP,INCLUDE_PRIMARY_INDEPENDENT,0.7840443540445801
GSE95233,SIG004,T2,T48,HALLMARK_MYC_TARGETS_V2,HALLMARK_SECONDARY,SSGSEA_RANK_WALK,31,0.2649193548387097,0.1497897940911612,0.2713917167560076,0.1889822365046136,NO_KNOWN_OVERLAP,INCLUDE_PRIMARY_INDEPENDENT,0.35481537560228943
GSE95233,SIG004,T2,T48,HALLMARK_MYOGENESIS,HALLMARK_SECONDARY,SSGSEA_RANK_WALK,31,0.4181451612903226,0.019239250973768628,0.44544203685005584,0.1889822365046136,NO_KNOWN_OVERLAP,INCLUDE_PRIMARY_INDEPENDENT,0.11268704141778767
GSE95233,SIG004,T2,T48,HALLMARK_NOTCH_SIGNALING,HALLMARK_SECONDARY,SSGSEA_RANK_WALK,31,-0.010483870967741936,0.9553621998932846,-0.010484255092578432,0.1889822365046136,NO_KNOWN_OVERLAP,INCLUDE_PRIMARY_INDEPENDENT,0.9553621998932846
GSE95233,SIG004,T2,T48,HALLMARK_OXIDATIVE_PHOSPHORYLATION,PRESET_PRIMARY,SSGSEA_RANK_WALK,31,-0.32943548387096777,0.070336060089776,-0.34219488193940173,0.1889822365046136,NO_KNOWN_OVERLAP,INCLUDE_PRIMARY_INDEPENDENT,0.316512270403992
GSE95233,SIG004,T2,T48,HALLMARK_P53_PATHWAY,HALLMARK_SECONDARY,SSGSEA_RANK_WALK,31,-0.1653225806451613,0.3741165296942002,-0.16685394742353155,0.1889822365046136,NO_KNOWN_OVERLAP,INCLUDE_PRIMARY_INDEPENDENT,0.5289233695676623
GSE95233,SIG004,T2,T48,HALLMARK_PANCREAS_BETA_CELLS,HALLMARK_SECONDARY,SSGSEA_RANK_WALK,31,0.23306451612903228,0.20702620826443913,0.23742757169183604,0.1889822365046136,NO_KNOWN_OVERLAP,INCLUDE_PRIMARY_INDEPENDENT,0.3690467190800872
GSE95233,SIG004,T2,T48,HALLMARK_PEROXISOME,HALLMARK_SECONDARY,SSGSEA_RANK_WALK,31,-0.2625,0.15368472332952357,-0.26879153646777,0.1889822365046136,NO_KNOWN_OVERLAP,INCLUDE_PRIMARY_INDEPENDENT,0.35481537560228943
GSE95233,SIG004,T2,T48,HALLMARK_PI3K_AKT_MTOR_SIGNALING,HALLMARK_SECONDARY,SSGSEA_RANK_WALK,31,0.08870967741935484,0.6351041874688885,0.08894347986304445,0.1889822365046136,NO_KNOWN_OVERLAP,INCLUDE_PRIMARY_INDEPENDENT,0.7840443540445801
GSE95233,SIG004,T2,T48,HALLMARK_PROTEIN_SECRETION,HALLMARK_SECONDARY,SSGSEA_RANK_WALK,31,-0.5129032258064516,0.003173071078426723,-0.5666614658156776,0.1889822365046136,NO_KNOWN_OVERLAP,INCLUDE_PRIMARY_INDEPENDENT,0.046506790970456624
GSE95233,SIG004,T2,T48,HALLMARK_REACTIVE_OXYGEN_SPECIES_PATHWAY,HALLMARK_SECONDARY,SSGSEA_RANK_WALK,31,-0.23669354838709677,0.19984039600013045,-0.24126850645246434,0.1889822365046136,NO_KNOWN_OVERLAP,INCLUDE_PRIMARY_INDEPENDENT,0.3690467190800872
GSE95233,SIG004,T2,T48,HALLMARK_SPERMATOGENESIS,HALLMARK_SECONDARY,SSGSEA_RANK_WALK,31,-0.1907258064516129,0.3040671483646284,-0.19309026647379227,0.1889822365046136,NO_KNOWN_OVERLAP,INCLUDE_PRIMARY_INDEPENDENT,0.46173159566480604
GSE95233,SIG004,T2,T48,HALLMARK_TGF_BETA_SIGNALING,HALLMARK_SECONDARY,SSGSEA_RANK_WALK,31,-0.08306451612903226,0.6568637608973711,-0.08325635138635076,0.1889822365046136,NO_KNOWN_OVERLAP,INCLUDE_PRIMARY_INDEPENDENT,0.7840443540445801
GSE95233,SIG004,T2,T48,HALLMARK_TNFA_SIGNALING_VIA_NFKB,PRESET_PRIMARY,SSGSEA_RANK_WALK,31,-0.09758064516129034,0.6015112997274901,-0.09789214716977045,0.1889822365046136,NO_KNOWN_OVERLAP,INCLUDE_PRIMARY_INDEPENDENT,0.9022669495912351
GSE95233,SIG004,T2,T48,HALLMARK_UNFOLDED_PROTEIN_RESPONSE,HALLMARK_SECONDARY,SSGSEA_RANK_WALK,31,0.07500000000000001,0.6884291889171923,0.07514110152466899,0.1889822365046136,NO_KNOWN_OVERLAP,INCLUDE_PRIMARY_INDEPENDENT,0.7840443540445801
GSE95233,SIG004,T2,T48,HALLMARK_UV_RESPONSE_DN,HALLMARK_SECONDARY,SSGSEA_RANK_WALK,31,-0.2334677419354839,0.20621913334032557,-0.2378540008312372,0.1889822365046136,NO_KNOWN_OVERLAP,INCLUDE_PRIMARY_INDEPENDENT,0.3690467190800872
GSE95233,SIG004,T2,T48,HALLMARK_UV_RESPONSE_UP,HALLMARK_SECONDARY,SSGSEA_RANK_WALK,31,0.19475806451612906,0.29376355274670485,0.19727810707887505,0.1889822365046136,NO_KNOWN_OVERLAP,INCLUDE_PRIMARY_INDEPENDENT,0.46173159566480604
GSE95233,SIG004,T2,T48,HALLMARK_WNT_BETA_CATENIN_SIGNALING,HALLMARK_SECONDARY,SSGSEA_RANK_WALK,31,0.4891129032258064,0.005233445538687401,0.5348936172657119,0.1889822365046136,NO_KNOWN_OVERLAP,INCLUDE_PRIMARY_INDEPENDENT,0.047310844188996705
GSE95233,SIG004,T2,T48,HALLMARK_XENOBIOTIC_METABOLISM,HALLMARK_SECONDARY,SSGSEA_RANK_WALK,31,0.1721774193548387,0.3543465547606558,0.17390974176997118,0.1889822365046136,NO_KNOWN_OVERLAP,INCLUDE_PRIMARY_INDEPENDENT,0.5188645980423888
GSE95233,SIG004,T2,T48,Neutrophil degranulation,REACTOME_SUPPLEMENT,SSGSEA_RANK_WALK,31,-0.2649193548387097,0.1497897940911612,-0.2713917167560076,0.1889822365046136,NO_KNOWN_OVERLAP,INCLUDE_PRIMARY_INDEPENDENT,0.2995795881823224
GSE95233,SIG004,T2,T48,TCR signaling,REACTOME_SUPPLEMENT,SSGSEA_RANK_WALK,31,0.14516129032258066,0.43589082139544133,0.1461939817445968,0.1889822365046136,NO_KNOWN_OVERLAP,INCLUDE_PRIMARY_INDEPENDENT,0.43589082139544133
GSE95233,SIG022,T1,T24,HALLMARK_ADIPOGENESIS,HALLMARK_SECONDARY,SSGSEA_RANK_WALK,20,0.05714285714285714,0.8108800461568323,0.05720517558887211,0.24253562503633297,NO_KNOWN_OVERLAP,INCLUDE_PRIMARY_INDEPENDENT,0.9398091995407436
GSE95233,SIG022,T1,T24,HALLMARK_ALLOGRAFT_REJECTION,PRESET_PRIMARY,SSGSEA_RANK_WALK,20,0.3954887218045112,0.08435163245001225,0.41828982208358967,0.24253562503633297,NO_KNOWN_OVERLAP,INCLUDE_PRIMARY_INDEPENDENT,0.18979117301252754
GSE95233,SIG022,T1,T24,HALLMARK_ANDROGEN_RESPONSE,HALLMARK_SECONDARY,SSGSEA_RANK_WALK,20,-0.4270676691729323,0.060376047595293976,-0.4563047117416134,0.24253562503633297,NO_KNOWN_OVERLAP,INCLUDE_PRIMARY_INDEPENDENT,0.35363113591529327
GSE95233,SIG022,T1,T24,HALLMARK_ANGIOGENESIS,HALLMARK_SECONDARY,SSGSEA_RANK_WALK,20,0.04060150375939849,0.8650468790077722,0.04062383613643984,0.24253562503633297,NO_KNOWN_OVERLAP,INCLUDE_PRIMARY_INDEPENDENT,0.9398091995407436
GSE95233,SIG022,T1,T24,HALLMARK_APICAL_JUNCTION,HALLMARK_SECONDARY,SSGSEA_RANK_WALK,20,0.018045112781954885,0.9398091995407436,0.018047071817921964,0.24253562503633297,NO_KNOWN_OVERLAP,INCLUDE_PRIMARY_INDEPENDENT,0.9398091995407436
GSE95233,SIG022,T1,T24,HALLMARK_APICAL_SURFACE,HALLMARK_SECONDARY,SSGSEA_RANK_WALK,20,0.7699248120300751,7.183540419814864e-05,1.0201430929339204,0.24253562503633297,NO_KNOWN_OVERLAP,INCLUDE_PRIMARY_INDEPENDENT,0.0029452515721240945
GSE95233,SIG022,T1,T24,HALLMARK_APOPTOSIS,PRESET_PRIMARY,SSGSEA_RANK_WALK,20,0.23609022556390977,0.3162939707830972,0.24062947373884902,0.24253562503633297,NO_KNOWN_OVERLAP,INCLUDE_PRIMARY_INDEPENDENT,0.4744409561746458
GSE95233,SIG022,T1,T24,HALLMARK_BILE_ACID_METABOLISM,HALLMARK_SECONDARY,SSGSEA_RANK_WALK,20,-0.22105263157894736,0.3489737543021465,-0.22476254895109743,0.24253562503633297,NO_KNOWN_OVERLAP,INCLUDE_PRIMARY_INDEPENDENT,0.753048627704632
GSE95233,SIG022,T1,T24,HALLMARK_CHOLESTEROL_HOMEOSTASIS,HALLMARK_SECONDARY,SSGSEA_RANK_WALK,20,-0.18345864661654135,0.4387948865691028,-0.1855594642417339,0.24253562503633297,NO_KNOWN_OVERLAP,INCLUDE_PRIMARY_INDEPENDENT,0.8177541067878734
GSE95233,SIG022,T1,T24,HALLMARK_COAGULATION,PRESET_PRIMARY,SSGSEA_RANK_WALK,20,0.06165413533834586,0.7962393511384775,0.0617324345619072,0.24253562503633297,NO_KNOWN_OVERLAP,INCLUDE_PRIMARY_INDEPENDENT,0.7962393511384775
GSE95233,SIG022,T1,T24,HALLMARK_COMPLEMENT,PRESET_PRIMARY,SSGSEA_RANK_WALK,20,0.4090225563909774,0.07334086574364805,0.4344368351845804,0.24253562503633297,NO_KNOWN_OVERLAP,INCLUDE_PRIMARY_INDEPENDENT,0.18979117301252754
GSE95233,SIG022,T1,T24,HALLMARK_DNA_REPAIR,HALLMARK_SECONDARY,SSGSEA_RANK_WALK,20,0.1894736842105263,0.42366525592686277,0.19179119842932832,0.24253562503633297,NO_KNOWN_OVERLAP,INCLUDE_PRIMARY_INDEPENDENT,0.8177541067878734
GSE95233,SIG022,T1,T24,HALLMARK_E2F_TARGETS,HALLMARK_SECONDARY,SSGSEA_RANK_WALK,20,-0.024060150375939848,0.9197997451459456,-0.024064794722711183,0.24253562503633297,NO_KNOWN_OVERLAP,INCLUDE_PRIMARY_INDEPENDENT,0.9398091995407436
GSE95233,SIG022,T1,T24,HALLMARK_EPITHELIAL_MESENCHYMAL_TRANSITION,HALLMARK_SECONDARY,SSGSEA_RANK_WALK,20,0.27669172932330827,0.23761884061099173,0.28409595810279303,0.24253562503633297,NO_KNOWN_OVERLAP,INCLUDE_PRIMARY_INDEPENDENT,0.649491497670044
GSE95233,SIG022,T1,T24,HALLMARK_ESTROGEN_RESPONSE_EARLY,HALLMARK_SECONDARY,SSGSEA_RANK_WALK,20,0.05714285714285714,0.8108800461568323,0.05720517558887211,0.24253562503633297,NO_KNOWN_OVERLAP,INCLUDE_PRIMARY_INDEPENDENT,0.9398091995407436
GSE95233,SIG022,T1,T24,HALLMARK_ESTROGEN_RESPONSE_LATE,HALLMARK_SECONDARY,SSGSEA_RANK_WALK,20,0.23759398496240602,0.3131305637442674,0.24222259854294334,0.24253562503633297,NO_KNOWN_OVERLAP,INCLUDE_PRIMARY_INDEPENDENT,0.7497037836263039
GSE95233,SIG022,T1,T24,HALLMARK_FATTY_ACID_METABOLISM,HALLMARK_SECONDARY,SSGSEA_RANK_WALK,20,-0.08270676691729321,0.7288508763559796,-0.082896127421372,0.24253562503633297,NO_KNOWN_OVERLAP,INCLUDE_PRIMARY_INDEPENDENT,0.9398091995407436
GSE95233,SIG022,T1,T24,HALLMARK_G2M_CHECKPOINT,HALLMARK_SECONDARY,SSGSEA_RANK_WALK,20,0.021052631578947364,0.9297994024457079,0.021055742675063438,0.24253562503633297,NO_KNOWN_OVERLAP,INCLUDE_PRIMARY_INDEPENDENT,0.9398091995407436
GSE95233,SIG022,T1,T24,HALLMARK_GLYCOLYSIS,HALLMARK_SECONDARY,SSGSEA_RANK_WALK,20,-0.1969924812030075,0.40515233009814566,-0.19960167344209406,0.24253562503633297,NO_KNOWN_OVERLAP,INCLUDE_PRIMARY_INDEPENDENT,0.8177541067878734
GSE95233,SIG022,T1,T24,HALLMARK_HEDGEHOG_SIGNALING,HALLMARK_SECONDARY,SSGSEA_RANK_WALK,20,0.3609022556390977,0.11798037156435756,0.37792288738775465,0.24253562503633297,NO_KNOWN_OVERLAP,INCLUDE_PRIMARY_INDEPENDENT,0.5253820035568689
GSE95233,SIG022,T1,T24,HALLMARK_HEME_METABOLISM,HALLMARK_SECONDARY,SSGSEA_RANK_WALK,20,0.5218045112781955,0.01828494348209759,0.578816233533617,0.24253562503633297,NO_KNOWN_OVERLAP,INCLUDE_PRIMARY_INDEPENDENT,0.21751160236555378
GSE95233,SIG022,T1,T24,HALLMARK_HYPOXIA,HALLMARK_SECONDARY,SSGSEA_RANK_WALK,20,0.13082706766917293,0.5824730901969897,0.13158122763873117,0.24253562503633297,NO_KNOWN_OVERLAP,INCLUDE_PRIMARY_INDEPENDENT,0.9398091995407436
GSE95233,SIG022,T1,T24,HALLMARK_IL2_STAT5_SIGNALING,HALLMARK_SECONDARY,SSGSEA_RANK_WALK,20,0.45112781954887216,0.04588325880000641,0.4861153738782472,0.24253562503633297,NO_KNOWN_OVERLAP,INCLUDE_PRIMARY_INDEPENDENT,0.3135356018000438
GSE95233,SIG022,T1,T24,HALLMARK_IL6_JAK_STAT3_SIGNALING,HALLMARK_SECONDARY,SSGSEA_RANK_WALK,20,0.1639097744360902,0.4898669433807742,0.16540178966957236,0.24253562503633297,NO_KNOWN_OVERLAP,INCLUDE_PRIMARY_INDEPENDENT,0.8732410729831193
GSE95233,SIG022,T1,T24,HALLMARK_INFLAMMATORY_RESPONSE,PRESET_PRIMARY,SSGSEA_RANK_WALK,20,0.1263157894736842,0.5956535128148985,0.1269941133326541,0.24253562503633297,NO_KNOWN_OVERLAP,INCLUDE_PRIMARY_INDEPENDENT,0.7566259899215045
GSE95233,SIG022,T1,T24,HALLMARK_INTERFERON_ALPHA_RESPONSE,PRESET_PRIMARY,SSGSEA_RANK_WALK,20,0.41052631578947363,0.07218723053142066,0.436244054607881,0.24253562503633297,NO_KNOWN_OVERLAP,INCLUDE_PRIMARY_INDEPENDENT,0.18979117301252754
GSE95233,SIG022,T1,T24,HALLMARK_INTERFERON_GAMMA_RESPONSE,PRESET_PRIMARY,SSGSEA_RANK_WALK,20,0.4977443609022556,0.025532566963083796,0.5463031323039489,0.24253562503633297,NO_KNOWN_OVERLAP,INCLUDE_PRIMARY_INDEPENDENT,0.18979117301252754
GSE95233,SIG022,T1,T24,HALLMARK_KRAS_SIGNALING_DN,HALLMARK_SECONDARY,SSGSEA_RANK_WALK,20,0.2300751879699248,0.3291382464700846,0.2342688557816196,0.24253562503633297,NO_KNOWN_OVERLAP,INCLUDE_PRIMARY_INDEPENDENT,0.7497037836263039
GSE95233,SIG022,T1,T24,HALLMARK_KRAS_SIGNALING_UP,HALLMARK_SECONDARY,SSGSEA_RANK_WALK,20,0.49323308270676686,0.027114204941944227,0.5403238668464053,0.24253562503633297,NO_KNOWN_OVERLAP,INCLUDE_PRIMARY_INDEPENDENT,0.22233648052394267
GSE95233,SIG022,T1,T24,HALLMARK_MITOTIC_SPINDLE,HALLMARK_SECONDARY,SSGSEA_RANK_WALK,20,-0.26315789473684204,0.2622871228754285,-0.26949825036634345,0.24253562503633297,NO_KNOWN_OVERLAP,INCLUDE_PRIMARY_INDEPENDENT,0.6721107523682855
GSE95233,SIG022,T1,T24,HALLMARK_MTORC1_SIGNALING,HALLMARK_SECONDARY,SSGSEA_RANK_WALK,20,-0.02706766917293233,0.9098116651774512,-0.02707428253494475,0.24253562503633297,NO_KNOWN_OVERLAP,INCLUDE_PRIMARY_INDEPENDENT,0.9398091995407436
GSE95233,SIG022,T1,T24,HALLMARK_MYC_TARGETS_V1,HALLMARK_SECONDARY,SSGSEA_RANK_WALK,20,0.09774436090225563,0.681832438507082,0.09805743946314523,0.24253562503633297,NO_KNOWN_OVERLAP,INCLUDE_PRIMARY_INDEPENDENT,0.9398091995407436
GSE95233,SIG022,T1,T24,HALLMARK_MYC_TARGETS_V2,HALLMARK_SECONDARY,SSGSEA_RANK_WALK,20,0.3218045112781954,0.166474348578758,0.33365877909124925,0.24253562503633297,NO_KNOWN_OVERLAP,INCLUDE_PRIMARY_INDEPENDENT,0.5317576132275218
GSE95233,SIG022,T1,T24,HALLMARK_MYOGENESIS,HALLMARK_SECONDARY,SSGSEA_RANK_WALK,20,0.3383458646616541,0.14452609966359914,0.3522233679069393,0.24253562503633297,NO_KNOWN_OVERLAP,INCLUDE_PRIMARY_INDEPENDENT,0.5317576132275218
GSE95233,SIG022,T1,T24,HALLMARK_NOTCH_SIGNALING,HALLMARK_SECONDARY,SSGSEA_RANK_WALK,20,-0.31127819548872177,0.18157577037037329,-0.3219601198973973,0.24253562503633297,NO_KNOWN_OVERLAP,INCLUDE_PRIMARY_INDEPENDENT,0.5317576132275218
GSE95233,SIG022,T1,T24,HALLMARK_OXIDATIVE_PHOSPHORYLATION,PRESET_PRIMARY,SSGSEA_RANK_WALK,20,-0.10075187969924812,0.6725564354857818,-0.10109488000533992,0.24253562503633297,NO_KNOWN_OVERLAP,INCLUDE_PRIMARY_INDEPENDENT,0.7566259899215045
GSE95233,SIG022,T1,T24,HALLMARK_P53_PATHWAY,HALLMARK_SECONDARY,SSGSEA_RANK_WALK,20,0.025563909774436087,0.9148041683144317,0.0255694807455937,0.24253562503633297,NO_KNOWN_OVERLAP,INCLUDE_PRIMARY_INDEPENDENT,0.9398091995407436
GSE95233,SIG022,T1,T24,HALLMARK_PANCREAS_BETA_CELLS,HALLMARK_SECONDARY,SSGSEA_RANK_WALK,20,0.05563909774436089,0.8157739948259723,0.05569661877880621,0.24253562503633297,NO_KNOWN_OVERLAP,INCLUDE_PRIMARY_INDEPENDENT,0.9398091995407436
GSE95233,SIG022,T1,T24,HALLMARK_PEROXISOME,HALLMARK_SECONDARY,SSGSEA_RANK_WALK,20,-0.5112781954887218,0.021220644133224758,-0.5644588190817192,0.24253562503633297,NO_KNOWN_OVERLAP,INCLUDE_PRIMARY_INDEPENDENT,0.21751160236555378
GSE95233,SIG022,T1,T24,HALLMARK_PI3K_AKT_MTOR_SIGNALING,HALLMARK_SECONDARY,SSGSEA_RANK_WALK,20,0.07518796992481201,0.7527267095067718,0.07533013744374488,0.24253562503633297,NO_KNOWN_OVERLAP,INCLUDE_PRIMARY_INDEPENDENT,0.9398091995407436
GSE95233,SIG022,T1,T24,HALLMARK_PROTEIN_SECRETION,HALLMARK_SECONDARY,SSGSEA_RANK_WALK,20,-0.5684210526315789,0.008922760369500673,-0.6451871196205757,0.24253562503633297,NO_KNOWN_OVERLAP,INCLUDE_PRIMARY_INDEPENDENT,0.1829165875747638
GSE95233,SIG022,T1,T24,HALLMARK_REACTIVE_OXYGEN_SPECIES_PATHWAY,HALLMARK_SECONDARY,SSGSEA_RANK_WALK,20,-0.03909774436090225,0.8700037043301221,-0.039117684695067545,0.24253562503633297,NO_KNOWN_OVERLAP,INCLUDE_PRIMARY_INDEPENDENT,0.9398091995407436
GSE95233,SIG022,T1,T24,HALLMARK_SPERMATOGENESIS,HALLMARK_SECONDARY,SSGSEA_RANK_WALK,20,0.021052631578947364,0.9297994024457079,0.021055742675063438,0.24253562503633297,NO_KNOWN_OVERLAP,INCLUDE_PRIMARY_INDEPENDENT,0.9398091995407436
GSE95233,SIG022,T1,T24,HALLMARK_TGF_BETA_SIGNALING,HALLMARK_SECONDARY,SSGSEA_RANK_WALK,20,-0.3609022556390977,0.11798037156435756,-0.37792288738775465,0.24253562503633297,NO_KNOWN_OVERLAP,INCLUDE_PRIMARY_INDEPENDENT,0.5253820035568689
GSE95233,SIG022,T1,T24,HALLMARK_TNFA_SIGNALING_VIA_NFKB,PRESET_PRIMARY,SSGSEA_RANK_WALK,20,0.2706766917293233,0.24839056913669727,0.2775938682098453,0.24253562503633297,NO_KNOWN_OVERLAP,INCLUDE_PRIMARY_INDEPENDENT,0.4471030244460551
GSE95233,SIG022,T1,T24,HALLMARK_UNFOLDED_PROTEIN_RESPONSE,HALLMARK_SECONDARY,SSGSEA_RANK_WALK,20,0.35187969924812035,0.1281419520870412,0.3675874721839363,0.24253562503633297,NO_KNOWN_OVERLAP,INCLUDE_PRIMARY_INDEPENDENT,0.5253820035568689
GSE95233,SIG022,T1,T24,HALLMARK_UV_RESPONSE_DN,HALLMARK_SECONDARY,SSGSEA_RANK_WALK,20,-0.12330827067669171,0.6045088306268851,-0.12393899939116244,0.24253562503633297,NO_KNOWN_OVERLAP,INCLUDE_PRIMARY_INDEPENDENT,0.9398091995407436
GSE95233,SIG022,T1,T24,HALLMARK_UV_RESPONSE_UP,HALLMARK_SECONDARY,SSGSEA_RANK_WALK,20,0.037593984962406006,0.8749652018566716,0.03761171061879375,0.24253562503633297,NO_KNOWN_OVERLAP,INCLUDE_PRIMARY_INDEPENDENT,0.9398091995407436
GSE95233,SIG022,T1,T24,HALLMARK_WNT_BETA_CATENIN_SIGNALING,HALLMARK_SECONDARY,SSGSEA_RANK_WALK,20,0.11729323308270674,0.6223789817630219,0.11783561244483133,0.24253562503633297,NO_KNOWN_OVERLAP,INCLUDE_PRIMARY_INDEPENDENT,0.9398091995407436
GSE95233,SIG022,T1,T24,HALLMARK_XENOBIOTIC_METABOLISM,HALLMARK_SECONDARY,SSGSEA_RANK_WALK,20,-0.3157894736842105,0.17499413541563494,-0.32696323370333197,0.24253562503633297,NO_KNOWN_OVERLAP,INCLUDE_PRIMARY_INDEPENDENT,0.5317576132275218
GSE95233,SIG022,T1,T24,Neutrophil degranulation,REACTOME_SUPPLEMENT,SSGSEA_RANK_WALK,20,-0.28721804511278193,0.21950431346270238,-0.29553152722333276,0.24253562503633297,NO_KNOWN_OVERLAP,INCLUDE_PRIMARY_INDEPENDENT,0.40881908952023194
GSE95233,SIG022,T1,T24,TCR signaling,REACTOME_SUPPLEMENT,SSGSEA_RANK_WALK,20,0.19548872180451127,0.40881908952023194,0.19803768387916265,0.24253562503633297,NO_KNOWN_OVERLAP,INCLUDE_PRIMARY_INDEPENDENT,0.40881908952023194
GSE95233,SIG022,T2,T48,HALLMARK_ADIPOGENESIS,HALLMARK_SECONDARY,SSGSEA_RANK_WALK,31,-0.3479838709677419,0.05507138203607578,-0.36314801342149583,0.1889822365046136,NO_KNOWN_OVERLAP,INCLUDE_PRIMARY_INDEPENDENT,0.26775059225743114
GSE95233,SIG022,T2,T48,HALLMARK_ALLOGRAFT_REJECTION,PRESET_PRIMARY,SSGSEA_RANK_WALK,31,0.19112903225806452,0.3030266852328359,0.19350874728472214,0.1889822365046136,NO_KNOWN_OVERLAP,INCLUDE_PRIMARY_INDEPENDENT,0.34090502088694036
GSE95233,SIG022,T2,T48,HALLMARK_ANDROGEN_RESPONSE,HALLMARK_SECONDARY,SSGSEA_RANK_WALK,31,-0.24879032258064518,0.17713944721251035,-0.25412290468580717,0.1889822365046136,NO_KNOWN_OVERLAP,INCLUDE_PRIMARY_INDEPENDENT,0.4539198334820578
GSE95233,SIG022,T2,T48,HALLMARK_ANGIOGENESIS,HALLMARK_SECONDARY,SSGSEA_RANK_WALK,31,0.14717741935483872,0.429474435879987,0.1482541275400265,0.1889822365046136,NO_KNOWN_OVERLAP,INCLUDE_PRIMARY_INDEPENDENT,0.7043380748431787
GSE95233,SIG022,T2,T48,HALLMARK_APICAL_JUNCTION,HALLMARK_SECONDARY,SSGSEA_RANK_WALK,31,0.06370967741935485,0.7334877907712755,0.06379608550971157,0.1889822365046136,NO_KNOWN_OVERLAP,INCLUDE_PRIMARY_INDEPENDENT,0.9259629245661443
GSE95233,SIG022,T2,T48,HALLMARK_APICAL_SURFACE,HALLMARK_SECONDARY,SSGSEA_RANK_WALK,31,0.3258064516129032,0.07367410936498585,0.3381294812657118,0.1889822365046136,NO_KNOWN_OVERLAP,INCLUDE_PRIMARY_INDEPENDENT,0.30206384839644196
GSE95233,SIG022,T2,T48,HALLMARK_APOPTOSIS,PRESET_PRIMARY,SSGSEA_RANK_WALK,31,-0.23508064516129035,0.20301248457625123,-0.23956056844888052,0.1889822365046136,NO_KNOWN_OVERLAP,INCLUDE_PRIMARY_INDEPENDENT,0.30451872686437687
GSE95233,SIG022,T2,T48,HALLMARK_BILE_ACID_METABOLISM,HALLMARK_SECONDARY,SSGSEA_RANK_WALK,31,-0.34314516129032263,0.05877452025163122,-0.3576531147958173,0.1889822365046136,NO_KNOWN_OVERLAP,INCLUDE_PRIMARY_INDEPENDENT,0.26775059225743114
GSE95233,SIG022,T2,T48,HALLMARK_CHOLESTEROL_HOMEOSTASIS,HALLMARK_SECONDARY,SSGSEA_RANK_WALK,31,-0.4754032258064516,0.00687483303961631,-0.5170283432533508,0.1889822365046136,NO_KNOWN_OVERLAP,INCLUDE_PRIMARY_INDEPENDENT,0.07046703865606717
GSE95233,SIG022,T2,T48,HALLMARK_COAGULATION,PRESET_PRIMARY,SSGSEA_RANK_WALK,31,-0.11572580645161293,0.5352945604489174,-0.11624661568451888,0.1889822365046136,NO_KNOWN_OVERLAP,INCLUDE_PRIMARY_INDEPENDENT,0.5352945604489174
GSE95233,SIG022,T2,T48,HALLMARK_COMPLEMENT,PRESET_PRIMARY,SSGSEA_RANK_WALK,31,-0.37540322580645163,0.03742788540286655,-0.3946979710008886,0.1889822365046136,NO_KNOWN_OVERLAP,INCLUDE_PRIMARY_INDEPENDENT,0.11228365620859965
GSE95233,SIG022,T2,T48,HALLMARK_DNA_REPAIR,HALLMARK_SECONDARY,SSGSEA_RANK_WALK,31,0.038306451612903226,0.8378912813125025,0.038325204887697466,0.1889822365046136,NO_KNOWN_OVERLAP,INCLUDE_PRIMARY_INDEPENDENT,0.9271164019064386
GSE95233,SIG022,T2,T48,HALLMARK_E2F_TARGETS,HALLMARK_SECONDARY,SSGSEA_RANK_WALK,31,0.059677419354838716,0.7498025015817095,0.05974841606705907,0.1889822365046136,NO_KNOWN_OVERLAP,INCLUDE_PRIMARY_INDEPENDENT,0.9259629245661443
GSE95233,SIG022,T2,T48,HALLMARK_EPITHELIAL_MESENCHYMAL_TRANSITION,HALLMARK_SECONDARY,SSGSEA_RANK_WALK,31,-0.031854838709677424,0.8649199545149776,-0.0318656199692678,0.1889822365046136,NO_KNOWN_OVERLAP,INCLUDE_PRIMARY_INDEPENDENT,0.9271164019064386
GSE95233,SIG022,T2,T48,HALLMARK_ESTROGEN_RESPONSE_EARLY,HALLMARK_SECONDARY,SSGSEA_RANK_WALK,31,0.01088709677419355,0.9536471583154607,0.010887526949902046,0.1889822365046136,NO_KNOWN_OVERLAP,INCLUDE_PRIMARY_INDEPENDENT,0.9774883372733472
GSE95233,SIG022,T2,T48,HALLMARK_ESTROGEN_RESPONSE_LATE,HALLMARK_SECONDARY,SSGSEA_RANK_WALK,31,0.056854838709677426,0.761286690944497,0.056916218369613664,0.1889822365046136,NO_KNOWN_OVERLAP,INCLUDE_PRIMARY_INDEPENDENT,0.9259629245661443
GSE95233,SIG022,T2,T48,HALLMARK_FATTY_ACID_METABOLISM,HALLMARK_SECONDARY,SSGSEA_RANK_WALK,31,-0.27298387096774196,0.13732205471747821,-0.2800851326773372,0.1889822365046136,NO_KNOWN_OVERLAP,INCLUDE_PRIMARY_INDEPENDENT,0.43309263410896975
GSE95233,SIG022,T2,T48,HALLMARK_G2M_CHECKPOINT,HALLMARK_SECONDARY,SSGSEA_RANK_WALK,31,0.08387096774193549,0.6537377935935056,0.0840684609009991,0.1889822365046136,NO_KNOWN_OVERLAP,INCLUDE_PRIMARY_INDEPENDENT,0.9242499840459907
GSE95233,SIG022,T2,T48,HALLMARK_GLYCOLYSIS,HALLMARK_SECONDARY,SSGSEA_RANK_WALK,31,-0.11975806451612905,0.5210682941323059,-0.12033556537842784,0.1889822365046136,NO_KNOWN_OVERLAP,INCLUDE_PRIMARY_INDEPENDENT,0.7912518540527609
GSE95233,SIG022,T2,T48,HALLMARK_HEDGEHOG_SIGNALING,HALLMARK_SECONDARY,SSGSEA_RANK_WALK,31,0.2524193548387097,0.17069909374579967,0.25799512879141595,0.1889822365046136,NO_KNOWN_OVERLAP,INCLUDE_PRIMARY_INDEPENDENT,0.4539198334820578
GSE95233,SIG022,T2,T48,HALLMARK_HEME_METABOLISM,HALLMARK_SECONDARY,SSGSEA_RANK_WALK,31,0.14758064516129032,0.4281974280610519,0.14866630610980736,0.1889822365046136,NO_KNOWN_OVERLAP,INCLUDE_PRIMARY_INDEPENDENT,0.7043380748431787
GSE95233,SIG022,T2,T48,HALLMARK_HYPOXIA,HALLMARK_SECONDARY,SSGSEA_RANK_WALK,31,-0.08467741935483872,0.6506175701532939,-0.08488068106021822,0.1889822365046136,NO_KNOWN_OVERLAP,INCLUDE_PRIMARY_INDEPENDENT,0.9242499840459907
GSE95233,SIG022,T2,T48,HALLMARK_IL2_STAT5_SIGNALING,HALLMARK_SECONDARY,SSGSEA_RANK_WALK,31,-0.14838709677419354,0.4256497022345397,-0.14949081385285715,0.1889822365046136,NO_KNOWN_OVERLAP,INCLUDE_PRIMARY_INDEPENDENT,0.7043380748431787
GSE95233,SIG022,T2,T48,HALLMARK_IL6_JAK_STAT3_SIGNALING,HALLMARK_SECONDARY,SSGSEA_RANK_WALK,31,-0.5842741935483872,0.0005581059889551699,-0.66892786777075,0.1889822365046136,NO_KNOWN_OVERLAP,INCLUDE_PRIMARY_INDEPENDENT,0.022882345547161963
GSE95233,SIG022,T2,T48,HALLMARK_INFLAMMATORY_RESPONSE,PRESET_PRIMARY,SSGSEA_RANK_WALK,31,-0.43104838709677423,0.015480810461230027,-0.4611836003968413,0.1889822365046136,NO_KNOWN_OVERLAP,INCLUDE_PRIMARY_INDEPENDENT,0.06966364707553513
GSE95233,SIG022,T2,T48,HALLMARK_INTERFERON_ALPHA_RESPONSE,PRESET_PRIMARY,SSGSEA_RANK_WALK,31,-0.2846774193548387,0.1206149407645317,-0.29276466380023447,0.1889822365046136,NO_KNOWN_OVERLAP,INCLUDE_PRIMARY_INDEPENDENT,0.27138361672019634
GSE95233,SIG022,T2,T48,HALLMARK_INTERFERON_GAMMA_RESPONSE,PRESET_PRIMARY,SSGSEA_RANK_WALK,31,-0.26370967741935486,0.15172824511430447,-0.2700911808805262,0.1889822365046136,NO_KNOWN_OVERLAP,INCLUDE_PRIMARY_INDEPENDENT,0.273110841205748
GSE95233,SIG022,T2,T48,HALLMARK_KRAS_SIGNALING_DN,HALLMARK_SECONDARY,SSGSEA_RANK_WALK,31,0.18911290322580646,0.3082514424532381,0.1914170095213121,0.1889822365046136,NO_KNOWN_OVERLAP,INCLUDE_PRIMARY_INDEPENDENT,0.6319154570291381
GSE95233,SIG022,T2,T48,HALLMARK_KRAS_SIGNALING_UP,HALLMARK_SECONDARY,SSGSEA_RANK_WALK,31,-0.028225806451612906,0.8801916465025955,-0.028233305833885575,0.1889822365046136,NO_KNOWN_OVERLAP,INCLUDE_PRIMARY_INDEPENDENT,0.9271164019064386
GSE95233,SIG022,T2,T48,HALLMARK_MITOTIC_SPINDLE,HALLMARK_SECONDARY,SSGSEA_RANK_WALK,31,-0.2657258064516129,0.14850747286340546,-0.2722592385571728,0.1889822365046136,NO_KNOWN_OVERLAP,INCLUDE_PRIMARY_INDEPENDENT,0.43491474195711594
GSE95233,SIG022,T2,T48,HALLMARK_MTORC1_SIGNALING,HALLMARK_SECONDARY,SSGSEA_RANK_WALK,31,-0.17580645161290323,0.344138284253946,-0.17765207090247684,0.1889822365046136,NO_KNOWN_OVERLAP,INCLUDE_PRIMARY_INDEPENDENT,0.671889031162466
GSE95233,SIG022,T2,T48,HALLMARK_MYC_TARGETS_V1,HALLMARK_SECONDARY,SSGSEA_RANK_WALK,31,-0.05524193548387097,0.7678716935426563,-0.055298232011175105,0.1889822365046136,NO_KNOWN_OVERLAP,INCLUDE_PRIMARY_INDEPENDENT,0.9259629245661443
GSE95233,SIG022,T2,T48,HALLMARK_MYC_TARGETS_V2,HALLMARK_SECONDARY,SSGSEA_RANK_WALK,31,0.3141129032258065,0.08526900604534206,0.32510204322084996,0.1889822365046136,NO_KNOWN_OVERLAP,INCLUDE_PRIMARY_INDEPENDENT,0.31782084071445676
GSE95233,SIG022,T2,T48,HALLMARK_MYOGENESIS,HALLMARK_SECONDARY,SSGSEA_RANK_WALK,31,0.155241935483871,0.4043352509953403,0.15650739839630096,0.1889822365046136,NO_KNOWN_OVERLAP,INCLUDE_PRIMARY_INDEPENDENT,0.7043380748431787
GSE95233,SIG022,T2,T48,HALLMARK_NOTCH_SIGNALING,HALLMARK_SECONDARY,SSGSEA_RANK_WALK,31,-0.21008064516129035,0.2566571759390197,-0.2132557137479132,0.1889822365046136,NO_KNOWN_OVERLAP,INCLUDE_PRIMARY_INDEPENDENT,0.5846080118611005
GSE95233,SIG022,T2,T48,HALLMARK_OXIDATIVE_PHOSPHORYLATION,PRESET_PRIMARY,SSGSEA_RANK_WALK,31,-0.1923387096774194,0.2999187649655265,-0.19476459209332952,0.1889822365046136,NO_KNOWN_OVERLAP,INCLUDE_PRIMARY_INDEPENDENT,0.34090502088694036
GSE95233,SIG022,T2,T48,HALLMARK_P53_PATHWAY,HALLMARK_SECONDARY,SSGSEA_RANK_WALK,31,-0.22258064516129034,0.22877574725784172,-0.2263696357958857,0.1889822365046136,NO_KNOWN_OVERLAP,INCLUDE_PRIMARY_INDEPENDENT,0.5517532727983242
GSE95233,SIG022,T2,T48,HALLMARK_PANCREAS_BETA_CELLS,HALLMARK_SECONDARY,SSGSEA_RANK_WALK,31,0.46169354838709675,0.008934913599693544,0.4994614982272126,0.1889822365046136,NO_KNOWN_OVERLAP,INCLUDE_PRIMARY_INDEPENDENT,0.07326629151748706
GSE95233,SIG022,T2,T48,HALLMARK_PEROXISOME,HALLMARK_SECONDARY,SSGSEA_RANK_WALK,31,-0.18911290322580646,0.3082514424532381,-0.1914170095213121,0.1889822365046136,NO_KNOWN_OVERLAP,INCLUDE_PRIMARY_INDEPENDENT,0.6319154570291381
GSE95233,SIG022,T2,T48,HALLMARK_PI3K_AKT_MTOR_SIGNALING,HALLMARK_SECONDARY,SSGSEA_RANK_WALK,31,-0.28709677419354845,0.11735514439325474,-0.2953993576860554,0.1889822365046136,NO_KNOWN_OVERLAP,INCLUDE_PRIMARY_INDEPENDENT,0.400963410010287
GSE95233,SIG022,T2,T48,HALLMARK_PROTEIN_SECRETION,HALLMARK_SECONDARY,SSGSEA_RANK_WALK,31,-0.5451612903225806,0.0015167020868053081,-0.6114703535163735,0.1889822365046136,NO_KNOWN_OVERLAP,INCLUDE_PRIMARY_INDEPENDENT,0.03109239277950882
GSE95233,SIG022,T2,T48,HALLMARK_REACTIVE_OXYGEN_SPECIES_PATHWAY,HALLMARK_SECONDARY,SSGSEA_RANK_WALK,31,-0.4955645161290323,0.004585241636179438,-0.5434095335113399,0.1889822365046136,NO_KNOWN_OVERLAP,INCLUDE_PRIMARY_INDEPENDENT,0.06266496902778565
GSE95233,SIG022,T2,T48,HALLMARK_SPERMATOGENESIS,HALLMARK_SECONDARY,SSGSEA_RANK_WALK,31,-0.0032258064516129037,0.9862591419390376,-0.0032258176407443362,0.1889822365046136,NO_KNOWN_OVERLAP,INCLUDE_PRIMARY_INDEPENDENT,0.9862591419390376
GSE95233,SIG022,T2,T48,HALLMARK_TGF_BETA_SIGNALING,HALLMARK_SECONDARY,SSGSEA_RANK_WALK,31,-0.41975806451612907,0.01873174715106857,-0.44739830613384235,0.1889822365046136,NO_KNOWN_OVERLAP,INCLUDE_PRIMARY_INDEPENDENT,0.12800027219896856
GSE95233,SIG022,T2,T48,HALLMARK_TNFA_SIGNALING_VIA_NFKB,PRESET_PRIMARY,SSGSEA_RANK_WALK,31,-0.43104838709677423,0.015480810461230027,-0.4611836003968413,0.1889822365046136,NO_KNOWN_OVERLAP,INCLUDE_PRIMARY_INDEPENDENT,0.06966364707553513
GSE95233,SIG022,T2,T48,HALLMARK_UNFOLDED_PROTEIN_RESPONSE,HALLMARK_SECONDARY,SSGSEA_RANK_WALK,31,0.12258064516129034,0.5112209001524455,0.12320020673923854,0.1889822365046136,NO_KNOWN_OVERLAP,INCLUDE_PRIMARY_INDEPENDENT,0.7912518540527609
GSE95233,SIG022,T2,T48,HALLMARK_UV_RESPONSE_DN,HALLMARK_SECONDARY,SSGSEA_RANK_WALK,31,-0.03951612903225807,0.8328425648949725,-0.03953671679194365,0.1889822365046136,NO_KNOWN_OVERLAP,INCLUDE_PRIMARY_INDEPENDENT,0.9271164019064386
GSE95233,SIG022,T2,T48,HALLMARK_UV_RESPONSE_UP,HALLMARK_SECONDARY,SSGSEA_RANK_WALK,31,-0.027822580645161292,0.8818912115695392,-0.0278297630974722,0.1889822365046136,NO_KNOWN_OVERLAP,INCLUDE_PRIMARY_INDEPENDENT,0.9271164019064386
GSE95233,SIG022,T2,T48,HALLMARK_WNT_BETA_CATENIN_SIGNALING,HALLMARK_SECONDARY,SSGSEA_RANK_WALK,31,0.4028225806451613,0.024652397983635544,0.4270136804420716,0.1889822365046136,NO_KNOWN_OVERLAP,INCLUDE_PRIMARY_INDEPENDENT,0.1443926167612939
GSE95233,SIG022,T2,T48,HALLMARK_XENOBIOTIC_METABOLISM,HALLMARK_SECONDARY,SSGSEA_RANK_WALK,31,-0.06733870967741935,0.7189011751841445,-0.06744076999783105,0.1889822365046136,NO_KNOWN_OVERLAP,INCLUDE_PRIMARY_INDEPENDENT,0.9259629245661443
GSE95233,SIG022,T2,T48,Neutrophil degranulation,REACTOME_SUPPLEMENT,SSGSEA_RANK_WALK,31,-0.6290322580645162,0.0001504251520684225,-0.7398131504560551,0.1889822365046136,NO_KNOWN_OVERLAP,INCLUDE_PRIMARY_INDEPENDENT,0.000300850304136845
GSE95233,SIG022,T2,T48,TCR signaling,REACTOME_SUPPLEMENT,SSGSEA_RANK_WALK,31,0.0774193548387097,0.6789024982373919,0.07757459107842393,0.1889822365046136,NO_KNOWN_OVERLAP,INCLUDE_PRIMARY_INDEPENDENT,0.6789024982373919
GSE95233,SIG023,T1,T24,HALLMARK_ADIPOGENESIS,HALLMARK_SECONDARY,SSGSEA_RANK_WALK,20,-0.32481203007518794,0.16232315576999945,-0.3370173690969626,0.24253562503633297,NO_KNOWN_OVERLAP,INCLUDE_PRIMARY_INDEPENDENT,0.350276283503683
GSE95233,SIG023,T1,T24,HALLMARK_ALLOGRAFT_REJECTION,PRESET_PRIMARY,SSGSEA_RANK_WALK,20,-0.544360902255639,0.013082608661519567,-0.6103322022095945,0.24253562503633297,NO_KNOWN_OVERLAP,INCLUDE_PRIMARY_INDEPENDENT,0.019623912992279353
GSE95233,SIG023,T1,T24,HALLMARK_ANDROGEN_RESPONSE,HALLMARK_SECONDARY,SSGSEA_RANK_WALK,20,0.24962406015037594,0.28851258969719185,0.25501184955196476,0.24253562503633297,NO_KNOWN_OVERLAP,INCLUDE_PRIMARY_INDEPENDENT,0.4472826576649536
GSE95233,SIG023,T1,T24,HALLMARK_ANGIOGENESIS,HALLMARK_SECONDARY,SSGSEA_RANK_WALK,20,-0.4661654135338345,0.03829049887630508,-0.5051598407612156,0.24253562503633297,NO_KNOWN_OVERLAP,INCLUDE_PRIMARY_INDEPENDENT,0.13325894991106516
GSE95233,SIG023,T1,T24,HALLMARK_APICAL_JUNCTION,HALLMARK_SECONDARY,SSGSEA_RANK_WALK,20,-0.23609022556390977,0.3162939707830972,-0.24062947373884902,0.24253562503633297,NO_KNOWN_OVERLAP,INCLUDE_PRIMARY_INDEPENDENT,0.4631447429323923
GSE95233,SIG023,T1,T24,HALLMARK_APICAL_SURFACE,HALLMARK_SECONDARY,SSGSEA_RANK_WALK,20,-0.5172932330827067,0.019500547061355036,-0.5726369486117965,0.24253562503633297,NO_KNOWN_OVERLAP,INCLUDE_PRIMARY_INDEPENDENT,0.09994030368944455
GSE95233,SIG023,T1,T24,HALLMARK_APOPTOSIS,PRESET_PRIMARY,SSGSEA_RANK_WALK,20,-0.5684210526315789,0.008922760369500673,-0.6451871196205757,0.24253562503633297,NO_KNOWN_OVERLAP,INCLUDE_PRIMARY_INDEPENDENT,0.016060968665101212
GSE95233,SIG023,T1,T24,HALLMARK_BILE_ACID_METABOLISM,HALLMARK_SECONDARY,SSGSEA_RANK_WALK,20,-0.08872180451127819,0.7099206278927328,-0.08895570315820095,0.24253562503633297,NO_KNOWN_OVERLAP,INCLUDE_PRIMARY_INDEPENDENT,0.8316213069600584
GSE95233,SIG023,T1,T24,HALLMARK_CHOLESTEROL_HOMEOSTASIS,HALLMARK_SECONDARY,SSGSEA_RANK_WALK,20,0.021052631578947364,0.9297994024457079,0.021055742675063438,0.24253562503633297,NO_KNOWN_OVERLAP,INCLUDE_PRIMARY_INDEPENDENT,0.9297994024457079
GSE95233,SIG023,T1,T24,HALLMARK_COAGULATION,PRESET_PRIMARY,SSGSEA_RANK_WALK,20,-0.25864661654135335,0.2708557980141591,-0.26465744822339254,0.24253562503633297,NO_KNOWN_OVERLAP,INCLUDE_PRIMARY_INDEPENDENT,0.304712772765929
GSE95233,SIG023,T1,T24,HALLMARK_COMPLEMENT,PRESET_PRIMARY,SSGSEA_RANK_WALK,20,-0.6390977443609022,0.002416579396833126,-0.7566470259405988,0.24253562503633297,NO_KNOWN_OVERLAP,INCLUDE_PRIMARY_INDEPENDENT,0.010874607285749068
GSE95233,SIG023,T1,T24,HALLMARK_DNA_REPAIR,HALLMARK_SECONDARY,SSGSEA_RANK_WALK,20,-0.47518796992481205,0.03422725114507126,-0.516750268681468,0.24253562503633297,NO_KNOWN_OVERLAP,INCLUDE_PRIMARY_INDEPENDENT,0.13325894991106516
GSE95233,SIG023,T1,T24,HALLMARK_E2F_TARGETS,HALLMARK_SECONDARY,SSGSEA_RANK_WALK,20,-0.30526315789473685,0.19060938739632305,-0.31531341178930566,0.24253562503633297,NO_KNOWN_OVERLAP,INCLUDE_PRIMARY_INDEPENDENT,0.359521859062995
GSE95233,SIG023,T1,T24,HALLMARK_EPITHELIAL_MESENCHYMAL_TRANSITION,HALLMARK_SECONDARY,SSGSEA_RANK_WALK,20,-0.45112781954887216,0.04588325880000641,-0.4861153738782472,0.24253562503633297,NO_KNOWN_OVERLAP,INCLUDE_PRIMARY_INDEPENDENT,0.14415979745548774
GSE95233,SIG023,T1,T24,HALLMARK_ESTROGEN_RESPONSE_EARLY,HALLMARK_SECONDARY,SSGSEA_RANK_WALK,20,-0.49022556390977434,0.028210805618894004,-0.5363572134747687,0.24253562503633297,NO_KNOWN_OVERLAP,INCLUDE_PRIMARY_INDEPENDENT,0.12851589226385046
GSE95233,SIG023,T1,T24,HALLMARK_ESTROGEN_RESPONSE_LATE,HALLMARK_SECONDARY,SSGSEA_RANK_WALK,20,-0.4451127819548871,0.04922529669211776,-0.4785888824648825,0.24253562503633297,NO_KNOWN_OVERLAP,INCLUDE_PRIMARY_INDEPENDENT,0.14415979745548774
GSE95233,SIG023,T1,T24,HALLMARK_FATTY_ACID_METABOLISM,HALLMARK_SECONDARY,SSGSEA_RANK_WALK,20,-0.22556390977443608,0.33897093917086685,-0.22951060628856326,0.24253562503633297,NO_KNOWN_OVERLAP,INCLUDE_PRIMARY_INDEPENDENT,0.4792347760691566
GSE95233,SIG023,T1,T24,HALLMARK_G2M_CHECKPOINT,HALLMARK_SECONDARY,SSGSEA_RANK_WALK,20,-0.28721804511278193,0.21950431346270238,-0.29553152722333276,0.24253562503633297,NO_KNOWN_OVERLAP,INCLUDE_PRIMARY_INDEPENDENT,0.3912902979117738
GSE95233,SIG023,T1,T24,HALLMARK_GLYCOLYSIS,HALLMARK_SECONDARY,SSGSEA_RANK_WALK,20,-0.07969924812030074,0.73837374901493,-0.07986864326794904,0.24253562503633297,NO_KNOWN_OVERLAP,INCLUDE_PRIMARY_INDEPENDENT,0.840925658600337
GSE95233,SIG023,T1,T24,HALLMARK_HEDGEHOG_SIGNALING,HALLMARK_SECONDARY,SSGSEA_RANK_WALK,20,-0.27368421052631575,0.24296636906130623,-0.28084202049974083,0.24253562503633297,NO_KNOWN_OVERLAP,INCLUDE_PRIMARY_INDEPENDENT,0.4150675471463981
GSE95233,SIG023,T1,T24,HALLMARK_HEME_METABOLISM,HALLMARK_SECONDARY,SSGSEA_RANK_WALK,20,-0.6165413533834586,0.0037895555881575995,-0.7194061977016685,0.24253562503633297,NO_KNOWN_OVERLAP,INCLUDE_PRIMARY_INDEPENDENT,0.03790544029992089
GSE95233,SIG023,T1,T24,HALLMARK_HYPOXIA,HALLMARK_SECONDARY,SSGSEA_RANK_WALK,20,-0.3759398496240601,0.10234904601068492,-0.3953227725224114,0.24253562503633297,NO_KNOWN_OVERLAP,INCLUDE_PRIMARY_INDEPENDENT,0.24684181684929893
GSE95233,SIG023,T1,T24,HALLMARK_IL2_STAT5_SIGNALING,HALLMARK_SECONDARY,SSGSEA_RANK_WALK,20,-0.6225563909774435,0.0033722438431556664,-0.7291685130631752,0.24253562503633297,NO_KNOWN_OVERLAP,INCLUDE_PRIMARY_INDEPENDENT,0.03790544029992089
GSE95233,SIG023,T1,T24,HALLMARK_IL6_JAK_STAT3_SIGNALING,HALLMARK_SECONDARY,SSGSEA_RANK_WALK,20,-0.21353383458646616,0.36602063833951404,-0.21687110210251292,0.24253562503633297,NO_KNOWN_OVERLAP,INCLUDE_PRIMARY_INDEPENDENT,0.5002282057306692
GSE95233,SIG023,T1,T24,HALLMARK_INFLAMMATORY_RESPONSE,PRESET_PRIMARY,SSGSEA_RANK_WALK,20,-0.5924812030075187,0.005910465902184195,-0.6814807623608526,0.24253562503633297,NO_KNOWN_OVERLAP,INCLUDE_PRIMARY_INDEPENDENT,0.01598498447647599
GSE95233,SIG023,T1,T24,HALLMARK_INTERFERON_ALPHA_RESPONSE,PRESET_PRIMARY,SSGSEA_RANK_WALK,20,-0.49022556390977434,0.028210805618894004,-0.5363572134747687,0.24253562503633297,NO_KNOWN_OVERLAP,INCLUDE_PRIMARY_INDEPENDENT,0.036271035795720864
GSE95233,SIG023,T1,T24,HALLMARK_INTERFERON_GAMMA_RESPONSE,PRESET_PRIMARY,SSGSEA_RANK_WALK,20,-0.5819548872180451,0.00710443754510044,-0.6654136398035091,0.24253562503633297,NO_KNOWN_OVERLAP,INCLUDE_PRIMARY_INDEPENDENT,0.01598498447647599
GSE95233,SIG023,T1,T24,HALLMARK_KRAS_SIGNALING_DN,HALLMARK_SECONDARY,SSGSEA_RANK_WALK,20,-0.2556390977443609,0.27666444989581596,-0.2614369811410826,0.24253562503633297,NO_KNOWN_OVERLAP,INCLUDE_PRIMARY_INDEPENDENT,0.4472826576649536
GSE95233,SIG023,T1,T24,HALLMARK_KRAS_SIGNALING_UP,HALLMARK_SECONDARY,SSGSEA_RANK_WALK,20,-0.669172932330827,0.0012527491395978986,-0.809243873977009,0.24253562503633297,NO_KNOWN_OVERLAP,INCLUDE_PRIMARY_INDEPENDENT,0.02568135736175692
GSE95233,SIG023,T1,T24,HALLMARK_MITOTIC_SPINDLE,HALLMARK_SECONDARY,SSGSEA_RANK_WALK,20,0.11879699248120301,0.6178918280262935,0.11936062262803963,0.24253562503633297,NO_KNOWN_OVERLAP,INCLUDE_PRIMARY_INDEPENDENT,0.767683786335698
GSE95233,SIG023,T1,T24,HALLMARK_MTORC1_SIGNALING,HALLMARK_SECONDARY,SSGSEA_RANK_WALK,20,-0.34736842105263155,0.13344922901624715,-0.3624479394372628,0.24253562503633297,NO_KNOWN_OVERLAP,INCLUDE_PRIMARY_INDEPENDENT,0.30396768831478516
GSE95233,SIG023,T1,T24,HALLMARK_MYC_TARGETS_V1,HALLMARK_SECONDARY,SSGSEA_RANK_WALK,20,-0.5263157894736841,0.017130651985788236,-0.5850356263251272,0.24253562503633297,NO_KNOWN_OVERLAP,INCLUDE_PRIMARY_INDEPENDENT,0.09994030368944455
GSE95233,SIG023,T1,T24,HALLMARK_MYC_TARGETS_V2,HALLMARK_SECONDARY,SSGSEA_RANK_WALK,20,-0.5759398496240601,0.007870940177445081,-0.6563658969714369,0.24253562503633297,NO_KNOWN_OVERLAP,INCLUDE_PRIMARY_INDEPENDENT,0.053784757879208056
GSE95233,SIG023,T1,T24,HALLMARK_MYOGENESIS,HALLMARK_SECONDARY,SSGSEA_RANK_WALK,20,-0.4646616541353384,0.039002619486165416,-0.5032402863952523,0.24253562503633297,NO_KNOWN_OVERLAP,INCLUDE_PRIMARY_INDEPENDENT,0.13325894991106516
GSE95233,SIG023,T1,T24,HALLMARK_NOTCH_SIGNALING,HALLMARK_SECONDARY,SSGSEA_RANK_WALK,20,-0.16691729323308271,0.48182491843154673,-0.16849391671796748,0.24253562503633297,NO_KNOWN_OVERLAP,INCLUDE_PRIMARY_INDEPENDENT,0.6372523114739812
GSE95233,SIG023,T1,T24,HALLMARK_OXIDATIVE_PHOSPHORYLATION,PRESET_PRIMARY,SSGSEA_RANK_WALK,20,-0.21804511278195485,0.35573636611773685,-0.22160271804550563,0.24253562503633297,NO_KNOWN_OVERLAP,INCLUDE_PRIMARY_INDEPENDENT,0.35573636611773685
GSE95233,SIG023,T1,T24,HALLMARK_P53_PATHWAY,HALLMARK_SECONDARY,SSGSEA_RANK_WALK,20,-0.4090225563909774,0.07334086574364805,-0.4344368351845804,0.24253562503633297,NO_KNOWN_OVERLAP,INCLUDE_PRIMARY_INDEPENDENT,0.200465033032638
GSE95233,SIG023,T1,T24,HALLMARK_PANCREAS_BETA_CELLS,HALLMARK_SECONDARY,SSGSEA_RANK_WALK,20,-0.06766917293233082,0.7768207117441497,-0.06777274599811194,0.24253562503633297,NO_KNOWN_OVERLAP,INCLUDE_PRIMARY_INDEPENDENT,0.8608013292300037
GSE95233,SIG023,T1,T24,HALLMARK_PEROXISOME,HALLMARK_SECONDARY,SSGSEA_RANK_WALK,20,0.31729323308270674,0.1728368864071423,0.3286344464475217,0.24253562503633297,NO_KNOWN_OVERLAP,INCLUDE_PRIMARY_INDEPENDENT,0.35431561713464166
GSE95233,SIG023,T1,T24,HALLMARK_PI3K_AKT_MTOR_SIGNALING,HALLMARK_SECONDARY,SSGSEA_RANK_WALK,20,-0.15037593984962402,0.5268549482529812,-0.1515250513400474,0.24253562503633297,NO_KNOWN_OVERLAP,INCLUDE_PRIMARY_INDEPENDENT,0.6750329024491322
GSE95233,SIG023,T1,T24,HALLMARK_PROTEIN_SECRETION,HALLMARK_SECONDARY,SSGSEA_RANK_WALK,20,0.6060150375939849,0.00462261467072206,0.7025992578795215,0.24253562503633297,NO_KNOWN_OVERLAP,INCLUDE_PRIMARY_INDEPENDENT,0.03790544029992089
GSE95233,SIG023,T1,T24,HALLMARK_REACTIVE_OXYGEN_SPECIES_PATHWAY,HALLMARK_SECONDARY,SSGSEA_RANK_WALK,20,-0.3037593984962406,0.19291416827770463,-0.3136559613471539,0.24253562503633297,NO_KNOWN_OVERLAP,INCLUDE_PRIMARY_INDEPENDENT,0.359521859062995
GSE95233,SIG023,T1,T24,HALLMARK_SPERMATOGENESIS,HALLMARK_SECONDARY,SSGSEA_RANK_WALK,20,0.03609022556390977,0.8799311955207728,0.03610590704649426,0.24253562503633297,NO_KNOWN_OVERLAP,INCLUDE_PRIMARY_INDEPENDENT,0.9172257460531978
GSE95233,SIG023,T1,T24,HALLMARK_TGF_BETA_SIGNALING,HALLMARK_SECONDARY,SSGSEA_RANK_WALK,20,0.09172932330827067,0.7005157258604466,0.09198790844499058,0.24253562503633297,NO_KNOWN_OVERLAP,INCLUDE_PRIMARY_INDEPENDENT,0.8316213069600584
GSE95233,SIG023,T1,T24,HALLMARK_TNFA_SIGNALING_VIA_NFKB,PRESET_PRIMARY,SSGSEA_RANK_WALK,20,-0.6706766917293233,0.0012099715195241654,-0.8119720299115646,0.24253562503633297,NO_KNOWN_OVERLAP,INCLUDE_PRIMARY_INDEPENDENT,0.010874607285749068
GSE95233,SIG023,T1,T24,HALLMARK_UNFOLDED_PROTEIN_RESPONSE,HALLMARK_SECONDARY,SSGSEA_RANK_WALK,20,-0.7563909774436091,0.00011384195119063901,-0.9877259140778942,0.24253562503633297,NO_KNOWN_OVERLAP,INCLUDE_PRIMARY_INDEPENDENT,0.004667519998816199
GSE95233,SIG023,T1,T24,HALLMARK_UV_RESPONSE_DN,HALLMARK_SECONDARY,SSGSEA_RANK_WALK,20,-0.03157894736842105,0.8948543863933638,-0.0315894508107658,0.24253562503633297,NO_KNOWN_OVERLAP,INCLUDE_PRIMARY_INDEPENDENT,0.9172257460531978
GSE95233,SIG023,T1,T24,HALLMARK_UV_RESPONSE_UP,HALLMARK_SECONDARY,SSGSEA_RANK_WALK,20,-0.3804511278195489,0.0979680397059128,-0.400587020635482,0.24253562503633297,NO_KNOWN_OVERLAP,INCLUDE_PRIMARY_INDEPENDENT,0.24684181684929893
GSE95233,SIG023,T1,T24,HALLMARK_WNT_BETA_CATENIN_SIGNALING,HALLMARK_SECONDARY,SSGSEA_RANK_WALK,20,-0.24661654135338343,0.29455199407204263,-0.25180702702521507,0.24253562503633297,NO_KNOWN_OVERLAP,INCLUDE_PRIMARY_INDEPENDENT,0.4472826576649536
GSE95233,SIG023,T1,T24,HALLMARK_XENOBIOTIC_METABOLISM,HALLMARK_SECONDARY,SSGSEA_RANK_WALK,20,-0.04210526315789473,0.8600949015145793,-0.04213017180886993,0.24253562503633297,NO_KNOWN_OVERLAP,INCLUDE_PRIMARY_INDEPENDENT,0.9172257460531978
GSE95233,SIG023,T1,T24,Neutrophil degranulation,REACTOME_SUPPLEMENT,SSGSEA_RANK_WALK,20,-0.2571428571428572,0.27375050350001584,-0.2630465479483896,0.24253562503633297,NO_KNOWN_OVERLAP,INCLUDE_PRIMARY_INDEPENDENT,0.3356744310134179
GSE95233,SIG023,T1,T24,TCR signaling,REACTOME_SUPPLEMENT,SSGSEA_RANK_WALK,20,-0.2270676691729323,0.3356744310134179,-0.23109554475447092,0.24253562503633297,NO_KNOWN_OVERLAP,INCLUDE_PRIMARY_INDEPENDENT,0.3356744310134179
GSE95233,SIG023,T2,T48,HALLMARK_ADIPOGENESIS,HALLMARK_SECONDARY,SSGSEA_RANK_WALK,31,0.04274193548387097,0.8194117265731522,0.042767992081094726,0.1889822365046136,NO_KNOWN_OVERLAP,INCLUDE_PRIMARY_INDEPENDENT,0.9228795989376724
GSE95233,SIG023,T2,T48,HALLMARK_ALLOGRAFT_REJECTION,PRESET_PRIMARY,SSGSEA_RANK_WALK,31,-0.35282258064516137,0.051554911829482436,-0.36866400692083307,0.1889822365046136,NO_KNOWN_OVERLAP,INCLUDE_PRIMARY_INDEPENDENT,0.1546647354884473
GSE95233,SIG023,T2,T48,HALLMARK_ANDROGEN_RESPONSE,HALLMARK_SECONDARY,SSGSEA_RANK_WALK,31,0.49395161290322587,0.00474046787548493,0.5412738430821515,0.1889822365046136,NO_KNOWN_OVERLAP,INCLUDE_PRIMARY_INDEPENDENT,0.19435918289488213
GSE95233,SIG023,T2,T48,HALLMARK_ANGIOGENESIS,HALLMARK_SECONDARY,SSGSEA_RANK_WALK,31,-0.055645161290322584,0.7662239346637291,-0.0557027011560913,0.1889822365046136,NO_KNOWN_OVERLAP,INCLUDE_PRIMARY_INDEPENDENT,0.9228795989376724
GSE95233,SIG023,T2,T48,HALLMARK_APICAL_JUNCTION,HALLMARK_SECONDARY,SSGSEA_RANK_WALK,31,-0.04516129032258065,0.8093712112440687,-0.04519203073413451,0.1889822365046136,NO_KNOWN_OVERLAP,INCLUDE_PRIMARY_INDEPENDENT,0.9228795989376724
GSE95233,SIG023,T2,T48,HALLMARK_APICAL_SURFACE,HALLMARK_SECONDARY,SSGSEA_RANK_WALK,31,-0.24112903225806454,0.19129442847272676,-0.24597249712674982,0.1889822365046136,NO_KNOWN_OVERLAP,INCLUDE_PRIMARY_INDEPENDENT,0.9089027894604377
GSE95233,SIG023,T2,T48,HALLMARK_APOPTOSIS,PRESET_PRIMARY,SSGSEA_RANK_WALK,31,-0.1810483870967742,0.32971070202871466,-0.1830663926236744,0.1889822365046136,NO_KNOWN_OVERLAP,INCLUDE_PRIMARY_INDEPENDENT,0.42391375975120454
GSE95233,SIG023,T2,T48,HALLMARK_BILE_ACID_METABOLISM,HALLMARK_SECONDARY,SSGSEA_RANK_WALK,31,-0.07379032258064516,0.6932102605295571,-0.07392469156241699,0.1889822365046136,NO_KNOWN_OVERLAP,INCLUDE_PRIMARY_INDEPENDENT,0.9228795989376724
GSE95233,SIG023,T2,T48,HALLMARK_CHOLESTEROL_HOMEOSTASIS,HALLMARK_SECONDARY,SSGSEA_RANK_WALK,31,0.2520161290322581,0.17140636643968007,0.25756450966302186,0.1889822365046136,NO_KNOWN_OVERLAP,INCLUDE_PRIMARY_INDEPENDENT,0.9089027894604377
GSE95233,SIG023,T2,T48,HALLMARK_COAGULATION,PRESET_PRIMARY,SSGSEA_RANK_WALK,31,-0.10806451612903227,0.5628246105370012,-0.10848814535000728,0.1889822365046136,NO_KNOWN_OVERLAP,INCLUDE_PRIMARY_INDEPENDENT,0.6331776868541263
GSE95233,SIG023,T2,T48,HALLMARK_COMPLEMENT,PRESET_PRIMARY,SSGSEA_RANK_WALK,31,-0.2931451612903226,0.10949265005876845,-0.30200365738596024,0.1889822365046136,NO_KNOWN_OVERLAP,INCLUDE_PRIMARY_INDEPENDENT,0.1696668230282908
GSE95233,SIG023,T2,T48,HALLMARK_DNA_REPAIR,HALLMARK_SECONDARY,SSGSEA_RANK_WALK,31,-0.13548387096774192,0.4674071774476669,-0.13632209754362018,0.1889822365046136,NO_KNOWN_OVERLAP,INCLUDE_PRIMARY_INDEPENDENT,0.9228795989376724
GSE95233,SIG023,T2,T48,HALLMARK_E2F_TARGETS,HALLMARK_SECONDARY,SSGSEA_RANK_WALK,31,-0.04516129032258065,0.8093712112440687,-0.04519203073413451,0.1889822365046136,NO_KNOWN_OVERLAP,INCLUDE_PRIMARY_INDEPENDENT,0.9228795989376724
GSE95233,SIG023,T2,T48,HALLMARK_EPITHELIAL_MESENCHYMAL_TRANSITION,HALLMARK_SECONDARY,SSGSEA_RANK_WALK,31,0.0072580645161290334,0.9690889496220318,0.007258191970562084,0.1889822365046136,NO_KNOWN_OVERLAP,INCLUDE_PRIMARY_INDEPENDENT,0.9896941453309824
GSE95233,SIG023,T2,T48,HALLMARK_ESTROGEN_RESPONSE_EARLY,HALLMARK_SECONDARY,SSGSEA_RANK_WALK,31,-0.20927419354838714,0.25852946443001434,-0.21241217627633144,0.1889822365046136,NO_KNOWN_OVERLAP,INCLUDE_PRIMARY_INDEPENDENT,0.9089027894604377
GSE95233,SIG023,T2,T48,HALLMARK_ESTROGEN_RESPONSE_LATE,HALLMARK_SECONDARY,SSGSEA_RANK_WALK,31,-0.03991935483870968,0.831161099300751,-0.039940579697241005,0.1889822365046136,NO_KNOWN_OVERLAP,INCLUDE_PRIMARY_INDEPENDENT,0.9228795989376724
GSE95233,SIG023,T2,T48,HALLMARK_FATTY_ACID_METABOLISM,HALLMARK_SECONDARY,SSGSEA_RANK_WALK,31,0.09072580645161292,0.6274035095319996,0.0909759696719016,0.1889822365046136,NO_KNOWN_OVERLAP,INCLUDE_PRIMARY_INDEPENDENT,0.9228795989376724
GSE95233,SIG023,T2,T48,HALLMARK_G2M_CHECKPOINT,HALLMARK_SECONDARY,SSGSEA_RANK_WALK,31,-0.06572580645161291,0.7253724932373423,-0.06582069508595649,0.1889822365046136,NO_KNOWN_OVERLAP,INCLUDE_PRIMARY_INDEPENDENT,0.9228795989376724
GSE95233,SIG023,T2,T48,HALLMARK_GLYCOLYSIS,HALLMARK_SECONDARY,SSGSEA_RANK_WALK,31,0.31330645161290327,0.08611735202782235,0.32420756230677267,0.1889822365046136,NO_KNOWN_OVERLAP,INCLUDE_PRIMARY_INDEPENDENT,0.9089027894604377
GSE95233,SIG023,T2,T48,HALLMARK_HEDGEHOG_SIGNALING,HALLMARK_SECONDARY,SSGSEA_RANK_WALK,31,-0.047580645161290326,0.7993603323613843,-0.04761660023661862,0.1889822365046136,NO_KNOWN_OVERLAP,INCLUDE_PRIMARY_INDEPENDENT,0.9228795989376724
GSE95233,SIG023,T2,T48,HALLMARK_HEME_METABOLISM,HALLMARK_SECONDARY,SSGSEA_RANK_WALK,31,-0.2737903225806452,0.13611831529952004,-0.2809567278130646,0.1889822365046136,NO_KNOWN_OVERLAP,INCLUDE_PRIMARY_INDEPENDENT,0.9089027894604377
GSE95233,SIG023,T2,T48,HALLMARK_HYPOXIA,HALLMARK_SECONDARY,SSGSEA_RANK_WALK,31,-0.03346774193548387,0.8581475135178092,-0.03348024596484338,0.1889822365046136,NO_KNOWN_OVERLAP,INCLUDE_PRIMARY_INDEPENDENT,0.9258960014271098
GSE95233,SIG023,T2,T48,HALLMARK_IL2_STAT5_SIGNALING,HALLMARK_SECONDARY,SSGSEA_RANK_WALK,31,-0.15766129032258067,0.3969596036225368,-0.1589874592822491,0.1889822365046136,NO_KNOWN_OVERLAP,INCLUDE_PRIMARY_INDEPENDENT,0.9228795989376724
GSE95233,SIG023,T2,T48,HALLMARK_IL6_JAK_STAT3_SIGNALING,HALLMARK_SECONDARY,SSGSEA_RANK_WALK,31,0.06088709677419355,0.744896584140021,0.06096250557797587,0.1889822365046136,NO_KNOWN_OVERLAP,INCLUDE_PRIMARY_INDEPENDENT,0.9228795989376724
GSE95233,SIG023,T2,T48,HALLMARK_INFLAMMATORY_RESPONSE,PRESET_PRIMARY,SSGSEA_RANK_WALK,31,-0.3189516129032258,0.08031260167212452,-0.33047955536529194,0.1889822365046136,NO_KNOWN_OVERLAP,INCLUDE_PRIMARY_INDEPENDENT,0.1696668230282908
GSE95233,SIG023,T2,T48,HALLMARK_INTERFERON_ALPHA_RESPONSE,PRESET_PRIMARY,SSGSEA_RANK_WALK,31,-0.6133064516129033,0.00024387687941376687,-0.7142042669868985,0.1889822365046136,NO_KNOWN_OVERLAP,INCLUDE_PRIMARY_INDEPENDENT,0.0010974459573619508
GSE95233,SIG023,T2,T48,HALLMARK_INTERFERON_GAMMA_RESPONSE,PRESET_PRIMARY,SSGSEA_RANK_WALK,31,-0.6633064516129032,4.763297582054586e-05,-0.798694786958963,0.1889822365046136,NO_KNOWN_OVERLAP,INCLUDE_PRIMARY_INDEPENDENT,0.0004286967823849128
GSE95233,SIG023,T2,T48,HALLMARK_KRAS_SIGNALING_DN,HALLMARK_SECONDARY,SSGSEA_RANK_WALK,31,-0.18830645161290324,0.31035705005966163,-0.19058077854895164,0.1889822365046136,NO_KNOWN_OVERLAP,INCLUDE_PRIMARY_INDEPENDENT,0.9089027894604377
GSE95233,SIG023,T2,T48,HALLMARK_KRAS_SIGNALING_UP,HALLMARK_SECONDARY,SSGSEA_RANK_WALK,31,-0.23548387096774195,0.20221622670700387,-0.2399874240227574,0.1889822365046136,NO_KNOWN_OVERLAP,INCLUDE_PRIMARY_INDEPENDENT,0.9089027894604377
GSE95233,SIG023,T2,T48,HALLMARK_MITOTIC_SPINDLE,HALLMARK_SECONDARY,SSGSEA_RANK_WALK,31,-0.03951612903225807,0.8328425648949725,-0.03953671679194365,0.1889822365046136,NO_KNOWN_OVERLAP,INCLUDE_PRIMARY_INDEPENDENT,0.9228795989376724
GSE95233,SIG023,T2,T48,HALLMARK_MTORC1_SIGNALING,HALLMARK_SECONDARY,SSGSEA_RANK_WALK,31,0.21612903225806454,0.24289952333783013,0.2195918720537312,0.1889822365046136,NO_KNOWN_OVERLAP,INCLUDE_PRIMARY_INDEPENDENT,0.9089027894604377
GSE95233,SIG023,T2,T48,HALLMARK_MYC_TARGETS_V1,HALLMARK_SECONDARY,SSGSEA_RANK_WALK,31,-0.04959677419354839,0.791041654841507,-0.049637501029217136,0.1889822365046136,NO_KNOWN_OVERLAP,INCLUDE_PRIMARY_INDEPENDENT,0.9228795989376724
GSE95233,SIG023,T2,T48,HALLMARK_MYC_TARGETS_V2,HALLMARK_SECONDARY,SSGSEA_RANK_WALK,31,-0.09717741935483871,0.6030216655993795,-0.09748506109224574,0.1889822365046136,NO_KNOWN_OVERLAP,INCLUDE_PRIMARY_INDEPENDENT,0.9228795989376724
GSE95233,SIG023,T2,T48,HALLMARK_MYOGENESIS,HALLMARK_SECONDARY,SSGSEA_RANK_WALK,31,-0.0778225806451613,0.6773193820965928,-0.07798026105806895,0.1889822365046136,NO_KNOWN_OVERLAP,INCLUDE_PRIMARY_INDEPENDENT,0.9228795989376724
GSE95233,SIG023,T2,T48,HALLMARK_NOTCH_SIGNALING,HALLMARK_SECONDARY,SSGSEA_RANK_WALK,31,-0.19596774193548389,0.29071626762763747,-0.19853578608804692,0.1889822365046136,NO_KNOWN_OVERLAP,INCLUDE_PRIMARY_INDEPENDENT,0.9089027894604377
GSE95233,SIG023,T2,T48,HALLMARK_OXIDATIVE_PHOSPHORYLATION,PRESET_PRIMARY,SSGSEA_RANK_WALK,31,0.08346774193548387,0.6553000621050752,0.08366239238147402,0.1889822365046136,NO_KNOWN_OVERLAP,INCLUDE_PRIMARY_INDEPENDENT,0.6553000621050752
GSE95233,SIG023,T2,T48,HALLMARK_P53_PATHWAY,HALLMARK_SECONDARY,SSGSEA_RANK_WALK,31,0.10403225806451614,0.577569052159681,0.10441001782440945,0.1889822365046136,NO_KNOWN_OVERLAP,INCLUDE_PRIMARY_INDEPENDENT,0.9228795989376724
GSE95233,SIG023,T2,T48,HALLMARK_PANCREAS_BETA_CELLS,HALLMARK_SECONDARY,SSGSEA_RANK_WALK,31,0.13145161290322582,0.4808830664255417,0.1322167014730362,0.1889822365046136,NO_KNOWN_OVERLAP,INCLUDE_PRIMARY_INDEPENDENT,0.9228795989376724
GSE95233,SIG023,T2,T48,HALLMARK_PEROXISOME,HALLMARK_SECONDARY,SSGSEA_RANK_WALK,31,0.19838709677419356,0.2846823443722704,0.20105300931056522,0.1889822365046136,NO_KNOWN_OVERLAP,INCLUDE_PRIMARY_INDEPENDENT,0.9089027894604377
GSE95233,SIG023,T2,T48,HALLMARK_PI3K_AKT_MTOR_SIGNALING,HALLMARK_SECONDARY,SSGSEA_RANK_WALK,31,0.002419354838709678,0.9896941453309824,0.002419359559111607,0.1889822365046136,NO_KNOWN_OVERLAP,INCLUDE_PRIMARY_INDEPENDENT,0.9896941453309824
GSE95233,SIG023,T2,T48,HALLMARK_PROTEIN_SECRETION,HALLMARK_SECONDARY,SSGSEA_RANK_WALK,31,0.041129032258064524,0.8261211215689793,0.04115224707793034,0.1889822365046136,NO_KNOWN_OVERLAP,INCLUDE_PRIMARY_INDEPENDENT,0.9228795989376724
GSE95233,SIG023,T2,T48,HALLMARK_REACTIVE_OXYGEN_SPECIES_PATHWAY,HALLMARK_SECONDARY,SSGSEA_RANK_WALK,31,0.1459677419354839,0.43331800829865275,0.14701789124784712,0.1889822365046136,NO_KNOWN_OVERLAP,INCLUDE_PRIMARY_INDEPENDENT,0.9228795989376724
GSE95233,SIG023,T2,T48,HALLMARK_SPERMATOGENESIS,HALLMARK_SECONDARY,SSGSEA_RANK_WALK,31,-0.009677419354838712,0.9587928628951107,-0.009677721476478034,0.1889822365046136,NO_KNOWN_OVERLAP,INCLUDE_PRIMARY_INDEPENDENT,0.9896941453309824
GSE95233,SIG023,T2,T48,HALLMARK_TGF_BETA_SIGNALING,HALLMARK_SECONDARY,SSGSEA_RANK_WALK,31,-0.0774193548387097,0.6789024982373919,-0.07757459107842393,0.1889822365046136,NO_KNOWN_OVERLAP,INCLUDE_PRIMARY_INDEPENDENT,0.9228795989376724
GSE95233,SIG023,T2,T48,HALLMARK_TNFA_SIGNALING_VIA_NFKB,PRESET_PRIMARY,SSGSEA_RANK_WALK,31,-0.2903225806451613,0.11311121535219387,-0.29891850037781026,0.1889822365046136,NO_KNOWN_OVERLAP,INCLUDE_PRIMARY_INDEPENDENT,0.1696668230282908
GSE95233,SIG023,T2,T48,HALLMARK_UNFOLDED_PROTEIN_RESPONSE,HALLMARK_SECONDARY,SSGSEA_RANK_WALK,31,-0.09395161290322582,0.615162266160458,-0.0942295202368013,0.1889822365046136,NO_KNOWN_OVERLAP,INCLUDE_PRIMARY_INDEPENDENT,0.9228795989376724
GSE95233,SIG023,T2,T48,HALLMARK_UV_RESPONSE_DN,HALLMARK_SECONDARY,SSGSEA_RANK_WALK,31,0.31693548387096776,0.08235011032018762,0.32823669915920534,0.1889822365046136,NO_KNOWN_OVERLAP,INCLUDE_PRIMARY_INDEPENDENT,0.9089027894604377
GSE95233,SIG023,T2,T48,HALLMARK_UV_RESPONSE_UP,HALLMARK_SECONDARY,SSGSEA_RANK_WALK,31,-0.20403225806451616,0.27091754268964185,-0.20693637905285442,0.1889822365046136,NO_KNOWN_OVERLAP,INCLUDE_PRIMARY_INDEPENDENT,0.9089027894604377
GSE95233,SIG023,T2,T48,HALLMARK_WNT_BETA_CATENIN_SIGNALING,HALLMARK_SECONDARY,SSGSEA_RANK_WALK,31,-0.12701612903225806,0.4959347293416866,-0.12770587257630464,0.1889822365046136,NO_KNOWN_OVERLAP,INCLUDE_PRIMARY_INDEPENDENT,0.9228795989376724
GSE95233,SIG023,T2,T48,HALLMARK_XENOBIOTIC_METABOLISM,HALLMARK_SECONDARY,SSGSEA_RANK_WALK,31,-0.23790322580645165,0.1974839427053908,-0.2425503662637774,0.1889822365046136,NO_KNOWN_OVERLAP,INCLUDE_PRIMARY_INDEPENDENT,0.9089027894604377
GSE95233,SIG023,T2,T48,Neutrophil degranulation,REACTOME_SUPPLEMENT,SSGSEA_RANK_WALK,31,0.08588709677419355,0.6459481037891261,0.08609922115203496,0.1889822365046136,NO_KNOWN_OVERLAP,INCLUDE_PRIMARY_INDEPENDENT,0.6459481037891261
GSE95233,SIG023,T2,T48,TCR signaling,REACTOME_SUPPLEMENT,SSGSEA_RANK_WALK,31,-0.19354838709677422,0.29683105272858545,-0.1960210438880119,0.1889822365046136,NO_KNOWN_OVERLAP,INCLUDE_PRIMARY_INDEPENDENT,0.5936621054571709
GSE95233,SIG033,T1,T24,HALLMARK_ADIPOGENESIS,HALLMARK_SECONDARY,SSGSEA_RANK_WALK,20,0.24962406015037594,0.28851258969719185,0.25501184955196476,0.24253562503633297,PRIOR_EXTERNAL_VALIDATION,INCLUDE_PRIMARY_INDEPENDENT;EXCLUDE_STRICT_NEVER_USED_SENSITIVITY,0.4731606471033946
GSE95233,SIG033,T1,T24,HALLMARK_ALLOGRAFT_REJECTION,PRESET_PRIMARY,SSGSEA_RANK_WALK,20,-0.03157894736842105,0.8948543863933638,-0.0315894508107658,0.24253562503633297,PRIOR_EXTERNAL_VALIDATION,INCLUDE_PRIMARY_INDEPENDENT;EXCLUDE_STRICT_NEVER_USED_SENSITIVITY,0.9148041683144316
GSE95233,SIG033,T1,T24,HALLMARK_ANDROGEN_RESPONSE,HALLMARK_SECONDARY,SSGSEA_RANK_WALK,20,-0.38496240601503756,0.09372546338767992,-0.40587244010625256,0.24253562503633297,PRIOR_EXTERNAL_VALIDATION,INCLUDE_PRIMARY_INDEPENDENT;EXCLUDE_STRICT_NEVER_USED_SENSITIVITY,0.2744817142067769
GSE95233,SIG033,T1,T24,HALLMARK_ANGIOGENESIS,HALLMARK_SECONDARY,SSGSEA_RANK_WALK,20,0.3413533834586466,0.1407646971603081,0.35562361110178164,0.24253562503633297,PRIOR_EXTERNAL_VALIDATION,INCLUDE_PRIMARY_INDEPENDENT;EXCLUDE_STRICT_NEVER_USED_SENSITIVITY,0.30375539913540167
GSE95233,SIG033,T1,T24,HALLMARK_APICAL_JUNCTION,HALLMARK_SECONDARY,SSGSEA_RANK_WALK,20,0.4601503759398496,0.04120071780195449,0.4975020399015229,0.24253562503633297,PRIOR_EXTERNAL_VALIDATION,INCLUDE_PRIMARY_INDEPENDENT;EXCLUDE_STRICT_NEVER_USED_SENSITIVITY,0.21115367873501675
GSE95233,SIG033,T1,T24,HALLMARK_APICAL_SURFACE,HALLMARK_SECONDARY,SSGSEA_RANK_WALK,20,0.2571428571428572,0.27375050350001584,0.2630465479483896,0.24253562503633297,PRIOR_EXTERNAL_VALIDATION,INCLUDE_PRIMARY_INDEPENDENT;EXCLUDE_STRICT_NEVER_USED_SENSITIVITY,0.4676571101458604
GSE95233,SIG033,T1,T24,HALLMARK_APOPTOSIS,PRESET_PRIMARY,SSGSEA_RANK_WALK,20,0.3744360902255639,0.10384052952246073,0.39357265559644333,0.24253562503633297,PRIOR_EXTERNAL_VALIDATION,INCLUDE_PRIMARY_INDEPENDENT;EXCLUDE_STRICT_NEVER_USED_SENSITIVITY,0.33380392189160907
GSE95233,SIG033,T1,T24,HALLMARK_BILE_ACID_METABOLISM,HALLMARK_SECONDARY,SSGSEA_RANK_WALK,20,-0.03458646616541353,0.8849015088305833,-0.03460026712169124,0.24253562503633297,PRIOR_EXTERNAL_VALIDATION,INCLUDE_PRIMARY_INDEPENDENT;EXCLUDE_STRICT_NEVER_USED_SENSITIVITY,0.9302810733859977
GSE95233,SIG033,T1,T24,HALLMARK_CHOLESTEROL_HOMEOSTASIS,HALLMARK_SECONDARY,SSGSEA_RANK_WALK,20,0.2421052631578947,0.30375506301143457,0.2470092527248047,0.24253562503633297,PRIOR_EXTERNAL_VALIDATION,INCLUDE_PRIMARY_INDEPENDENT;EXCLUDE_STRICT_NEVER_USED_SENSITIVITY,0.4789983685949545
GSE95233,SIG033,T1,T24,HALLMARK_COAGULATION,PRESET_PRIMARY,SSGSEA_RANK_WALK,20,0.1518796992481203,0.5226819111403139,0.15306395912126622,0.24253562503633297,PRIOR_EXTERNAL_VALIDATION,INCLUDE_PRIMARY_INDEPENDENT;EXCLUDE_STRICT_NEVER_USED_SENSITIVITY,0.9148041683144316
GSE95233,SIG033,T1,T24,HALLMARK_COMPLEMENT,PRESET_PRIMARY,SSGSEA_RANK_WALK,20,-0.33533834586466166,0.14835729861849292,-0.348830930457236,0.24253562503633297,PRIOR_EXTERNAL_VALIDATION,INCLUDE_PRIMARY_INDEPENDENT;EXCLUDE_STRICT_NEVER_USED_SENSITIVITY,0.33380392189160907
GSE95233,SIG033,T1,T24,HALLMARK_DNA_REPAIR,HALLMARK_SECONDARY,SSGSEA_RANK_WALK,20,0.32481203007518794,0.16232315576999945,0.3370173690969626,0.24253562503633297,PRIOR_EXTERNAL_VALIDATION,INCLUDE_PRIMARY_INDEPENDENT;EXCLUDE_STRICT_NEVER_USED_SENSITIVITY,0.3169166374557132
GSE95233,SIG033,T1,T24,HALLMARK_E2F_TARGETS,HALLMARK_SECONDARY,SSGSEA_RANK_WALK,20,0.4646616541353384,0.039002619486165416,0.5032402863952523,0.24253562503633297,PRIOR_EXTERNAL_VALIDATION,INCLUDE_PRIMARY_INDEPENDENT;EXCLUDE_STRICT_NEVER_USED_SENSITIVITY,0.21115367873501675
GSE95233,SIG033,T1,T24,HALLMARK_EPITHELIAL_MESENCHYMAL_TRANSITION,HALLMARK_SECONDARY,SSGSEA_RANK_WALK,20,0.3488721804511278,0.13166317155695254,0.3641590670281531,0.24253562503633297,PRIOR_EXTERNAL_VALIDATION,INCLUDE_PRIMARY_INDEPENDENT;EXCLUDE_STRICT_NEVER_USED_SENSITIVITY,0.2998994463241697
GSE95233,SIG033,T1,T24,HALLMARK_ESTROGEN_RESPONSE_EARLY,HALLMARK_SECONDARY,SSGSEA_RANK_WALK,20,0.20601503759398496,0.3835325530925867,0.2090061620801265,0.24253562503633297,PRIOR_EXTERNAL_VALIDATION,INCLUDE_PRIMARY_INDEPENDENT;EXCLUDE_STRICT_NEVER_USED_SENSITIVITY,0.5720469933400735
GSE95233,SIG033,T1,T24,HALLMARK_ESTROGEN_RESPONSE_LATE,HALLMARK_SECONDARY,SSGSEA_RANK_WALK,20,0.3533834586466165,0.12640665077932206,0.36930477731835126,0.24253562503633297,PRIOR_EXTERNAL_VALIDATION,INCLUDE_PRIMARY_INDEPENDENT;EXCLUDE_STRICT_NEVER_USED_SENSITIVITY,0.2998994463241697
GSE95233,SIG033,T1,T24,HALLMARK_FATTY_ACID_METABOLISM,HALLMARK_SECONDARY,SSGSEA_RANK_WALK,20,0.0015037593984962405,0.9949797739432688,0.0015037605319776423,0.24253562503633297,PRIOR_EXTERNAL_VALIDATION,INCLUDE_PRIMARY_INDEPENDENT;EXCLUDE_STRICT_NEVER_USED_SENSITIVITY,0.9949797739432689
GSE95233,SIG033,T1,T24,HALLMARK_G2M_CHECKPOINT,HALLMARK_SECONDARY,SSGSEA_RANK_WALK,20,0.5082706766917292,0.022124780463792442,0.5603953085323409,0.24253562503633297,PRIOR_EXTERNAL_VALIDATION,INCLUDE_PRIMARY_INDEPENDENT;EXCLUDE_STRICT_NEVER_USED_SENSITIVITY,0.15118599983591502
GSE95233,SIG033,T1,T24,HALLMARK_GLYCOLYSIS,HALLMARK_SECONDARY,SSGSEA_RANK_WALK,20,0.5804511278195488,0.0072900732244842075,0.6631427945277926,0.24253562503633297,PRIOR_EXTERNAL_VALIDATION,INCLUDE_PRIMARY_INDEPENDENT;EXCLUDE_STRICT_NEVER_USED_SENSITIVITY,0.08067713681881208
GSE95233,SIG033,T1,T24,HALLMARK_HEDGEHOG_SIGNALING,HALLMARK_SECONDARY,SSGSEA_RANK_WALK,20,-0.12330827067669171,0.6045088306268851,-0.12393899939116244,0.24253562503633297,PRIOR_EXTERNAL_VALIDATION,INCLUDE_PRIMARY_INDEPENDENT;EXCLUDE_STRICT_NEVER_USED_SENSITIVITY,0.7565824699624527
GSE95233,SIG033,T1,T24,HALLMARK_HEME_METABOLISM,HALLMARK_SECONDARY,SSGSEA_RANK_WALK,20,0.29624060150375936,0.2047182974286218,0.30539348737302313,0.24253562503633297,PRIOR_EXTERNAL_VALIDATION,INCLUDE_PRIMARY_INDEPENDENT;EXCLUDE_STRICT_NEVER_USED_SENSITIVITY,0.38152046338970425
GSE95233,SIG033,T1,T24,HALLMARK_HYPOXIA,HALLMARK_SECONDARY,SSGSEA_RANK_WALK,20,0.58796992481203,0.0064001708761953924,0.6745576789390682,0.24253562503633297,PRIOR_EXTERNAL_VALIDATION,INCLUDE_PRIMARY_INDEPENDENT;EXCLUDE_STRICT_NEVER_USED_SENSITIVITY,0.08067713681881208
GSE95233,SIG033,T1,T24,HALLMARK_IL2_STAT5_SIGNALING,HALLMARK_SECONDARY,SSGSEA_RANK_WALK,20,0.07518796992481201,0.7527267095067718,0.07533013744374488,0.24253562503633297,PRIOR_EXTERNAL_VALIDATION,INCLUDE_PRIMARY_INDEPENDENT;EXCLUDE_STRICT_NEVER_USED_SENSITIVITY,0.8341025699939904
GSE95233,SIG033,T1,T24,HALLMARK_IL6_JAK_STAT3_SIGNALING,HALLMARK_SECONDARY,SSGSEA_RANK_WALK,20,-0.437593984962406,0.05366144000429185,-0.4692510578184346,0.24253562503633297,PRIOR_EXTERNAL_VALIDATION,INCLUDE_PRIMARY_INDEPENDENT;EXCLUDE_STRICT_NEVER_USED_SENSITIVITY,0.24445767113066286
GSE95233,SIG033,T1,T24,HALLMARK_INFLAMMATORY_RESPONSE,PRESET_PRIMARY,SSGSEA_RANK_WALK,20,-0.05864661654135337,0.8059928433862233,-0.05871399252897192,0.24253562503633297,PRIOR_EXTERNAL_VALIDATION,INCLUDE_PRIMARY_INDEPENDENT;EXCLUDE_STRICT_NEVER_USED_SENSITIVITY,0.9148041683144316
GSE95233,SIG033,T1,T24,HALLMARK_INTERFERON_ALPHA_RESPONSE,PRESET_PRIMARY,SSGSEA_RANK_WALK,20,-0.3488721804511278,0.13166317155695254,-0.3641590670281531,0.24253562503633297,PRIOR_EXTERNAL_VALIDATION,INCLUDE_PRIMARY_INDEPENDENT;EXCLUDE_STRICT_NEVER_USED_SENSITIVITY,0.33380392189160907
GSE95233,SIG033,T1,T24,HALLMARK_INTERFERON_GAMMA_RESPONSE,PRESET_PRIMARY,SSGSEA_RANK_WALK,20,-0.35488721804511275,0.12468812756013875,-0.37102416934016047,0.24253562503633297,PRIOR_EXTERNAL_VALIDATION,INCLUDE_PRIMARY_INDEPENDENT;EXCLUDE_STRICT_NEVER_USED_SENSITIVITY,0.33380392189160907
GSE95233,SIG033,T1,T24,HALLMARK_KRAS_SIGNALING_DN,HALLMARK_SECONDARY,SSGSEA_RANK_WALK,20,0.3969924812030075,0.08307130670785144,0.42007365575363464,0.24253562503633297,PRIOR_EXTERNAL_VALIDATION,INCLUDE_PRIMARY_INDEPENDENT;EXCLUDE_STRICT_NEVER_USED_SENSITIVITY,0.2744817142067769
GSE95233,SIG033,T1,T24,HALLMARK_KRAS_SIGNALING_UP,HALLMARK_SECONDARY,SSGSEA_RANK_WALK,20,-0.10375939849624059,0.6633257542362446,-0.1041341807745829,0.24253562503633297,PRIOR_EXTERNAL_VALIDATION,INCLUDE_PRIMARY_INDEPENDENT;EXCLUDE_STRICT_NEVER_USED_SENSITIVITY,0.7770387406767437
GSE95233,SIG033,T1,T24,HALLMARK_MITOTIC_SPINDLE,HALLMARK_SECONDARY,SSGSEA_RANK_WALK,20,0.5278195488721804,0.016759126882928903,0.5871178211150869,0.24253562503633297,PRIOR_EXTERNAL_VALIDATION,INCLUDE_PRIMARY_INDEPENDENT;EXCLUDE_STRICT_NEVER_USED_SENSITIVITY,0.137424840440017
GSE95233,SIG033,T1,T24,HALLMARK_MTORC1_SIGNALING,HALLMARK_SECONDARY,SSGSEA_RANK_WALK,20,0.2706766917293233,0.24839056913669727,0.2775938682098453,0.24253562503633297,PRIOR_EXTERNAL_VALIDATION,INCLUDE_PRIMARY_INDEPENDENT;EXCLUDE_STRICT_NEVER_USED_SENSITIVITY,0.442783188461069
GSE95233,SIG033,T1,T24,HALLMARK_MYC_TARGETS_V1,HALLMARK_SECONDARY,SSGSEA_RANK_WALK,20,0.11428571428571428,0.6313917305184382,0.11478722082225008,0.24253562503633297,PRIOR_EXTERNAL_VALIDATION,INCLUDE_PRIMARY_INDEPENDENT;EXCLUDE_STRICT_NEVER_USED_SENSITIVITY,0.7613841456251755
GSE95233,SIG033,T1,T24,HALLMARK_MYC_TARGETS_V2,HALLMARK_SECONDARY,SSGSEA_RANK_WALK,20,0.3744360902255639,0.10384052952246073,0.39357265559644333,0.24253562503633297,PRIOR_EXTERNAL_VALIDATION,INCLUDE_PRIMARY_INDEPENDENT;EXCLUDE_STRICT_NEVER_USED_SENSITIVITY,0.283830780694726
GSE95233,SIG033,T1,T24,HALLMARK_MYOGENESIS,HALLMARK_SECONDARY,SSGSEA_RANK_WALK,20,0.4015037593984962,0.07931658537453377,0.4254404047005767,0.24253562503633297,PRIOR_EXTERNAL_VALIDATION,INCLUDE_PRIMARY_INDEPENDENT;EXCLUDE_STRICT_NEVER_USED_SENSITIVITY,0.2744817142067769
GSE95233,SIG033,T1,T24,HALLMARK_NOTCH_SIGNALING,HALLMARK_SECONDARY,SSGSEA_RANK_WALK,20,-0.12180451127819547,0.608956622164901,-0.12241230868776687,0.24253562503633297,PRIOR_EXTERNAL_VALIDATION,INCLUDE_PRIMARY_INDEPENDENT;EXCLUDE_STRICT_NEVER_USED_SENSITIVITY,0.7565824699624527
GSE95233,SIG033,T1,T24,HALLMARK_OXIDATIVE_PHOSPHORYLATION,PRESET_PRIMARY,SSGSEA_RANK_WALK,20,-0.025563909774436087,0.9148041683144317,-0.0255694807455937,0.24253562503633297,PRIOR_EXTERNAL_VALIDATION,INCLUDE_PRIMARY_INDEPENDENT;EXCLUDE_STRICT_NEVER_USED_SENSITIVITY,0.9148041683144316
GSE95233,SIG033,T1,T24,HALLMARK_P53_PATHWAY,HALLMARK_SECONDARY,SSGSEA_RANK_WALK,20,0.3669172932330827,0.111535199402392,0.38485613024754867,0.24253562503633297,PRIOR_EXTERNAL_VALIDATION,INCLUDE_PRIMARY_INDEPENDENT;EXCLUDE_STRICT_NEVER_USED_SENSITIVITY,0.2858089484686295
GSE95233,SIG033,T1,T24,HALLMARK_PANCREAS_BETA_CELLS,HALLMARK_SECONDARY,SSGSEA_RANK_WALK,20,-0.0631578947368421,0.7913733978200618,-0.0632420735545598,0.24253562503633297,PRIOR_EXTERNAL_VALIDATION,INCLUDE_PRIMARY_INDEPENDENT;EXCLUDE_STRICT_NEVER_USED_SENSITIVITY,0.8538502450163824
GSE95233,SIG033,T1,T24,HALLMARK_PEROXISOME,HALLMARK_SECONDARY,SSGSEA_RANK_WALK,20,0.18045112781954886,0.4464646102705483,0.18244896155958218,0.24253562503633297,PRIOR_EXTERNAL_VALIDATION,INCLUDE_PRIMARY_INDEPENDENT;EXCLUDE_STRICT_NEVER_USED_SENSITIVITY,0.6101683007030826
GSE95233,SIG033,T1,T24,HALLMARK_PI3K_AKT_MTOR_SIGNALING,HALLMARK_SECONDARY,SSGSEA_RANK_WALK,20,0.20300751879699244,0.39066623935419653,0.20586736056087984,0.24253562503633297,PRIOR_EXTERNAL_VALIDATION,INCLUDE_PRIMARY_INDEPENDENT;EXCLUDE_STRICT_NEVER_USED_SENSITIVITY,0.5720469933400735
GSE95233,SIG033,T1,T24,HALLMARK_PROTEIN_SECRETION,HALLMARK_SECONDARY,SSGSEA_RANK_WALK,20,-0.38496240601503756,0.09372546338767992,-0.40587244010625256,0.24253562503633297,PRIOR_EXTERNAL_VALIDATION,INCLUDE_PRIMARY_INDEPENDENT;EXCLUDE_STRICT_NEVER_USED_SENSITIVITY,0.2744817142067769
GSE95233,SIG033,T1,T24,HALLMARK_REACTIVE_OXYGEN_SPECIES_PATHWAY,HALLMARK_SECONDARY,SSGSEA_RANK_WALK,20,0.41503759398496237,0.06880769728594098,0.4416818979834667,0.24253562503633297,PRIOR_EXTERNAL_VALIDATION,INCLUDE_PRIMARY_INDEPENDENT;EXCLUDE_STRICT_NEVER_USED_SENSITIVITY,0.2744817142067769
GSE95233,SIG033,T1,T24,HALLMARK_SPERMATOGENESIS,HALLMARK_SECONDARY,SSGSEA_RANK_WALK,20,0.7864661654135338,3.9190215391205776e-05,1.0620997211606646,0.24253562503633297,PRIOR_EXTERNAL_VALIDATION,INCLUDE_PRIMARY_INDEPENDENT;EXCLUDE_STRICT_NEVER_USED_SENSITIVITY,0.001606798831039437
GSE95233,SIG033,T1,T24,HALLMARK_TGF_BETA_SIGNALING,HALLMARK_SECONDARY,SSGSEA_RANK_WALK,20,-0.006015037593984962,0.9799209119891911,-0.006015110138271081,0.24253562503633297,PRIOR_EXTERNAL_VALIDATION,INCLUDE_PRIMARY_INDEPENDENT;EXCLUDE_STRICT_NEVER_USED_SENSITIVITY,0.9949797739432689
GSE95233,SIG033,T1,T24,HALLMARK_TNFA_SIGNALING_VIA_NFKB,PRESET_PRIMARY,SSGSEA_RANK_WALK,20,0.025563909774436087,0.9148041683144317,0.0255694807455937,0.24253562503633297,PRIOR_EXTERNAL_VALIDATION,INCLUDE_PRIMARY_INDEPENDENT;EXCLUDE_STRICT_NEVER_USED_SENSITIVITY,0.9148041683144316
GSE95233,SIG033,T1,T24,HALLMARK_UNFOLDED_PROTEIN_RESPONSE,HALLMARK_SECONDARY,SSGSEA_RANK_WALK,20,0.07669172932330826,0.7479334475419401,0.07684261940675156,0.24253562503633297,PRIOR_EXTERNAL_VALIDATION,INCLUDE_PRIMARY_INDEPENDENT;EXCLUDE_STRICT_NEVER_USED_SENSITIVITY,0.8341025699939904
GSE95233,SIG033,T1,T24,HALLMARK_UV_RESPONSE_DN,HALLMARK_SECONDARY,SSGSEA_RANK_WALK,20,-0.18796992481203004,0.42742125802266384,-0.19023190295137352,0.24253562503633297,PRIOR_EXTERNAL_VALIDATION,INCLUDE_PRIMARY_INDEPENDENT;EXCLUDE_STRICT_NEVER_USED_SENSITIVITY,0.6042852268596282
GSE95233,SIG033,T1,T24,HALLMARK_UV_RESPONSE_UP,HALLMARK_SECONDARY,SSGSEA_RANK_WALK,20,0.5759398496240601,0.007870940177445081,0.6563658969714369,0.24253562503633297,PRIOR_EXTERNAL_VALIDATION,INCLUDE_PRIMARY_INDEPENDENT;EXCLUDE_STRICT_NEVER_USED_SENSITIVITY,0.08067713681881208
GSE95233,SIG033,T1,T24,HALLMARK_WNT_BETA_CATENIN_SIGNALING,HALLMARK_SECONDARY,SSGSEA_RANK_WALK,20,-0.1518796992481203,0.5226819111403139,-0.15306395912126622,0.24253562503633297,PRIOR_EXTERNAL_VALIDATION,INCLUDE_PRIMARY_INDEPENDENT;EXCLUDE_STRICT_NEVER_USED_SENSITIVITY,0.6912889792500926
GSE95233,SIG033,T1,T24,HALLMARK_XENOBIOTIC_METABOLISM,HALLMARK_SECONDARY,SSGSEA_RANK_WALK,20,0.33533834586466166,0.14835729861849292,0.348830930457236,0.24253562503633297,PRIOR_EXTERNAL_VALIDATION,INCLUDE_PRIMARY_INDEPENDENT;EXCLUDE_STRICT_NEVER_USED_SENSITIVITY,0.3041324621679105
GSE95233,SIG033,T1,T24,Neutrophil degranulation,REACTOME_SUPPLEMENT,SSGSEA_RANK_WALK,20,0.5609022556390978,0.010086372424803406,0.6341486307287761,0.24253562503633297,PRIOR_EXTERNAL_VALIDATION,INCLUDE_PRIMARY_INDEPENDENT;EXCLUDE_STRICT_NEVER_USED_SENSITIVITY,0.02017274484960681
GSE95233,SIG033,T1,T24,TCR signaling,REACTOME_SUPPLEMENT,SSGSEA_RANK_WALK,20,-0.20751879699248119,0.37999323699324683,-0.21057708270269967,0.24253562503633297,PRIOR_EXTERNAL_VALIDATION,INCLUDE_PRIMARY_INDEPENDENT;EXCLUDE_STRICT_NEVER_USED_SENSITIVITY,0.37999323699324683
GSE95233,SIG033,T2,T48,HALLMARK_ADIPOGENESIS,HALLMARK_SECONDARY,SSGSEA_RANK_WALK,31,0.2903225806451613,0.11311121535219387,0.29891850037781026,0.1889822365046136,PRIOR_EXTERNAL_VALIDATION,INCLUDE_PRIMARY_INDEPENDENT;EXCLUDE_STRICT_NEVER_USED_SENSITIVITY,0.2576422127466638
GSE95233,SIG033,T2,T48,HALLMARK_ALLOGRAFT_REJECTION,PRESET_PRIMARY,SSGSEA_RANK_WALK,31,0.5588709677419356,0.0010833131476520068,0.631189838393175,0.1889822365046136,PRIOR_EXTERNAL_VALIDATION,INCLUDE_PRIMARY_INDEPENDENT;EXCLUDE_STRICT_NEVER_USED_SENSITIVITY,0.009749818328868062
GSE95233,SIG033,T2,T48,HALLMARK_ANDROGEN_RESPONSE,HALLMARK_SECONDARY,SSGSEA_RANK_WALK,31,-0.05241935483870968,0.7794334705896993,-0.05246744658926722,0.1889822365046136,PRIOR_EXTERNAL_VALIDATION,INCLUDE_PRIMARY_INDEPENDENT;EXCLUDE_STRICT_NEVER_USED_SENSITIVITY,0.8750722930601788
GSE95233,SIG033,T2,T48,HALLMARK_ANGIOGENESIS,HALLMARK_SECONDARY,SSGSEA_RANK_WALK,31,0.3399193548387097,0.0613501198980395,0.35400134549172974,0.1889822365046136,PRIOR_EXTERNAL_VALIDATION,INCLUDE_PRIMARY_INDEPENDENT;EXCLUDE_STRICT_NEVER_USED_SENSITIVITY,0.14796205387174233
GSE95233,SIG033,T2,T48,HALLMARK_APICAL_JUNCTION,HALLMARK_SECONDARY,SSGSEA_RANK_WALK,31,-0.011290322580645162,0.9519323200315777,-0.011290802348354648,0.1889822365046136,PRIOR_EXTERNAL_VALIDATION,INCLUDE_PRIMARY_INDEPENDENT;EXCLUDE_STRICT_NEVER_USED_SENSITIVITY,0.9519323200315777
GSE95233,SIG033,T2,T48,HALLMARK_APICAL_SURFACE,HALLMARK_SECONDARY,SSGSEA_RANK_WALK,31,0.14274193548387099,0.4436590974387419,0.14372343067436627,0.1889822365046136,PRIOR_EXTERNAL_VALIDATION,INCLUDE_PRIMARY_INDEPENDENT;EXCLUDE_STRICT_NEVER_USED_SENSITIVITY,0.5684382185933881
GSE95233,SIG033,T2,T48,HALLMARK_APOPTOSIS,PRESET_PRIMARY,SSGSEA_RANK_WALK,31,0.35887096774193555,0.04741218357779173,0.37558936406606513,0.1889822365046136,PRIOR_EXTERNAL_VALIDATION,INCLUDE_PRIMARY_INDEPENDENT;EXCLUDE_STRICT_NEVER_USED_SENSITIVITY,0.19925145869472646
GSE95233,SIG033,T2,T48,HALLMARK_BILE_ACID_METABOLISM,HALLMARK_SECONDARY,SSGSEA_RANK_WALK,31,-0.34959677419354845,0.05387879761022679,-0.36498431154305894,0.1889822365046136,PRIOR_EXTERNAL_VALIDATION,INCLUDE_PRIMARY_INDEPENDENT;EXCLUDE_STRICT_NEVER_USED_SENSITIVITY,0.14726871346795323
GSE95233,SIG033,T2,T48,HALLMARK_CHOLESTEROL_HOMEOSTASIS,HALLMARK_SECONDARY,SSGSEA_RANK_WALK,31,-0.1862903225806452,0.31566030508958254,-0.18849135012391433,0.1889822365046136,PRIOR_EXTERNAL_VALIDATION,INCLUDE_PRIMARY_INDEPENDENT;EXCLUDE_STRICT_NEVER_USED_SENSITIVITY,0.5045258728876785
GSE95233,SIG033,T2,T48,HALLMARK_COAGULATION,PRESET_PRIMARY,SSGSEA_RANK_WALK,31,-0.019354838709677424,0.9176897838845379,-0.019357256090345214,0.1889822365046136,PRIOR_EXTERNAL_VALIDATION,INCLUDE_PRIMARY_INDEPENDENT;EXCLUDE_STRICT_NEVER_USED_SENSITIVITY,0.9862591419390375
GSE95233,SIG033,T2,T48,HALLMARK_COMPLEMENT,PRESET_PRIMARY,SSGSEA_RANK_WALK,31,0.005645161290322581,0.9759558205230285,0.005645221257846077,0.1889822365046136,PRIOR_EXTERNAL_VALIDATION,INCLUDE_PRIMARY_INDEPENDENT;EXCLUDE_STRICT_NEVER_USED_SENSITIVITY,0.9862591419390375
GSE95233,SIG033,T2,T48,HALLMARK_DNA_REPAIR,HALLMARK_SECONDARY,SSGSEA_RANK_WALK,31,0.6516129032258065,7.165163571701632e-05,0.7780966989576441,0.1889822365046136,PRIOR_EXTERNAL_VALIDATION,INCLUDE_PRIMARY_INDEPENDENT;EXCLUDE_STRICT_NEVER_USED_SENSITIVITY,0.0029377170643976693
GSE95233,SIG033,T2,T48,HALLMARK_E2F_TARGETS,HALLMARK_SECONDARY,SSGSEA_RANK_WALK,31,0.47741935483870973,0.006609006394313817,0.5196364244409005,0.1889822365046136,PRIOR_EXTERNAL_VALIDATION,INCLUDE_PRIMARY_INDEPENDENT;EXCLUDE_STRICT_NEVER_USED_SENSITIVITY,0.038709894595266636
GSE95233,SIG033,T2,T48,HALLMARK_EPITHELIAL_MESENCHYMAL_TRANSITION,HALLMARK_SECONDARY,SSGSEA_RANK_WALK,31,0.2608870967741936,0.15632152645918712,0.2670600548090682,0.1889822365046136,PRIOR_EXTERNAL_VALIDATION,INCLUDE_PRIMARY_INDEPENDENT;EXCLUDE_STRICT_NEVER_USED_SENSITIVITY,0.305199170706032
GSE95233,SIG033,T2,T48,HALLMARK_ESTROGEN_RESPONSE_EARLY,HALLMARK_SECONDARY,SSGSEA_RANK_WALK,31,0.2758064516129033,0.1331427461644799,0.28313754001269986,0.1889822365046136,PRIOR_EXTERNAL_VALIDATION,INCLUDE_PRIMARY_INDEPENDENT;EXCLUDE_STRICT_NEVER_USED_SENSITIVITY,0.28730803119703563
GSE95233,SIG033,T2,T48,HALLMARK_ESTROGEN_RESPONSE_LATE,HALLMARK_SECONDARY,SSGSEA_RANK_WALK,31,0.47741935483870973,0.006609006394313817,0.5196364244409005,0.1889822365046136,PRIOR_EXTERNAL_VALIDATION,INCLUDE_PRIMARY_INDEPENDENT;EXCLUDE_STRICT_NEVER_USED_SENSITIVITY,0.038709894595266636
GSE95233,SIG033,T2,T48,HALLMARK_FATTY_ACID_METABOLISM,HALLMARK_SECONDARY,SSGSEA_RANK_WALK,31,0.3544354838709678,0.050423141750356254,0.3705074383077891,0.1889822365046136,PRIOR_EXTERNAL_VALIDATION,INCLUDE_PRIMARY_INDEPENDENT;EXCLUDE_STRICT_NEVER_USED_SENSITIVITY,0.14726871346795323
GSE95233,SIG033,T2,T48,HALLMARK_G2M_CHECKPOINT,HALLMARK_SECONDARY,SSGSEA_RANK_WALK,31,0.43830645161290327,0.0136503817978844,0.47013260578954297,0.1889822365046136,PRIOR_EXTERNAL_VALIDATION,INCLUDE_PRIMARY_INDEPENDENT;EXCLUDE_STRICT_NEVER_USED_SENSITIVITY,0.055966565371326035
GSE95233,SIG033,T2,T48,HALLMARK_GLYCOLYSIS,HALLMARK_SECONDARY,SSGSEA_RANK_WALK,31,0.2681451612903226,0.14470817186394927,0.2748642112177949,0.1889822365046136,PRIOR_EXTERNAL_VALIDATION,INCLUDE_PRIMARY_INDEPENDENT;EXCLUDE_STRICT_NEVER_USED_SENSITIVITY,0.296651752321096
GSE95233,SIG033,T2,T48,HALLMARK_HEDGEHOG_SIGNALING,HALLMARK_SECONDARY,SSGSEA_RANK_WALK,31,-0.07983870967741936,0.6694241531619162,-0.08000899791454844,0.1889822365046136,PRIOR_EXTERNAL_VALIDATION,INCLUDE_PRIMARY_INDEPENDENT;EXCLUDE_STRICT_NEVER_USED_SENSITIVITY,0.8317087963526838
GSE95233,SIG033,T2,T48,HALLMARK_HEME_METABOLISM,HALLMARK_SECONDARY,SSGSEA_RANK_WALK,31,0.40725806451612906,0.022970645272448773,0.43231966771184543,0.1889822365046136,PRIOR_EXTERNAL_VALIDATION,INCLUDE_PRIMARY_INDEPENDENT;EXCLUDE_STRICT_NEVER_USED_SENSITIVITY,0.08561785965185452
GSE95233,SIG033,T2,T48,HALLMARK_HYPOXIA,HALLMARK_SECONDARY,SSGSEA_RANK_WALK,31,0.19435483870967743,0.2947838067403911,0.19685901780962264,0.1889822365046136,PRIOR_EXTERNAL_VALIDATION,INCLUDE_PRIMARY_INDEPENDENT;EXCLUDE_STRICT_NEVER_USED_SENSITIVITY,0.5035890031815015
GSE95233,SIG033,T2,T48,HALLMARK_IL2_STAT5_SIGNALING,HALLMARK_SECONDARY,SSGSEA_RANK_WALK,31,0.5967741935483871,0.0003945633495877493,0.6881220126331946,0.1889822365046136,PRIOR_EXTERNAL_VALIDATION,INCLUDE_PRIMARY_INDEPENDENT;EXCLUDE_STRICT_NEVER_USED_SENSITIVITY,0.005392365777699241
GSE95233,SIG033,T2,T48,HALLMARK_IL6_JAK_STAT3_SIGNALING,HALLMARK_SECONDARY,SSGSEA_RANK_WALK,31,-0.3782258064516129,0.03590660665123075,-0.3979876547761307,0.1889822365046136,PRIOR_EXTERNAL_VALIDATION,INCLUDE_PRIMARY_INDEPENDENT;EXCLUDE_STRICT_NEVER_USED_SENSITIVITY,0.11324391328465083
GSE95233,SIG033,T2,T48,HALLMARK_INFLAMMATORY_RESPONSE,PRESET_PRIMARY,SSGSEA_RANK_WALK,31,0.09596774193548388,0.607562426948085,0.0962639955394919,0.1889822365046136,PRIOR_EXTERNAL_VALIDATION,INCLUDE_PRIMARY_INDEPENDENT;EXCLUDE_STRICT_NEVER_USED_SENSITIVITY,0.9549732804785956
GSE95233,SIG033,T2,T48,HALLMARK_INTERFERON_ALPHA_RESPONSE,PRESET_PRIMARY,SSGSEA_RANK_WALK,31,-0.08830645161290324,0.6366488536523971,-0.08853707037001743,0.1889822365046136,PRIOR_EXTERNAL_VALIDATION,INCLUDE_PRIMARY_INDEPENDENT;EXCLUDE_STRICT_NEVER_USED_SENSITIVITY,0.9549732804785956
GSE95233,SIG033,T2,T48,HALLMARK_INTERFERON_GAMMA_RESPONSE,PRESET_PRIMARY,SSGSEA_RANK_WALK,31,0.0032258064516129037,0.9862591419390376,0.0032258176407443362,0.1889822365046136,PRIOR_EXTERNAL_VALIDATION,INCLUDE_PRIMARY_INDEPENDENT;EXCLUDE_STRICT_NEVER_USED_SENSITIVITY,0.9862591419390375
GSE95233,SIG033,T2,T48,HALLMARK_KRAS_SIGNALING_DN,HALLMARK_SECONDARY,SSGSEA_RANK_WALK,31,-0.059677419354838716,0.7498025015817095,-0.05974841606705907,0.1889822365046136,PRIOR_EXTERNAL_VALIDATION,INCLUDE_PRIMARY_INDEPENDENT;EXCLUDE_STRICT_NEVER_USED_SENSITIVITY,0.8750722930601788
GSE95233,SIG033,T2,T48,HALLMARK_KRAS_SIGNALING_UP,HALLMARK_SECONDARY,SSGSEA_RANK_WALK,31,0.24758064516129033,0.17932382982006168,0.25283382486286116,0.1889822365046136,PRIOR_EXTERNAL_VALIDATION,INCLUDE_PRIMARY_INDEPENDENT;EXCLUDE_STRICT_NEVER_USED_SENSITIVITY,0.33419441011920586
GSE95233,SIG033,T2,T48,HALLMARK_MITOTIC_SPINDLE,HALLMARK_SECONDARY,SSGSEA_RANK_WALK,31,0.14879032258064517,0.42437898926127526,0.14990314332479385,0.1889822365046136,PRIOR_EXTERNAL_VALIDATION,INCLUDE_PRIMARY_INDEPENDENT;EXCLUDE_STRICT_NEVER_USED_SENSITIVITY,0.5612754374100738
GSE95233,SIG033,T2,T48,HALLMARK_MTORC1_SIGNALING,HALLMARK_SECONDARY,SSGSEA_RANK_WALK,31,0.44637096774193546,0.011832420480022556,0.4801590358821557,0.1889822365046136,PRIOR_EXTERNAL_VALIDATION,INCLUDE_PRIMARY_INDEPENDENT;EXCLUDE_STRICT_NEVER_USED_SENSITIVITY,0.055481036236328135
GSE95233,SIG033,T2,T48,HALLMARK_MYC_TARGETS_V1,HALLMARK_SECONDARY,SSGSEA_RANK_WALK,31,0.5322580645161291,0.0020554912511308427,0.5932905308070335,0.1889822365046136,PRIOR_EXTERNAL_VALIDATION,INCLUDE_PRIMARY_INDEPENDENT;EXCLUDE_STRICT_NEVER_USED_SENSITIVITY,0.01685502825927291
GSE95233,SIG033,T2,T48,HALLMARK_MYC_TARGETS_V2,HALLMARK_SECONDARY,SSGSEA_RANK_WALK,31,0.6149193548387099,0.0002323594837803047,0.716793759510865,0.1889822365046136,PRIOR_EXTERNAL_VALIDATION,INCLUDE_PRIMARY_INDEPENDENT;EXCLUDE_STRICT_NEVER_USED_SENSITIVITY,0.004763369417496247
GSE95233,SIG033,T2,T48,HALLMARK_MYOGENESIS,HALLMARK_SECONDARY,SSGSEA_RANK_WALK,31,-0.027419354838709678,0.8835912919236291,-0.027426229422488957,0.1889822365046136,PRIOR_EXTERNAL_VALIDATION,INCLUDE_PRIMARY_INDEPENDENT;EXCLUDE_STRICT_NEVER_USED_SENSITIVITY,0.9056810742217198
GSE95233,SIG033,T2,T48,HALLMARK_NOTCH_SIGNALING,HALLMARK_SECONDARY,SSGSEA_RANK_WALK,31,-0.40040322580645166,0.02561146196695342,-0.4241290531419595,0.1889822365046136,PRIOR_EXTERNAL_VALIDATION,INCLUDE_PRIMARY_INDEPENDENT;EXCLUDE_STRICT_NEVER_USED_SENSITIVITY,0.08750582838709085
GSE95233,SIG033,T2,T48,HALLMARK_OXIDATIVE_PHOSPHORYLATION,PRESET_PRIMARY,SSGSEA_RANK_WALK,31,0.3338709677419355,0.06641715289824215,0.3471785510313293,0.1889822365046136,PRIOR_EXTERNAL_VALIDATION,INCLUDE_PRIMARY_INDEPENDENT;EXCLUDE_STRICT_NEVER_USED_SENSITIVITY,0.19925145869472646
GSE95233,SIG033,T2,T48,HALLMARK_P53_PATHWAY,HALLMARK_SECONDARY,SSGSEA_RANK_WALK,31,0.029032258064516134,0.8767940915044288,0.029040419017984428,0.1889822365046136,PRIOR_EXTERNAL_VALIDATION,INCLUDE_PRIMARY_INDEPENDENT;EXCLUDE_STRICT_NEVER_USED_SENSITIVITY,0.9056810742217198
GSE95233,SIG033,T2,T48,HALLMARK_PANCREAS_BETA_CELLS,HALLMARK_SECONDARY,SSGSEA_RANK_WALK,31,0.1625,0.38244118465280597,0.16395343688114494,0.1889822365046136,PRIOR_EXTERNAL_VALIDATION,INCLUDE_PRIMARY_INDEPENDENT;EXCLUDE_STRICT_NEVER_USED_SENSITIVITY,0.5226696190255015
GSE95233,SIG033,T2,T48,HALLMARK_PEROXISOME,HALLMARK_SECONDARY,SSGSEA_RANK_WALK,31,-0.044758064516129036,0.8110426130801657,-0.044787988201662264,0.1889822365046136,PRIOR_EXTERNAL_VALIDATION,INCLUDE_PRIMARY_INDEPENDENT;EXCLUDE_STRICT_NEVER_USED_SENSITIVITY,0.8750722930601788
GSE95233,SIG033,T2,T48,HALLMARK_PI3K_AKT_MTOR_SIGNALING,HALLMARK_SECONDARY,SSGSEA_RANK_WALK,31,0.06451612903225808,0.7302382297709243,0.06460586574000311,0.1889822365046136,PRIOR_EXTERNAL_VALIDATION,INCLUDE_PRIMARY_INDEPENDENT;EXCLUDE_STRICT_NEVER_USED_SENSITIVITY,0.8750722930601788
GSE95233,SIG033,T2,T48,HALLMARK_PROTEIN_SECRETION,HALLMARK_SECONDARY,SSGSEA_RANK_WALK,31,-0.16854838709677422,0.36473385370920675,-0.17017222915186125,0.1889822365046136,PRIOR_EXTERNAL_VALIDATION,INCLUDE_PRIMARY_INDEPENDENT;EXCLUDE_STRICT_NEVER_USED_SENSITIVITY,0.5173054951475137
GSE95233,SIG033,T2,T48,HALLMARK_REACTIVE_OXYGEN_SPECIES_PATHWAY,HALLMARK_SECONDARY,SSGSEA_RANK_WALK,31,0.18467741935483872,0.3199432364653571,0.18682097857670296,0.1889822365046136,PRIOR_EXTERNAL_VALIDATION,INCLUDE_PRIMARY_INDEPENDENT;EXCLUDE_STRICT_NEVER_USED_SENSITIVITY,0.5045258728876785
GSE95233,SIG033,T2,T48,HALLMARK_SPERMATOGENESIS,HALLMARK_SECONDARY,SSGSEA_RANK_WALK,31,0.44475806451612904,0.012178764051876907,0.4781466092881495,0.1889822365046136,PRIOR_EXTERNAL_VALIDATION,INCLUDE_PRIMARY_INDEPENDENT;EXCLUDE_STRICT_NEVER_USED_SENSITIVITY,0.055481036236328135
GSE95233,SIG033,T2,T48,HALLMARK_TGF_BETA_SIGNALING,HALLMARK_SECONDARY,SSGSEA_RANK_WALK,31,-0.21814516129032258,0.23842491443801217,-0.22170776307201007,0.1889822365046136,PRIOR_EXTERNAL_VALIDATION,INCLUDE_PRIMARY_INDEPENDENT;EXCLUDE_STRICT_NEVER_USED_SENSITIVITY,0.425018325737326
GSE95233,SIG033,T2,T48,HALLMARK_TNFA_SIGNALING_VIA_NFKB,PRESET_PRIMARY,SSGSEA_RANK_WALK,31,0.10806451612903227,0.5628246105370012,0.10848814535000728,0.1889822365046136,PRIOR_EXTERNAL_VALIDATION,INCLUDE_PRIMARY_INDEPENDENT;EXCLUDE_STRICT_NEVER_USED_SENSITIVITY,0.9549732804785956
GSE95233,SIG033,T2,T48,HALLMARK_UNFOLDED_PROTEIN_RESPONSE,HALLMARK_SECONDARY,SSGSEA_RANK_WALK,31,0.5528225806451614,0.0012589209649930084,0.6224370732322712,0.1889822365046136,PRIOR_EXTERNAL_VALIDATION,INCLUDE_PRIMARY_INDEPENDENT;EXCLUDE_STRICT_NEVER_USED_SENSITIVITY,0.012903939891178336
GSE95233,SIG033,T2,T48,HALLMARK_UV_RESPONSE_DN,HALLMARK_SECONDARY,SSGSEA_RANK_WALK,31,0.04717741935483871,0.8010266902667218,0.0472124672379203,0.1889822365046136,PRIOR_EXTERNAL_VALIDATION,INCLUDE_PRIMARY_INDEPENDENT;EXCLUDE_STRICT_NEVER_USED_SENSITIVITY,0.8750722930601788
GSE95233,SIG033,T2,T48,HALLMARK_UV_RESPONSE_UP,HALLMARK_SECONDARY,SSGSEA_RANK_WALK,31,0.3419354838709678,0.05973021579061356,0.35628263320852355,0.1889822365046136,PRIOR_EXTERNAL_VALIDATION,INCLUDE_PRIMARY_INDEPENDENT;EXCLUDE_STRICT_NEVER_USED_SENSITIVITY,0.14796205387174233
GSE95233,SIG033,T2,T48,HALLMARK_WNT_BETA_CATENIN_SIGNALING,HALLMARK_SECONDARY,SSGSEA_RANK_WALK,31,0.1741935483870968,0.34865313526135133,0.1759882115785891,0.1889822365046136,PRIOR_EXTERNAL_VALIDATION,INCLUDE_PRIMARY_INDEPENDENT;EXCLUDE_STRICT_NEVER_USED_SENSITIVITY,0.5173054951475137
GSE95233,SIG033,T2,T48,HALLMARK_XENOBIOTIC_METABOLISM,HALLMARK_SECONDARY,SSGSEA_RANK_WALK,31,0.16814516129032261,0.3658990087628755,0.16975724234904932,0.1889822365046136,PRIOR_EXTERNAL_VALIDATION,INCLUDE_PRIMARY_INDEPENDENT;EXCLUDE_STRICT_NEVER_USED_SENSITIVITY,0.5173054951475137
GSE95233,SIG033,T2,T48,Neutrophil degranulation,REACTOME_SUPPLEMENT,SSGSEA_RANK_WALK,31,-0.23991935483870971,0.19359944914441046,-0.2446885401792536,0.1889822365046136,PRIOR_EXTERNAL_VALIDATION,INCLUDE_PRIMARY_INDEPENDENT;EXCLUDE_STRICT_NEVER_USED_SENSITIVITY,0.19359944914441046
GSE95233,SIG033,T2,T48,TCR signaling,REACTOME_SUPPLEMENT,SSGSEA_RANK_WALK,31,0.45201612903225813,0.01068461306040964,0.4872312247488659,0.1889822365046136,PRIOR_EXTERNAL_VALIDATION,INCLUDE_PRIMARY_INDEPENDENT;EXCLUDE_STRICT_NEVER_USED_SENSITIVITY,0.02136922612081928
GSE95233,SIG034,T1,T24,HALLMARK_ADIPOGENESIS,HALLMARK_SECONDARY,SSGSEA_RANK_WALK,20,0.34586466165413526,0.1352523431335165,0.36073884359308556,0.24253562503633297,NO_KNOWN_OVERLAP,INCLUDE_PRIMARY_INDEPENDENT,0.36968973789827847
GSE95233,SIG034,T1,T24,HALLMARK_ALLOGRAFT_REJECTION,PRESET_PRIMARY,SSGSEA_RANK_WALK,20,-0.6661654135338345,0.0013421308384466998,-0.8038172427174747,0.24253562503633297,NO_KNOWN_OVERLAP,INCLUDE_PRIMARY_INDEPENDENT,0.0040263925153401
GSE95233,SIG034,T1,T24,HALLMARK_ANDROGEN_RESPONSE,HALLMARK_SECONDARY,SSGSEA_RANK_WALK,20,-0.06766917293233082,0.7768207117441497,-0.06777274599811194,0.24253562503633297,NO_KNOWN_OVERLAP,INCLUDE_PRIMARY_INDEPENDENT,0.965140884288186
GSE95233,SIG034,T1,T24,HALLMARK_ANGIOGENESIS,HALLMARK_SECONDARY,SSGSEA_RANK_WALK,20,0.3218045112781954,0.166474348578758,0.33365877909124925,0.24253562503633297,NO_KNOWN_OVERLAP,INCLUDE_PRIMARY_INDEPENDENT,0.4014969583370046
GSE95233,SIG034,T1,T24,HALLMARK_APICAL_JUNCTION,HALLMARK_SECONDARY,SSGSEA_RANK_WALK,20,0.2526315789473684,0.28255005726391946,0.2582218080351069,0.24253562503633297,NO_KNOWN_OVERLAP,INCLUDE_PRIMARY_INDEPENDENT,0.46338209391282786
GSE95233,SIG034,T1,T24,HALLMARK_APICAL_SURFACE,HALLMARK_SECONDARY,SSGSEA_RANK_WALK,20,-0.3639097744360902,0.11472526385210588,-0.38138513553442926,0.24253562503633297,NO_KNOWN_OVERLAP,INCLUDE_PRIMARY_INDEPENDENT,0.36968973789827847
GSE95233,SIG034,T1,T24,HALLMARK_APOPTOSIS,PRESET_PRIMARY,SSGSEA_RANK_WALK,20,-0.0781954887218045,0.7431490742332265,-0.07835545233170446,0.24253562503633297,NO_KNOWN_OVERLAP,INCLUDE_PRIMARY_INDEPENDENT,0.7431490742332265
GSE95233,SIG034,T1,T24,HALLMARK_BILE_ACID_METABOLISM,HALLMARK_SECONDARY,SSGSEA_RANK_WALK,20,0.019548872180451125,0.9348031235214638,0.019551363006871304,0.24253562503633297,NO_KNOWN_OVERLAP,INCLUDE_PRIMARY_INDEPENDENT,0.9799209119891911
GSE95233,SIG034,T1,T24,HALLMARK_CHOLESTEROL_HOMEOSTASIS,HALLMARK_SECONDARY,SSGSEA_RANK_WALK,20,0.5398496240601504,0.014013555304583477,0.6039433518235361,0.24253562503633297,NO_KNOWN_OVERLAP,INCLUDE_PRIMARY_INDEPENDENT,0.14363894187198065
GSE95233,SIG034,T1,T24,HALLMARK_COAGULATION,PRESET_PRIMARY,SSGSEA_RANK_WALK,20,0.2571428571428572,0.27375050350001584,0.2630465479483896,0.24253562503633297,NO_KNOWN_OVERLAP,INCLUDE_PRIMARY_INDEPENDENT,0.3519649330714489
GSE95233,SIG034,T1,T24,HALLMARK_COMPLEMENT,PRESET_PRIMARY,SSGSEA_RANK_WALK,20,-0.4466165413533834,0.04837283310926692,-0.48046575624838767,0.24253562503633297,NO_KNOWN_OVERLAP,INCLUDE_PRIMARY_INDEPENDENT,0.10883887449585057
GSE95233,SIG034,T1,T24,HALLMARK_DNA_REPAIR,HALLMARK_SECONDARY,SSGSEA_RANK_WALK,20,0.08421052631578946,0.7241036435108112,0.08441043478752601,0.24253562503633297,NO_KNOWN_OVERLAP,INCLUDE_PRIMARY_INDEPENDENT,0.9277577932482269
GSE95233,SIG034,T1,T24,HALLMARK_E2F_TARGETS,HALLMARK_SECONDARY,SSGSEA_RANK_WALK,20,0.35187969924812035,0.1281419520870412,0.3675874721839363,0.24253562503633297,NO_KNOWN_OVERLAP,INCLUDE_PRIMARY_INDEPENDENT,0.36968973789827847
GSE95233,SIG034,T1,T24,HALLMARK_EPITHELIAL_MESENCHYMAL_TRANSITION,HALLMARK_SECONDARY,SSGSEA_RANK_WALK,20,0.13684210526315788,0.5650957921363965,0.13770598992998326,0.24253562503633297,NO_KNOWN_OVERLAP,INCLUDE_PRIMARY_INDEPENDENT,0.7722975825864086
GSE95233,SIG034,T1,T24,HALLMARK_ESTROGEN_RESPONSE_EARLY,HALLMARK_SECONDARY,SSGSEA_RANK_WALK,20,-0.03609022556390977,0.8799311955207728,-0.03610590704649426,0.24253562503633297,NO_KNOWN_OVERLAP,INCLUDE_PRIMARY_INDEPENDENT,0.9799209119891911
GSE95233,SIG034,T1,T24,HALLMARK_ESTROGEN_RESPONSE_LATE,HALLMARK_SECONDARY,SSGSEA_RANK_WALK,20,0.2526315789473684,0.28255005726391946,0.2582218080351069,0.24253562503633297,NO_KNOWN_OVERLAP,INCLUDE_PRIMARY_INDEPENDENT,0.46338209391282786
GSE95233,SIG034,T1,T24,HALLMARK_FATTY_ACID_METABOLISM,HALLMARK_SECONDARY,SSGSEA_RANK_WALK,20,0.35037593984962395,0.12989410232900506,0.36587224002904456,0.24253562503633297,NO_KNOWN_OVERLAP,INCLUDE_PRIMARY_INDEPENDENT,0.36968973789827847
GSE95233,SIG034,T1,T24,HALLMARK_G2M_CHECKPOINT,HALLMARK_SECONDARY,SSGSEA_RANK_WALK,20,0.34586466165413526,0.1352523431335165,0.36073884359308556,0.24253562503633297,NO_KNOWN_OVERLAP,INCLUDE_PRIMARY_INDEPENDENT,0.36968973789827847
GSE95233,SIG034,T1,T24,HALLMARK_GLYCOLYSIS,HALLMARK_SECONDARY,SSGSEA_RANK_WALK,20,0.6781954887218045,0.001014062169915944,0.8257650639597023,0.24253562503633297,NO_KNOWN_OVERLAP,INCLUDE_PRIMARY_INDEPENDENT,0.0415765489665537
GSE95233,SIG034,T1,T24,HALLMARK_HEDGEHOG_SIGNALING,HALLMARK_SECONDARY,SSGSEA_RANK_WALK,20,-0.27669172932330827,0.23761884061099173,-0.28409595810279303,0.24253562503633297,NO_KNOWN_OVERLAP,INCLUDE_PRIMARY_INDEPENDENT,0.42358141152394174
GSE95233,SIG034,T1,T24,HALLMARK_HEME_METABOLISM,HALLMARK_SECONDARY,SSGSEA_RANK_WALK,20,-0.27669172932330827,0.23761884061099173,-0.28409595810279303,0.24253562503633297,NO_KNOWN_OVERLAP,INCLUDE_PRIMARY_INDEPENDENT,0.42358141152394174
GSE95233,SIG034,T1,T24,HALLMARK_HYPOXIA,HALLMARK_SECONDARY,SSGSEA_RANK_WALK,20,0.3037593984962406,0.19291416827770463,0.3136559613471539,0.24253562503633297,NO_KNOWN_OVERLAP,INCLUDE_PRIMARY_INDEPENDENT,0.42358141152394174
GSE95233,SIG034,T1,T24,HALLMARK_IL2_STAT5_SIGNALING,HALLMARK_SECONDARY,SSGSEA_RANK_WALK,20,-0.5112781954887218,0.021220644133224758,-0.5644588190817192,0.24253562503633297,NO_KNOWN_OVERLAP,INCLUDE_PRIMARY_INDEPENDENT,0.17400928189244302
GSE95233,SIG034,T1,T24,HALLMARK_IL6_JAK_STAT3_SIGNALING,HALLMARK_SECONDARY,SSGSEA_RANK_WALK,20,-0.4541353383458646,0.04427910416289476,-0.4898978305942217,0.24253562503633297,NO_KNOWN_OVERLAP,INCLUDE_PRIMARY_INDEPENDENT,0.22693040883483565
GSE95233,SIG034,T1,T24,HALLMARK_INFLAMMATORY_RESPONSE,PRESET_PRIMARY,SSGSEA_RANK_WALK,20,-0.19999999999999998,0.39787297935196153,-0.20273255405408216,0.24253562503633297,NO_KNOWN_OVERLAP,INCLUDE_PRIMARY_INDEPENDENT,0.44760710177095675
GSE95233,SIG034,T1,T24,HALLMARK_INTERFERON_ALPHA_RESPONSE,PRESET_PRIMARY,SSGSEA_RANK_WALK,20,-0.6796992481203006,0.0009782817239871893,-0.8285548166798875,0.24253562503633297,NO_KNOWN_OVERLAP,INCLUDE_PRIMARY_INDEPENDENT,0.0040263925153401
GSE95233,SIG034,T1,T24,HALLMARK_INTERFERON_GAMMA_RESPONSE,PRESET_PRIMARY,SSGSEA_RANK_WALK,20,-0.7398496240601502,0.00019241032720557417,-0.9501470663479484,0.24253562503633297,NO_KNOWN_OVERLAP,INCLUDE_PRIMARY_INDEPENDENT,0.0017316929448501675
GSE95233,SIG034,T1,T24,HALLMARK_KRAS_SIGNALING_DN,HALLMARK_SECONDARY,SSGSEA_RANK_WALK,20,0.28872180451127816,0.21699266668730374,0.29717126505292335,0.24253562503633297,NO_KNOWN_OVERLAP,INCLUDE_PRIMARY_INDEPENDENT,0.42358141152394174
GSE95233,SIG034,T1,T24,HALLMARK_KRAS_SIGNALING_UP,HALLMARK_SECONDARY,SSGSEA_RANK_WALK,20,-0.49624060150375937,0.026051464707248898,-0.5443061026667632,0.24253562503633297,NO_KNOWN_OVERLAP,INCLUDE_PRIMARY_INDEPENDENT,0.1780183421662008
GSE95233,SIG034,T1,T24,HALLMARK_MITOTIC_SPINDLE,HALLMARK_SECONDARY,SSGSEA_RANK_WALK,20,0.6225563909774435,0.0033722438431556664,0.7291685130631752,0.24253562503633297,NO_KNOWN_OVERLAP,INCLUDE_PRIMARY_INDEPENDENT,0.06495904459594874
GSE95233,SIG034,T1,T24,HALLMARK_MTORC1_SIGNALING,HALLMARK_SECONDARY,SSGSEA_RANK_WALK,20,0.3233082706766917,0.16438973703865015,0.3353371623539433,0.24253562503633297,NO_KNOWN_OVERLAP,INCLUDE_PRIMARY_INDEPENDENT,0.4014969583370046
GSE95233,SIG034,T1,T24,HALLMARK_MYC_TARGETS_V1,HALLMARK_SECONDARY,SSGSEA_RANK_WALK,20,-0.007518796992481202,0.9749025019933399,-0.007518938682270256,0.24253562503633297,NO_KNOWN_OVERLAP,INCLUDE_PRIMARY_INDEPENDENT,0.9799209119891911
GSE95233,SIG034,T1,T24,HALLMARK_MYC_TARGETS_V2,HALLMARK_SECONDARY,SSGSEA_RANK_WALK,20,-0.22406015037593985,0.34228635081121406,-0.22792680026048878,0.24253562503633297,NO_KNOWN_OVERLAP,INCLUDE_PRIMARY_INDEPENDENT,0.5197681623429546
GSE95233,SIG034,T1,T24,HALLMARK_MYOGENESIS,HALLMARK_SECONDARY,SSGSEA_RANK_WALK,20,0.006015037593984962,0.9799209119891911,0.006015110138271081,0.24253562503633297,NO_KNOWN_OVERLAP,INCLUDE_PRIMARY_INDEPENDENT,0.9799209119891911
GSE95233,SIG034,T1,T24,HALLMARK_NOTCH_SIGNALING,HALLMARK_SECONDARY,SSGSEA_RANK_WALK,20,-0.09624060150375939,0.6864870716570238,-0.09653939873672528,0.24253562503633297,NO_KNOWN_OVERLAP,INCLUDE_PRIMARY_INDEPENDENT,0.9079345141270315
GSE95233,SIG034,T1,T24,HALLMARK_OXIDATIVE_PHOSPHORYLATION,PRESET_PRIMARY,SSGSEA_RANK_WALK,20,0.2781954887218045,0.23497379059889356,0.28572512279121276,0.24253562503633297,NO_KNOWN_OVERLAP,INCLUDE_PRIMARY_INDEPENDENT,0.3519649330714489
GSE95233,SIG034,T1,T24,HALLMARK_P53_PATHWAY,HALLMARK_SECONDARY,SSGSEA_RANK_WALK,20,0.05864661654135337,0.8059928433862233,0.05871399252897192,0.24253562503633297,NO_KNOWN_OVERLAP,INCLUDE_PRIMARY_INDEPENDENT,0.9719325464363282
GSE95233,SIG034,T1,T24,HALLMARK_PANCREAS_BETA_CELLS,HALLMARK_SECONDARY,SSGSEA_RANK_WALK,20,-0.006015037593984962,0.9799209119891911,-0.006015110138271081,0.24253562503633297,NO_KNOWN_OVERLAP,INCLUDE_PRIMARY_INDEPENDENT,0.9799209119891911
GSE95233,SIG034,T1,T24,HALLMARK_PEROXISOME,HALLMARK_SECONDARY,SSGSEA_RANK_WALK,20,0.40451127819548865,0.07688442544807973,0.429031113487181,0.24253562503633297,NO_KNOWN_OVERLAP,INCLUDE_PRIMARY_INDEPENDENT,0.3152261443371269
GSE95233,SIG034,T1,T24,HALLMARK_PI3K_AKT_MTOR_SIGNALING,HALLMARK_SECONDARY,SSGSEA_RANK_WALK,20,-0.2827067669172932,0.22715328510473626,-0.2906215283016689,0.24253562503633297,NO_KNOWN_OVERLAP,INCLUDE_PRIMARY_INDEPENDENT,0.42358141152394174
GSE95233,SIG034,T1,T24,HALLMARK_PROTEIN_SECRETION,HALLMARK_SECONDARY,SSGSEA_RANK_WALK,20,0.04962406015037594,0.8354138453754828,0.04966485430775752,0.24253562503633297,NO_KNOWN_OVERLAP,INCLUDE_PRIMARY_INDEPENDENT,0.9786276474398513
GSE95233,SIG034,T1,T24,HALLMARK_REACTIVE_OXYGEN_SPECIES_PATHWAY,HALLMARK_SECONDARY,SSGSEA_RANK_WALK,20,0.2827067669172932,0.22715328510473626,0.2906215283016689,0.24253562503633297,NO_KNOWN_OVERLAP,INCLUDE_PRIMARY_INDEPENDENT,0.42358141152394174
GSE95233,SIG034,T1,T24,HALLMARK_SPERMATOGENESIS,HALLMARK_SECONDARY,SSGSEA_RANK_WALK,20,0.6045112781954887,0.00475310082409381,0.7002261095619944,0.24253562503633297,NO_KNOWN_OVERLAP,INCLUDE_PRIMARY_INDEPENDENT,0.06495904459594874
GSE95233,SIG034,T1,T24,HALLMARK_TGF_BETA_SIGNALING,HALLMARK_SECONDARY,SSGSEA_RANK_WALK,20,0.20300751879699244,0.39066623935419653,0.20586736056087984,0.24253562503633297,NO_KNOWN_OVERLAP,INCLUDE_PRIMARY_INDEPENDENT,0.5523212349490364
GSE95233,SIG034,T1,T24,HALLMARK_TNFA_SIGNALING_VIA_NFKB,PRESET_PRIMARY,SSGSEA_RANK_WALK,20,-0.26616541353383455,0.25667084540254065,-0.2727323041945897,0.24253562503633297,NO_KNOWN_OVERLAP,INCLUDE_PRIMARY_INDEPENDENT,0.3519649330714489
GSE95233,SIG034,T1,T24,HALLMARK_UNFOLDED_PROTEIN_RESPONSE,HALLMARK_SECONDARY,SSGSEA_RANK_WALK,20,-0.21804511278195485,0.35573636611773685,-0.22160271804550563,0.24253562503633297,NO_KNOWN_OVERLAP,INCLUDE_PRIMARY_INDEPENDENT,0.5208996789581147
GSE95233,SIG034,T1,T24,HALLMARK_UV_RESPONSE_DN,HALLMARK_SECONDARY,SSGSEA_RANK_WALK,20,0.007518796992481202,0.9749025019933399,0.007518938682270256,0.24253562503633297,NO_KNOWN_OVERLAP,INCLUDE_PRIMARY_INDEPENDENT,0.9799209119891911
GSE95233,SIG034,T1,T24,HALLMARK_UV_RESPONSE_UP,HALLMARK_SECONDARY,SSGSEA_RANK_WALK,20,0.24360902255639094,0.3006681944004437,0.24860726246197604,0.24253562503633297,NO_KNOWN_OVERLAP,INCLUDE_PRIMARY_INDEPENDENT,0.4741306142468535
GSE95233,SIG034,T1,T24,HALLMARK_WNT_BETA_CATENIN_SIGNALING,HALLMARK_SECONDARY,SSGSEA_RANK_WALK,20,-0.431578947368421,0.05742465038435194,-0.4618354195858888,0.24253562503633297,NO_KNOWN_OVERLAP,INCLUDE_PRIMARY_INDEPENDENT,0.26160118508426994
GSE95233,SIG034,T1,T24,HALLMARK_XENOBIOTIC_METABOLISM,HALLMARK_SECONDARY,SSGSEA_RANK_WALK,20,0.47518796992481205,0.03422725114507126,0.516750268681468,0.24253562503633297,NO_KNOWN_OVERLAP,INCLUDE_PRIMARY_INDEPENDENT,0.2004738995639888
GSE95233,SIG034,T1,T24,Neutrophil degranulation,REACTOME_SUPPLEMENT,SSGSEA_RANK_WALK,20,0.5082706766917292,0.022124780463792442,0.5603953085323409,0.24253562503633297,NO_KNOWN_OVERLAP,INCLUDE_PRIMARY_INDEPENDENT,0.022124780463792442
GSE95233,SIG034,T1,T24,TCR signaling,REACTOME_SUPPLEMENT,SSGSEA_RANK_WALK,20,-0.6556390977443608,0.001698366104951454,-0.78512606658422,0.24253562503633297,NO_KNOWN_OVERLAP,INCLUDE_PRIMARY_INDEPENDENT,0.003396732209902908
GSE95233,SIG034,T2,T48,HALLMARK_ADIPOGENESIS,HALLMARK_SECONDARY,SSGSEA_RANK_WALK,31,0.05362903225806453,0.7744726052681566,0.0536805348347945,0.1889822365046136,NO_KNOWN_OVERLAP,INCLUDE_PRIMARY_INDEPENDENT,0.9622235398786189
GSE95233,SIG034,T2,T48,HALLMARK_ALLOGRAFT_REJECTION,PRESET_PRIMARY,SSGSEA_RANK_WALK,31,-0.4487903225806453,0.011328430846394445,-0.48318447519478475,0.1889822365046136,NO_KNOWN_OVERLAP,INCLUDE_PRIMARY_INDEPENDENT,0.03398529253918333
GSE95233,SIG034,T2,T48,HALLMARK_ANDROGEN_RESPONSE,HALLMARK_SECONDARY,SSGSEA_RANK_WALK,31,0.41572580645161294,0.02002179808784085,0.442513616923875,0.1889822365046136,NO_KNOWN_OVERLAP,INCLUDE_PRIMARY_INDEPENDENT,0.4104468608007374
GSE95233,SIG034,T2,T48,HALLMARK_ANGIOGENESIS,HALLMARK_SECONDARY,SSGSEA_RANK_WALK,31,-0.0125,0.9467890999890155,-0.012500651102708635,0.1889822365046136,NO_KNOWN_OVERLAP,INCLUDE_PRIMARY_INDEPENDENT,0.9690889496220318
GSE95233,SIG034,T2,T48,HALLMARK_APICAL_JUNCTION,HALLMARK_SECONDARY,SSGSEA_RANK_WALK,31,-0.12459677419354842,0.5042438807488963,-0.1252476088745986,0.1889822365046136,NO_KNOWN_OVERLAP,INCLUDE_PRIMARY_INDEPENDENT,0.830623089628184
GSE95233,SIG034,T2,T48,HALLMARK_APICAL_SURFACE,HALLMARK_SECONDARY,SSGSEA_RANK_WALK,31,-0.3209677419354839,0.07831409664073877,-0.33272562508534403,0.1889822365046136,NO_KNOWN_OVERLAP,INCLUDE_PRIMARY_INDEPENDENT,0.42204431539096154
GSE95233,SIG034,T2,T48,HALLMARK_APOPTOSIS,PRESET_PRIMARY,SSGSEA_RANK_WALK,31,-0.13306451612903228,0.4754688003480889,-0.13385832060304148,0.1889822365046136,NO_KNOWN_OVERLAP,INCLUDE_PRIMARY_INDEPENDENT,0.6358585286980212
GSE95233,SIG034,T2,T48,HALLMARK_BILE_ACID_METABOLISM,HALLMARK_SECONDARY,SSGSEA_RANK_WALK,31,-0.04717741935483871,0.8010266902667218,-0.0472124672379203,0.1889822365046136,NO_KNOWN_OVERLAP,INCLUDE_PRIMARY_INDEPENDENT,0.9659439500275174
GSE95233,SIG034,T2,T48,HALLMARK_CHOLESTEROL_HOMEOSTASIS,HALLMARK_SECONDARY,SSGSEA_RANK_WALK,31,0.3056451612903226,0.09450192924994572,0.31573472462495217,0.1889822365046136,NO_KNOWN_OVERLAP,INCLUDE_PRIMARY_INDEPENDENT,0.43050878880530824
GSE95233,SIG034,T2,T48,HALLMARK_COAGULATION,PRESET_PRIMARY,SSGSEA_RANK_WALK,31,-0.07580645161290324,0.6852483330342398,-0.07595216460044209,0.1889822365046136,NO_KNOWN_OVERLAP,INCLUDE_PRIMARY_INDEPENDENT,0.6852483330342398
GSE95233,SIG034,T2,T48,HALLMARK_COMPLEMENT,PRESET_PRIMARY,SSGSEA_RANK_WALK,31,-0.15161290322580648,0.41554302669957277,-0.15279087480093728,0.1889822365046136,NO_KNOWN_OVERLAP,INCLUDE_PRIMARY_INDEPENDENT,0.6358585286980212
GSE95233,SIG034,T2,T48,HALLMARK_DNA_REPAIR,HALLMARK_SECONDARY,SSGSEA_RANK_WALK,31,-0.08870967741935484,0.6351041874688885,-0.08894347986304445,0.1889822365046136,NO_KNOWN_OVERLAP,INCLUDE_PRIMARY_INDEPENDENT,0.8979059202146356
GSE95233,SIG034,T2,T48,HALLMARK_E2F_TARGETS,HALLMARK_SECONDARY,SSGSEA_RANK_WALK,31,0.1713709677419355,0.35663940348354806,0.17307877117783832,0.1889822365046136,NO_KNOWN_OVERLAP,INCLUDE_PRIMARY_INDEPENDENT,0.7695902917276564
GSE95233,SIG034,T2,T48,HALLMARK_EPITHELIAL_MESENCHYMAL_TRANSITION,HALLMARK_SECONDARY,SSGSEA_RANK_WALK,31,-0.025,0.8938021843730026,-0.02500521028733069,0.1889822365046136,NO_KNOWN_OVERLAP,INCLUDE_PRIMARY_INDEPENDENT,0.9690889496220318
GSE95233,SIG034,T2,T48,HALLMARK_ESTROGEN_RESPONSE_EARLY,HALLMARK_SECONDARY,SSGSEA_RANK_WALK,31,-0.1306451612903226,0.4836020746738131,-0.1313961580627965,0.1889822365046136,NO_KNOWN_OVERLAP,INCLUDE_PRIMARY_INDEPENDENT,0.830623089628184
GSE95233,SIG034,T2,T48,HALLMARK_ESTROGEN_RESPONSE_LATE,HALLMARK_SECONDARY,SSGSEA_RANK_WALK,31,0.024193548387096777,0.8972096046528164,0.02419827043092509,0.1889822365046136,NO_KNOWN_OVERLAP,INCLUDE_PRIMARY_INDEPENDENT,0.9690889496220318
GSE95233,SIG034,T2,T48,HALLMARK_FATTY_ACID_METABOLISM,HALLMARK_SECONDARY,SSGSEA_RANK_WALK,31,0.11008064516129033,0.5555175321771062,0.11052854944293547,0.1889822365046136,NO_KNOWN_OVERLAP,INCLUDE_PRIMARY_INDEPENDENT,0.8435636599726428
GSE95233,SIG034,T2,T48,HALLMARK_G2M_CHECKPOINT,HALLMARK_SECONDARY,SSGSEA_RANK_WALK,31,0.19637096774193552,0.28970499833184016,0.1989551500390136,0.1889822365046136,NO_KNOWN_OVERLAP,INCLUDE_PRIMARY_INDEPENDENT,0.7336679701621374
GSE95233,SIG034,T2,T48,HALLMARK_GLYCOLYSIS,HALLMARK_SECONDARY,SSGSEA_RANK_WALK,31,0.4379032258064517,0.013747090047924517,0.46963360355130834,0.1889822365046136,NO_KNOWN_OVERLAP,INCLUDE_PRIMARY_INDEPENDENT,0.4104468608007374
GSE95233,SIG034,T2,T48,HALLMARK_HEDGEHOG_SIGNALING,HALLMARK_SECONDARY,SSGSEA_RANK_WALK,31,-0.1923387096774194,0.2999187649655265,-0.19476459209332952,0.1889822365046136,NO_KNOWN_OVERLAP,INCLUDE_PRIMARY_INDEPENDENT,0.7336679701621374
GSE95233,SIG034,T2,T48,HALLMARK_HEME_METABOLISM,HALLMARK_SECONDARY,SSGSEA_RANK_WALK,31,-0.32620967741935486,0.07329727017483427,-0.33858065879683164,0.1889822365046136,NO_KNOWN_OVERLAP,INCLUDE_PRIMARY_INDEPENDENT,0.42204431539096154
GSE95233,SIG034,T2,T48,HALLMARK_HYPOXIA,HALLMARK_SECONDARY,SSGSEA_RANK_WALK,31,0.0931451612903226,0.6182132468532753,0.09341594876967495,0.1889822365046136,NO_KNOWN_OVERLAP,INCLUDE_PRIMARY_INDEPENDENT,0.8979059202146356
GSE95233,SIG034,T2,T48,HALLMARK_IL2_STAT5_SIGNALING,HALLMARK_SECONDARY,SSGSEA_RANK_WALK,31,-0.2274193548387097,0.21855365859950487,-0.23146638022538532,0.1889822365046136,NO_KNOWN_OVERLAP,INCLUDE_PRIMARY_INDEPENDENT,0.6400500001842643
GSE95233,SIG034,T2,T48,HALLMARK_IL6_JAK_STAT3_SIGNALING,HALLMARK_SECONDARY,SSGSEA_RANK_WALK,31,0.33629032258064523,0.06435255810947361,0.34990390837474666,0.1889822365046136,NO_KNOWN_OVERLAP,INCLUDE_PRIMARY_INDEPENDENT,0.42204431539096154
GSE95233,SIG034,T2,T48,HALLMARK_INFLAMMATORY_RESPONSE,PRESET_PRIMARY,SSGSEA_RANK_WALK,31,-0.1274193548387097,0.49455663343179423,-0.1281157316936644,0.1889822365046136,NO_KNOWN_OVERLAP,INCLUDE_PRIMARY_INDEPENDENT,0.6358585286980212
GSE95233,SIG034,T2,T48,HALLMARK_INTERFERON_ALPHA_RESPONSE,PRESET_PRIMARY,SSGSEA_RANK_WALK,31,-0.5048387096774194,0.0037745908109266357,-0.5557787266300734,0.1889822365046136,NO_KNOWN_OVERLAP,INCLUDE_PRIMARY_INDEPENDENT,0.03319317354500776
GSE95233,SIG034,T2,T48,HALLMARK_INTERFERON_GAMMA_RESPONSE,PRESET_PRIMARY,SSGSEA_RANK_WALK,31,-0.4717741935483871,0.007376260787779503,-0.51235001519067,0.1889822365046136,NO_KNOWN_OVERLAP,INCLUDE_PRIMARY_INDEPENDENT,0.03319317354500776
GSE95233,SIG034,T2,T48,HALLMARK_KRAS_SIGNALING_DN,HALLMARK_SECONDARY,SSGSEA_RANK_WALK,31,-0.2548387096774194,0.16649890634193873,-0.26058081654832643,0.1889822365046136,NO_KNOWN_OVERLAP,INCLUDE_PRIMARY_INDEPENDENT,0.6205868327290444
GSE95233,SIG034,T2,T48,HALLMARK_KRAS_SIGNALING_UP,HALLMARK_SECONDARY,SSGSEA_RANK_WALK,31,-0.1842741935483871,0.3210195660694438,-0.18640354701543732,0.1889822365046136,NO_KNOWN_OVERLAP,INCLUDE_PRIMARY_INDEPENDENT,0.7336679701621374
GSE95233,SIG034,T2,T48,HALLMARK_MITOTIC_SPINDLE,HALLMARK_SECONDARY,SSGSEA_RANK_WALK,31,0.3653225806451613,0.04329000914662034,0.38301456685786606,0.1889822365046136,NO_KNOWN_OVERLAP,INCLUDE_PRIMARY_INDEPENDENT,0.42204431539096154
GSE95233,SIG034,T2,T48,HALLMARK_MTORC1_SIGNALING,HALLMARK_SECONDARY,SSGSEA_RANK_WALK,31,0.31693548387096776,0.08235011032018762,0.32823669915920534,0.1889822365046136,NO_KNOWN_OVERLAP,INCLUDE_PRIMARY_INDEPENDENT,0.42204431539096154
GSE95233,SIG034,T2,T48,HALLMARK_MYC_TARGETS_V1,HALLMARK_SECONDARY,SSGSEA_RANK_WALK,31,0.06854838709677422,0.7140601565637583,0.06865605773221437,0.1889822365046136,NO_KNOWN_OVERLAP,INCLUDE_PRIMARY_INDEPENDENT,0.9148895755973153
GSE95233,SIG034,T2,T48,HALLMARK_MYC_TARGETS_V2,HALLMARK_SECONDARY,SSGSEA_RANK_WALK,31,-0.11854838709677422,0.5253167283736072,-0.11910846606914653,0.1889822365046136,NO_KNOWN_OVERLAP,INCLUDE_PRIMARY_INDEPENDENT,0.830623089628184
GSE95233,SIG034,T2,T48,HALLMARK_MYOGENESIS,HALLMARK_SECONDARY,SSGSEA_RANK_WALK,31,-0.23064516129032261,0.21191425070181172,-0.23487077019805794,0.1889822365046136,NO_KNOWN_OVERLAP,INCLUDE_PRIMARY_INDEPENDENT,0.6400500001842643
GSE95233,SIG034,T2,T48,HALLMARK_NOTCH_SIGNALING,HALLMARK_SECONDARY,SSGSEA_RANK_WALK,31,-0.14717741935483872,0.429474435879987,-0.1482541275400265,0.1889822365046136,NO_KNOWN_OVERLAP,INCLUDE_PRIMARY_INDEPENDENT,0.830623089628184
GSE95233,SIG034,T2,T48,HALLMARK_OXIDATIVE_PHOSPHORYLATION,PRESET_PRIMARY,SSGSEA_RANK_WALK,31,0.1899193548387097,0.3061548076811116,0.19225350506400252,0.1889822365046136,NO_KNOWN_OVERLAP,INCLUDE_PRIMARY_INDEPENDENT,0.6358585286980212
GSE95233,SIG034,T2,T48,HALLMARK_P53_PATHWAY,HALLMARK_SECONDARY,SSGSEA_RANK_WALK,31,-0.0072580645161290334,0.9690889496220318,-0.007258191970562084,0.1889822365046136,NO_KNOWN_OVERLAP,INCLUDE_PRIMARY_INDEPENDENT,0.9690889496220318
GSE95233,SIG034,T2,T48,HALLMARK_PANCREAS_BETA_CELLS,HALLMARK_SECONDARY,SSGSEA_RANK_WALK,31,-0.0774193548387097,0.6789024982373919,-0.07757459107842393,0.1889822365046136,NO_KNOWN_OVERLAP,INCLUDE_PRIMARY_INDEPENDENT,0.9148895755973153
GSE95233,SIG034,T2,T48,HALLMARK_PEROXISOME,HALLMARK_SECONDARY,SSGSEA_RANK_WALK,31,0.24072580645161293,0.19206063349311017,0.24554442333244472,0.1889822365046136,NO_KNOWN_OVERLAP,INCLUDE_PRIMARY_INDEPENDENT,0.6400500001842643
GSE95233,SIG034,T2,T48,HALLMARK_PI3K_AKT_MTOR_SIGNALING,HALLMARK_SECONDARY,SSGSEA_RANK_WALK,31,0.00806451612903226,0.9656562979054862,0.008064690964941815,0.1889822365046136,NO_KNOWN_OVERLAP,INCLUDE_PRIMARY_INDEPENDENT,0.9690889496220318
GSE95233,SIG034,T2,T48,HALLMARK_PROTEIN_SECRETION,HALLMARK_SECONDARY,SSGSEA_RANK_WALK,31,0.18387096774193548,0.322098133241914,0.18598617966352501,0.1889822365046136,NO_KNOWN_OVERLAP,INCLUDE_PRIMARY_INDEPENDENT,0.7336679701621374
GSE95233,SIG034,T2,T48,HALLMARK_REACTIVE_OXYGEN_SPECIES_PATHWAY,HALLMARK_SECONDARY,SSGSEA_RANK_WALK,31,0.1350806451612903,0.4687457753418376,0.1359113546058367,0.1889822365046136,NO_KNOWN_OVERLAP,INCLUDE_PRIMARY_INDEPENDENT,0.830623089628184
GSE95233,SIG034,T2,T48,HALLMARK_SPERMATOGENESIS,HALLMARK_SECONDARY,SSGSEA_RANK_WALK,31,0.2685483870967742,0.14408187701688063,0.2752987264715706,0.1889822365046136,NO_KNOWN_OVERLAP,INCLUDE_PRIMARY_INDEPENDENT,0.5907356957692106
GSE95233,SIG034,T2,T48,HALLMARK_TGF_BETA_SIGNALING,HALLMARK_SECONDARY,SSGSEA_RANK_WALK,31,0.00846774193548387,0.9639401943189245,0.008467944330713243,0.1889822365046136,NO_KNOWN_OVERLAP,INCLUDE_PRIMARY_INDEPENDENT,0.9690889496220318
GSE95233,SIG034,T2,T48,HALLMARK_TNFA_SIGNALING_VIA_NFKB,PRESET_PRIMARY,SSGSEA_RANK_WALK,31,-0.0870967741935484,0.6412918148132429,-0.08731801635456207,0.1889822365046136,NO_KNOWN_OVERLAP,INCLUDE_PRIMARY_INDEPENDENT,0.6852483330342398
GSE95233,SIG034,T2,T48,HALLMARK_UNFOLDED_PROTEIN_RESPONSE,HALLMARK_SECONDARY,SSGSEA_RANK_WALK,31,0.03266129032258065,0.8615325286372387,0.032672911679915345,0.1889822365046136,NO_KNOWN_OVERLAP,INCLUDE_PRIMARY_INDEPENDENT,0.9690889496220318
GSE95233,SIG034,T2,T48,HALLMARK_UV_RESPONSE_DN,HALLMARK_SECONDARY,SSGSEA_RANK_WALK,31,0.07217741935483872,0.6996030385342898,0.07230315060382697,0.1889822365046136,NO_KNOWN_OVERLAP,INCLUDE_PRIMARY_INDEPENDENT,0.9148895755973153
GSE95233,SIG034,T2,T48,HALLMARK_UV_RESPONSE_UP,HALLMARK_SECONDARY,SSGSEA_RANK_WALK,31,-0.1338709677419355,0.47277359621523674,-0.13467939865090012,0.1889822365046136,NO_KNOWN_OVERLAP,INCLUDE_PRIMARY_INDEPENDENT,0.830623089628184
GSE95233,SIG034,T2,T48,HALLMARK_WNT_BETA_CATENIN_SIGNALING,HALLMARK_SECONDARY,SSGSEA_RANK_WALK,31,-0.3270161290322581,0.07254807235495975,-0.33948341264075244,0.1889822365046136,NO_KNOWN_OVERLAP,INCLUDE_PRIMARY_INDEPENDENT,0.42204431539096154
GSE95233,SIG034,T2,T48,HALLMARK_XENOBIOTIC_METABOLISM,HALLMARK_SECONDARY,SSGSEA_RANK_WALK,31,-0.11814516129032258,0.5267365934227508,-0.11869951246950511,0.1889822365046136,NO_KNOWN_OVERLAP,INCLUDE_PRIMARY_INDEPENDENT,0.830623089628184
GSE95233,SIG034,T2,T48,Neutrophil degranulation,REACTOME_SUPPLEMENT,SSGSEA_RANK_WALK,31,0.4919354838709678,0.0049408129067211575,0.5386105493433961,0.1889822365046136,NO_KNOWN_OVERLAP,INCLUDE_PRIMARY_INDEPENDENT,0.009881625813442315
GSE95233,SIG034,T2,T48,TCR signaling,REACTOME_SUPPLEMENT,SSGSEA_RANK_WALK,31,-0.3237903225806452,0.07558085414567035,-0.335875577839192,0.1889822365046136,NO_KNOWN_OVERLAP,INCLUDE_PRIMARY_INDEPENDENT,0.07558085414567035
